'20240430',111709,74500,4,'',0,17000,4,'',0,13000,4,'',0,17000,4,'',0,13000,4,'',0,17000,4,'',0,13000,4,'',0,18500,4,'',0,17000,4,'',0,14000,4,'',0
'20240501',111709,74500,4,'',0,17000,4,'',0,13000,4,'',0,17000,4,'',0,13000,4,'',0,17000,4,'',0,13000,4,'',0,18500,4,'',0,17000,4,'',0,14000,4,'',0
'20240502',111709,74500,4,'',0,17000,4,'',0,13000,4,'',0,17000,4,'',0,13000,4,'',0,17000,4,'',0,13000,4,'',0,18500,4,'',0,17000,4,'',0,14000,4,'',0
'20240503',111709,74500,4,'',0,17000,4,'',0,13000,4,'',0,17000,4,'',0,13000,4,'',0,17000,4,'',0,13000,4,'',0,18500,4,'',0,17000,4,'',0,14000,4,'',0
'20240504',111709,74500,4,'',0,17000,4,'',0,13000,4,'',0,17000,4,'',0,13000,4,'',0,17000,4,'',0,13000,4,'',0,18500,4,'',0,17000,4,'',0,14000,4,'',0
'20240505',111709,74500,4,'',0,17000,4,'',0,13000,4,'',0,17000,4,'',0,13000,4,'',0,17000,4,'',0,13000,4,'',0,18500,4,'',0,17000,4,'',0,14000,4,'',0
'20240430',171109,63000,0,'''Coupeville''',0,17000,0,'''Coupeville''',0,13000,0,'''Coupeville''',0,17000,0,'''Coupeville''',0,13000,0,'''Coupeville''',0,17000,0,'''Coupeville''',0,13000,0,'''Coupeville''',0,18500,0,'''Coupeville''',0,13000,0,'''Coupeville''',0,18500,0,'''Coupeville''',0
'20240501',171109,63000,0,'''Coupeville''',0,17000,0,'''Coupeville''',0,13000,0,'''Coupeville''',0,17000,0,'''Coupeville''',0,13000,0,'''Coupeville''',0,17000,0,'''Coupeville''',0,13000,0,'''Coupeville''',0,18500,0,'''Coupeville''',0,13000,0,'''Coupeville''',0,18500,0,'''Coupeville''',0
'20240502',171109,63000,0,'''Coupeville''',0,17000,0,'''Coupeville''',0,13000,0,'''Coupeville''',0,17000,0,'''Coupeville''',0,13000,0,'''Coupeville''',0,17000,0,'''Coupeville''',0,13000,0,'''Coupeville''',0,18500,0,'''Coupeville''',0,13000,0,'''Coupeville''',0,18500,0,'''Coupeville''',0
'20240503',171109,63000,0,'''Coupeville''',0,17000,0,'''Coupeville''',0,13000,0,'''Coupeville''',0,17000,0,'''Coupeville''',0,13000,0,'''Coupeville''',0,17000,0,'''Coupeville''',0,13000,0,'''Coupeville''',0,18500,0,'''Coupeville''',0,13000,0,'''Coupeville''',0,18500,0,'''Coupeville''',0
'20240504',171109,63000,0,'''Coupeville''',0,17000,0,'''Coupeville''',0,13000,0,'''Coupeville''',0,17000,0,'''Coupeville''',0,13000,0,'''Coupeville''',0,17000,0,'''Coupeville''',0,13000,0,'''Coupeville''',0,18500,0,'''Coupeville''',0,13000,0,'''Coupeville''',0,18500,0,'''Coupeville''',0
'20240505',171109,63000,0,'''Coupeville''',0,17000,0,'''Coupeville''',0,13000,0,'''Coupeville''',0,17000,0,'''Coupeville''',0,13000,0,'''Coupeville''',0,17000,0,'''Coupeville''',0,13000,0,'''Coupeville''',0,18500,0,'''Coupeville''',0,13000,0,'''Coupeville''',0,18500,0,'''Coupeville''',0
