'20240130',11809,71500,4,'',0,19500,4,'',0,31000,4,'',0,39500,4,'',0,38500,4,'',0,20500,4,'',0
'20240131',11809,71500,4,'',0,19500,4,'',0,31000,4,'',0,39500,4,'',0,38500,4,'',0,20500,4,'',0
'20240201',11809,71500,4,'',0,19500,4,'',0,31000,4,'',0,39500,4,'',0,38500,4,'',0,20500,4,'',0
'20240202',11809,71500,4,'',0,19500,4,'',0,31000,4,'',0,39500,4,'',0,38500,4,'',0,20500,4,'',0
'20240203',11809,64000,4,'',0,39500,4,'',0,46500,4,'',0,32500,4,'',0,33000,4,'',0
'20240204',11809,64000,4,'',0,39500,4,'',0,46500,4,'',0,32500,4,'',0,33000,4,'',0
'20240205',11809,71500,4,'',0,19500,4,'',0,31000,4,'',0,39500,4,'',0,38500,4,'',0,20500,4,'',0
'20240206',11809,71500,4,'',0,19500,4,'',0,31000,4,'',0,39500,4,'',0,38500,4,'',0,20500,4,'',0
'20240207',11809,71500,4,'',0,19500,4,'',0,31000,4,'',0,39500,4,'',0,38500,4,'',0,20500,4,'',0
'20240208',11809,71500,4,'',0,19500,4,'',0,31000,4,'',0,39500,4,'',0,38500,4,'',0,20500,4,'',0
'20240209',11809,71500,4,'',0,19500,4,'',0,31000,4,'',0,39500,4,'',0,38500,4,'',0,20500,4,'',0
'20240210',11809,64000,4,'',0,39500,4,'',0,46500,4,'',0,32500,4,'',0,33000,4,'',0
'20240211',11809,64000,4,'',0,39500,4,'',0,46500,4,'',0,32500,4,'',0,33000,4,'',0
'20240212',11809,71500,4,'',0,19500,4,'',0,31000,4,'',0,39500,4,'',0,38500,4,'',0,20500,4,'',0
'20240213',11809,71500,4,'',0,19500,4,'',0,31000,4,'',0,39500,4,'',0,38500,4,'',0,20500,4,'',0
'20240214',11809,71500,4,'',0,19500,4,'',0,31000,4,'',0,39500,4,'',0,38500,4,'',0,20500,4,'',0
'20240215',11809,71500,4,'',0,19500,4,'',0,31000,4,'',0,39500,4,'',0,38500,4,'',0,20500,4,'',0
'20240216',11809,71500,4,'',0,19500,4,'',0,31000,4,'',0,39500,4,'',0,38500,4,'',0,20500,4,'',0
'20240217',11809,64000,4,'',0,39500,4,'',0,46500,4,'',0,32500,4,'',0,33000,4,'',0
'20240218',11809,64000,4,'',0,39500,4,'',0,46500,4,'',0,32500,4,'',0,33000,4,'',0
'20240219',11809,71500,4,'',0,19500,4,'',0,31000,4,'',0,39500,4,'',0,38500,4,'',0,20500,4,'',0
'20240220',11809,71500,4,'',0,19500,4,'',0,31000,4,'',0,39500,4,'',0,38500,4,'',0,20500,4,'',0
'20240221',11809,71500,4,'',0,19500,4,'',0,31000,4,'',0,39500,4,'',0,38500,4,'',0,20500,4,'',0
'20240222',11809,71500,4,'',0,19500,4,'',0,31000,4,'',0,39500,4,'',0,38500,4,'',0,20500,4,'',0
'20240223',11809,71500,4,'',0,19500,4,'',0,31000,4,'',0,39500,4,'',0,38500,4,'',0,20500,4,'',0
'20240224',11809,64000,4,'',0,39500,4,'',0,46500,4,'',0,32500,4,'',0,33000,4,'',0
'20240225',11809,64000,4,'',0,39500,4,'',0,46500,4,'',0,32500,4,'',0,33000,4,'',0
'20240226',11809,71500,4,'',0,19500,4,'',0,31000,4,'',0,39500,4,'',0,38500,4,'',0,20500,4,'',0
'20240227',11809,71500,4,'',0,19500,4,'',0,31000,4,'',0,39500,4,'',0,38500,4,'',0,20500,4,'',0
'20240228',11809,71500,4,'',0,19500,4,'',0,31000,4,'',0,39500,4,'',0,38500,4,'',0,20500,4,'',0
'20240229',11809,71500,4,'',0,19500,4,'',0,31000,4,'',0,39500,4,'',0,38500,4,'',0,20500,4,'',0
'20240301',11809,71500,4,'',0,19500,4,'',0,31000,4,'',0,39500,4,'',0,38500,4,'',0,20500,4,'',0
'20240302',11809,64000,4,'',0,39500,4,'',0,46500,4,'',0,32500,4,'',0,33000,4,'',0
'20240303',11809,64000,4,'',0,39500,4,'',0,46500,4,'',0,32500,4,'',0,33000,4,'',0
'20240304',11809,71500,4,'',0,19500,4,'',0,31000,4,'',0,39500,4,'',0,38500,4,'',0,20500,4,'',0
'20240305',11809,71500,4,'',0,19500,4,'',0,31000,4,'',0,39500,4,'',0,38500,4,'',0,20500,4,'',0
'20240306',11809,71500,4,'',0,19500,4,'',0,31000,4,'',0,39500,4,'',0,38500,4,'',0,20500,4,'',0
'20240307',11809,71500,4,'',0,19500,4,'',0,31000,4,'',0,39500,4,'',0,38500,4,'',0,20500,4,'',0
'20240308',11809,71500,4,'',0,19500,4,'',0,31000,4,'',0,39500,4,'',0,38500,4,'',0,20500,4,'',0
'20240309',11809,64000,4,'',0,39500,4,'',0,46500,4,'',0,32500,4,'',0,33000,4,'',0
'20240310',11809,64000,4,'',0,39500,4,'',0,46500,4,'',0,32500,4,'',0,33000,4,'',0
'20240311',11809,71500,4,'',0,19500,4,'',0,31000,4,'',0,39500,4,'',0,38500,4,'',0,20500,4,'',0
'20240312',11809,71500,4,'',0,19500,4,'',0,31000,4,'',0,39500,4,'',0,38500,4,'',0,20500,4,'',0
'20240313',11809,71500,4,'',0,19500,4,'',0,31000,4,'',0,39500,4,'',0,38500,4,'',0,20500,4,'',0
'20240314',11809,71500,4,'',0,19500,4,'',0,31000,4,'',0,39500,4,'',0,38500,4,'',0,20500,4,'',0
'20240315',11809,71500,4,'',0,19500,4,'',0,31000,4,'',0,39500,4,'',0,38500,4,'',0,20500,4,'',0
'20240316',11809,64000,4,'',0,39500,4,'',0,46500,4,'',0,32500,4,'',0,33000,4,'',0
'20240317',11809,64000,4,'',0,39500,4,'',0,46500,4,'',0,32500,4,'',0,33000,4,'',0
'20240318',11809,71500,4,'',0,19500,4,'',0,31000,4,'',0,39500,4,'',0,38500,4,'',0,20500,4,'',0
'20240319',11809,71500,4,'',0,19500,4,'',0,31000,4,'',0,39500,4,'',0,38500,4,'',0,20500,4,'',0
'20240320',11809,71500,4,'',0,19500,4,'',0,31000,4,'',0,39500,4,'',0,38500,4,'',0,20500,4,'',0
'20240321',11809,71500,4,'',0,19500,4,'',0,31000,4,'',0,39500,4,'',0,38500,4,'',0,20500,4,'',0
'20240322',11809,71500,4,'',0,19500,4,'',0,31000,4,'',0,39500,4,'',0,38500,4,'',0,20500,4,'',0
'20240323',11809,64000,4,'',0,39500,4,'',0,46500,4,'',0,32500,4,'',0,33000,4,'',0
'20240324',11809,70000,4,'',0,20000,4,'',0,34000,4,'',0,39500,4,'',0,29000,4,'',0,22000,4,'',0
'20240325',11809,70000,4,'',0,20000,4,'',0,34000,4,'',0,39500,4,'',0,29000,4,'',0,22000,4,'',0
'20240326',11809,70000,4,'',0,20000,4,'',0,34000,4,'',0,39500,4,'',0,29000,4,'',0,22000,4,'',0
'20240327',11809,70000,4,'',0,20000,4,'',0,34000,4,'',0,39500,4,'',0,29000,4,'',0,22000,4,'',0
'20240328',11809,70000,4,'',0,20000,4,'',0,34000,4,'',0,39500,4,'',0,29000,4,'',0,22000,4,'',0
'20240329',11809,70000,4,'',0,20000,4,'',0,34000,4,'',0,39500,4,'',0,29000,4,'',0,22000,4,'',0
'20240330',11809,70000,4,'',0,20000,4,'',0,34000,4,'',0,39500,4,'',0,29000,4,'',0,22000,4,'',0
'20240331',11809,70000,4,'',0,20000,4,'',0,34000,4,'',0,39500,4,'',0,29000,4,'',0,22000,4,'',0
'20240401',11809,70000,4,'',0,20000,4,'',0,34000,4,'',0,39500,4,'',0,29000,4,'',0,22000,4,'',0
'20240402',11809,70000,4,'',0,20000,4,'',0,34000,4,'',0,39500,4,'',0,29000,4,'',0,22000,4,'',0
'20240403',11809,70000,4,'',0,20000,4,'',0,34000,4,'',0,39500,4,'',0,29000,4,'',0,22000,4,'',0
'20240404',11809,70000,4,'',0,20000,4,'',0,34000,4,'',0,39500,4,'',0,29000,4,'',0,22000,4,'',0
'20240405',11809,70000,4,'',0,20000,4,'',0,34000,4,'',0,39500,4,'',0,29000,4,'',0,22000,4,'',0
'20240406',11809,70000,4,'',0,20000,4,'',0,34000,4,'',0,39500,4,'',0,29000,4,'',0,22000,4,'',0
'20240407',11809,70000,4,'',0,20000,4,'',0,34000,4,'',0,39500,4,'',0,29000,4,'',0,22000,4,'',0
'20240408',11809,70000,4,'',0,20000,4,'',0,34000,4,'',0,39500,4,'',0,29000,4,'',0,22000,4,'',0
'20240409',11809,70000,4,'',0,20000,4,'',0,34000,4,'',0,39500,4,'',0,29000,4,'',0,22000,4,'',0
'20240410',11809,70000,4,'',0,20000,4,'',0,34000,4,'',0,39500,4,'',0,29000,4,'',0,22000,4,'',0
'20240411',11809,70000,4,'',0,20000,4,'',0,34000,4,'',0,39500,4,'',0,29000,4,'',0,22000,4,'',0
'20240412',11809,70000,4,'',0,20000,4,'',0,34000,4,'',0,39500,4,'',0,29000,4,'',0,22000,4,'',0
'20240413',11809,70000,4,'',0,20000,4,'',0,34000,4,'',0,39500,4,'',0,29000,4,'',0,22000,4,'',0
'20240414',11809,70000,4,'',0,20000,4,'',0,34000,4,'',0,39500,4,'',0,29000,4,'',0,22000,4,'',0
'20240415',11809,70000,4,'',0,20000,4,'',0,34000,4,'',0,39500,4,'',0,29000,4,'',0,22000,4,'',0
'20240416',11809,70000,4,'',0,20000,4,'',0,34000,4,'',0,39500,4,'',0,29000,4,'',0,22000,4,'',0
'20240417',11809,70000,4,'',0,20000,4,'',0,34000,4,'',0,39500,4,'',0,29000,4,'',0,22000,4,'',0
'20240418',11809,70000,4,'',0,20000,4,'',0,34000,4,'',0,39500,4,'',0,29000,4,'',0,22000,4,'',0
'20240419',11809,70000,4,'',0,20000,4,'',0,34000,4,'',0,39500,4,'',0,29000,4,'',0,22000,4,'',0
'20240420',11809,70000,4,'',0,20000,4,'',0,34000,4,'',0,39500,4,'',0,29000,4,'',0,22000,4,'',0
'20240421',11809,70000,4,'',0,20000,4,'',0,34000,4,'',0,39500,4,'',0,29000,4,'',0,22000,4,'',0
'20240422',11809,70000,4,'',0,20000,4,'',0,34000,4,'',0,39500,4,'',0,29000,4,'',0,22000,4,'',0
'20240423',11809,70000,4,'',0,20000,4,'',0,34000,4,'',0,39500,4,'',0,29000,4,'',0,22000,4,'',0
'20240424',11809,70000,4,'',0,20000,4,'',0,34000,4,'',0,39500,4,'',0,29000,4,'',0,22000,4,'',0
'20240425',11809,70000,4,'',0,20000,4,'',0,34000,4,'',0,39500,4,'',0,29000,4,'',0,22000,4,'',0
'20240426',11809,70000,4,'',0,20000,4,'',0,34000,4,'',0,39500,4,'',0,29000,4,'',0,22000,4,'',0
'20240427',11809,70000,4,'',0,20000,4,'',0,34000,4,'',0,39500,4,'',0,29000,4,'',0,22000,4,'',0
'20240428',11809,70000,4,'',0,20000,4,'',0,34000,4,'',0,39500,4,'',0,29000,4,'',0,22000,4,'',0
'20240429',11809,70000,4,'',0,20000,4,'',0,34000,4,'',0,39500,4,'',0,29000,4,'',0,22000,4,'',0
'20240430',11809,70000,4,'',0,20000,4,'',0,34000,4,'',0,39500,4,'',0,29000,4,'',0,22000,4,'',0
'20240501',11809,70000,4,'',0,20000,4,'',0,34000,4,'',0,39500,4,'',0,29000,4,'',0,22000,4,'',0
'20240502',11809,70000,4,'',0,20000,4,'',0,34000,4,'',0,39500,4,'',0,29000,4,'',0,22000,4,'',0
'20240503',11809,70000,4,'',0,20000,4,'',0,34000,4,'',0,39500,4,'',0,29000,4,'',0,22000,4,'',0
'20240504',11809,70000,4,'',0,20000,4,'',0,34000,4,'',0,39500,4,'',0,29000,4,'',0,22000,4,'',0
'20240505',11809,70000,4,'',0,20000,4,'',0,34000,4,'',0,39500,4,'',0,29000,4,'',0,22000,4,'',0
'20240506',11809,70000,4,'',0,20000,4,'',0,34000,4,'',0,39500,4,'',0,29000,4,'',0,22000,4,'',0
'20240507',11809,70000,4,'',0,20000,4,'',0,34000,4,'',0,39500,4,'',0,29000,4,'',0,22000,4,'',0
'20240508',11809,70000,4,'',0,20000,4,'',0,34000,4,'',0,39500,4,'',0,29000,4,'',0,22000,4,'',0
'20240509',11809,70000,4,'',0,20000,4,'',0,34000,4,'',0,39500,4,'',0,29000,4,'',0,22000,4,'',0
'20240510',11809,70000,4,'',0,20000,4,'',0,34000,4,'',0,39500,4,'',0,29000,4,'',0,22000,4,'',0
'20240511',11809,70000,4,'',0,20000,4,'',0,34000,4,'',0,39500,4,'',0,29000,4,'',0,22000,4,'',0
'20240512',11809,70000,4,'',0,20000,4,'',0,34000,4,'',0,39500,4,'',0,29000,4,'',0,22000,4,'',0
'20240513',11809,70000,4,'',0,20000,4,'',0,34000,4,'',0,39500,4,'',0,29000,4,'',0,22000,4,'',0
'20240514',11809,70000,4,'',0,20000,4,'',0,34000,4,'',0,39500,4,'',0,29000,4,'',0,22000,4,'',0
'20240515',11809,70000,4,'',0,20000,4,'',0,34000,4,'',0,39500,4,'',0,29000,4,'',0,22000,4,'',0
'20240516',11809,70000,4,'',0,20000,4,'',0,34000,4,'',0,39500,4,'',0,29000,4,'',0,22000,4,'',0
'20240517',11809,70000,4,'',0,20000,4,'',0,34000,4,'',0,39500,4,'',0,29000,4,'',0,22000,4,'',0
'20240518',11809,70000,4,'',0,20000,4,'',0,34000,4,'',0,39500,4,'',0,29000,4,'',0,22000,4,'',0
'20240519',11809,70000,4,'',0,20000,4,'',0,34000,4,'',0,39500,4,'',0,29000,4,'',0,22000,4,'',0
'20240520',11809,70000,4,'',0,20000,4,'',0,34000,4,'',0,39500,4,'',0,29000,4,'',0,22000,4,'',0
'20240521',11809,70000,4,'',0,20000,4,'',0,34000,4,'',0,39500,4,'',0,29000,4,'',0,22000,4,'',0
'20240522',11809,70000,4,'',0,20000,4,'',0,34000,4,'',0,39500,4,'',0,29000,4,'',0,22000,4,'',0
'20240523',11809,70000,4,'',0,20000,4,'',0,34000,4,'',0,39500,4,'',0,29000,4,'',0,22000,4,'',0
'20240524',11809,70000,4,'',0,20000,4,'',0,34000,4,'',0,39500,4,'',0,29000,4,'',0,22000,4,'',0
'20240525',11809,70000,4,'',0,20000,4,'',0,34000,4,'',0,39500,4,'',0,29000,4,'',0,22000,4,'',0
'20240526',11809,70000,4,'',0,20000,4,'',0,34000,4,'',0,39500,4,'',0,29000,4,'',0,22000,4,'',0
'20240527',11809,70000,4,'',0,20000,4,'',0,34000,4,'',0,39500,4,'',0,29000,4,'',0,22000,4,'',0
'20240528',11809,70000,4,'',0,20000,4,'',0,34000,4,'',0,39500,4,'',0,29000,4,'',0,22000,4,'',0
'20240529',11809,70000,4,'',0,20000,4,'',0,34000,4,'',0,39500,4,'',0,29000,4,'',0,22000,4,'',0
'20240530',11809,70000,4,'',0,20000,4,'',0,34000,4,'',0,39500,4,'',0,29000,4,'',0,22000,4,'',0
'20240531',11809,70000,4,'',0,20000,4,'',0,34000,4,'',0,39500,4,'',0,29000,4,'',0,22000,4,'',0
'20240601',11809,70000,4,'',0,20000,4,'',0,34000,4,'',0,39500,4,'',0,29000,4,'',0,22000,4,'',0
'20240602',11809,70000,4,'',0,20000,4,'',0,34000,4,'',0,39500,4,'',0,29000,4,'',0,22000,4,'',0
'20240603',11809,70000,4,'',0,20000,4,'',0,34000,4,'',0,39500,4,'',0,29000,4,'',0,22000,4,'',0
'20240604',11809,70000,4,'',0,20000,4,'',0,34000,4,'',0,39500,4,'',0,29000,4,'',0,22000,4,'',0
'20240605',11809,70000,4,'',0,20000,4,'',0,34000,4,'',0,39500,4,'',0,29000,4,'',0,22000,4,'',0
'20240606',11809,70000,4,'',0,20000,4,'',0,34000,4,'',0,39500,4,'',0,29000,4,'',0,22000,4,'',0
'20240607',11809,70000,4,'',0,20000,4,'',0,34000,4,'',0,39500,4,'',0,29000,4,'',0,22000,4,'',0
'20240608',11809,70000,4,'',0,20000,4,'',0,34000,4,'',0,39500,4,'',0,29000,4,'',0,22000,4,'',0
'20240609',11809,70000,4,'',0,20000,4,'',0,34000,4,'',0,39500,4,'',0,29000,4,'',0,22000,4,'',0
'20240610',11809,70000,4,'',0,20000,4,'',0,34000,4,'',0,39500,4,'',0,29000,4,'',0,22000,4,'',0
'20240611',11809,70000,4,'',0,20000,4,'',0,34000,4,'',0,39500,4,'',0,29000,4,'',0,22000,4,'',0
'20240612',11809,70000,4,'',0,20000,4,'',0,34000,4,'',0,39500,4,'',0,29000,4,'',0,22000,4,'',0
'20240613',11809,70000,4,'',0,20000,4,'',0,34000,4,'',0,39500,4,'',0,29000,4,'',0,22000,4,'',0
'20240614',11809,70000,4,'',0,20000,4,'',0,34000,4,'',0,39500,4,'',0,29000,4,'',0,22000,4,'',0
'20240615',11809,70000,4,'',0,20000,4,'',0,34000,4,'',0,39500,4,'',0,29000,4,'',0,22000,4,'',0
'20240130',18109,71500,,'',0,19500,,'',0,31000,,'',0,39500,,'',0,38500,,'',0
'20240131',18109,71500,,'',0,19500,,'',0,31000,,'',0,39500,,'',0,38500,,'',0
'20240201',18109,71500,,'',0,19500,,'',0,31000,,'',0,39500,,'',0,38500,,'',0
'20240202',18109,71500,,'',0,19500,,'',0,31000,,'',0,39500,,'',0,38500,,'',0
'20240203',18109,73000,,'',0,48500,,'',0,33500,,'',0,28500,,'',0,42000,,'',0
'20240204',18109,73000,,'',0,48500,,'',0,33500,,'',0,28500,,'',0,42000,,'',0
'20240205',18109,71500,,'',0,19500,,'',0,31000,,'',0,39500,,'',0,38500,,'',0
'20240206',18109,71500,,'',0,19500,,'',0,31000,,'',0,39500,,'',0,38500,,'',0
'20240207',18109,71500,,'',0,19500,,'',0,31000,,'',0,39500,,'',0,38500,,'',0
'20240208',18109,71500,,'',0,19500,,'',0,31000,,'',0,39500,,'',0,38500,,'',0
'20240209',18109,71500,,'',0,19500,,'',0,31000,,'',0,39500,,'',0,38500,,'',0
'20240210',18109,73000,,'',0,48500,,'',0,33500,,'',0,28500,,'',0,42000,,'',0
'20240211',18109,73000,,'',0,48500,,'',0,33500,,'',0,28500,,'',0,42000,,'',0
'20240212',18109,71500,,'',0,19500,,'',0,31000,,'',0,39500,,'',0,38500,,'',0
'20240213',18109,71500,,'',0,19500,,'',0,31000,,'',0,39500,,'',0,38500,,'',0
'20240214',18109,71500,,'',0,19500,,'',0,31000,,'',0,39500,,'',0,38500,,'',0
'20240215',18109,71500,,'',0,19500,,'',0,31000,,'',0,39500,,'',0,38500,,'',0
'20240216',18109,71500,,'',0,19500,,'',0,31000,,'',0,39500,,'',0,38500,,'',0
'20240217',18109,73000,,'',0,48500,,'',0,33500,,'',0,28500,,'',0,42000,,'',0
'20240218',18109,73000,,'',0,48500,,'',0,33500,,'',0,28500,,'',0,42000,,'',0
'20240219',18109,71500,,'',0,19500,,'',0,31000,,'',0,39500,,'',0,38500,,'',0
'20240220',18109,71500,,'',0,19500,,'',0,31000,,'',0,39500,,'',0,38500,,'',0
'20240221',18109,71500,,'',0,19500,,'',0,31000,,'',0,39500,,'',0,38500,,'',0
'20240222',18109,71500,,'',0,19500,,'',0,31000,,'',0,39500,,'',0,38500,,'',0
'20240223',18109,71500,,'',0,19500,,'',0,31000,,'',0,39500,,'',0,38500,,'',0
'20240224',18109,73000,,'',0,48500,,'',0,33500,,'',0,28500,,'',0,42000,,'',0
'20240225',18109,73000,,'',0,48500,,'',0,33500,,'',0,28500,,'',0,42000,,'',0
'20240226',18109,71500,,'',0,19500,,'',0,31000,,'',0,39500,,'',0,38500,,'',0
'20240227',18109,71500,,'',0,19500,,'',0,31000,,'',0,39500,,'',0,38500,,'',0
'20240228',18109,71500,,'',0,19500,,'',0,31000,,'',0,39500,,'',0,38500,,'',0
'20240229',18109,71500,,'',0,19500,,'',0,31000,,'',0,39500,,'',0,38500,,'',0
'20240301',18109,71500,,'',0,19500,,'',0,31000,,'',0,39500,,'',0,38500,,'',0
'20240302',18109,73000,,'',0,48500,,'',0,33500,,'',0,28500,,'',0,42000,,'',0
'20240303',18109,73000,,'',0,48500,,'',0,33500,,'',0,28500,,'',0,42000,,'',0
'20240304',18109,71500,,'',0,19500,,'',0,31000,,'',0,39500,,'',0,38500,,'',0
'20240305',18109,71500,,'',0,19500,,'',0,31000,,'',0,39500,,'',0,38500,,'',0
'20240306',18109,71500,,'',0,19500,,'',0,31000,,'',0,39500,,'',0,38500,,'',0
'20240307',18109,71500,,'',0,19500,,'',0,31000,,'',0,39500,,'',0,38500,,'',0
'20240308',18109,71500,,'',0,19500,,'',0,31000,,'',0,39500,,'',0,38500,,'',0
'20240309',18109,73000,,'',0,48500,,'',0,33500,,'',0,28500,,'',0,42000,,'',0
'20240310',18109,73000,,'',0,48500,,'',0,33500,,'',0,28500,,'',0,42000,,'',0
'20240311',18109,71500,,'',0,19500,,'',0,31000,,'',0,39500,,'',0,38500,,'',0
'20240312',18109,71500,,'',0,19500,,'',0,31000,,'',0,39500,,'',0,38500,,'',0
'20240313',18109,71500,,'',0,19500,,'',0,31000,,'',0,39500,,'',0,38500,,'',0
'20240314',18109,71500,,'',0,19500,,'',0,31000,,'',0,39500,,'',0,38500,,'',0
'20240315',18109,71500,,'',0,19500,,'',0,31000,,'',0,39500,,'',0,38500,,'',0
'20240316',18109,73000,,'',0,48500,,'',0,33500,,'',0,28500,,'',0,42000,,'',0
'20240317',18109,73000,,'',0,48500,,'',0,33500,,'',0,28500,,'',0,42000,,'',0
'20240318',18109,71500,,'',0,19500,,'',0,31000,,'',0,39500,,'',0,38500,,'',0
'20240319',18109,71500,,'',0,19500,,'',0,31000,,'',0,39500,,'',0,38500,,'',0
'20240320',18109,71500,,'',0,19500,,'',0,31000,,'',0,39500,,'',0,38500,,'',0
'20240321',18109,71500,,'',0,19500,,'',0,31000,,'',0,39500,,'',0,38500,,'',0
'20240322',18109,71500,,'',0,19500,,'',0,31000,,'',0,39500,,'',0,38500,,'',0
'20240323',18109,73000,,'',0,48500,,'',0,33500,,'',0,28500,,'',0,42000,,'',0
'20240324',18109,70000,,'',0,20000,,'',0,34000,,'',0,39500,,'',0,29000,,'',0,22000,,'',0
'20240325',18109,70000,,'',0,20000,,'',0,34000,,'',0,39500,,'',0,29000,,'',0,22000,,'',0
'20240326',18109,70000,,'',0,20000,,'',0,34000,,'',0,39500,,'',0,29000,,'',0,22000,,'',0
'20240327',18109,70000,,'',0,20000,,'',0,34000,,'',0,39500,,'',0,29000,,'',0,22000,,'',0
'20240328',18109,70000,,'',0,20000,,'',0,34000,,'',0,39500,,'',0,29000,,'',0,22000,,'',0
'20240329',18109,70000,,'',0,20000,,'',0,34000,,'',0,39500,,'',0,29000,,'',0,22000,,'',0
'20240330',18109,70000,,'',0,20000,,'',0,34000,,'',0,39500,,'',0,29000,,'',0,22000,,'',0
'20240331',18109,70000,,'',0,20000,,'',0,34000,,'',0,39500,,'',0,29000,,'',0,22000,,'',0
'20240401',18109,70000,,'',0,20000,,'',0,34000,,'',0,39500,,'',0,29000,,'',0,22000,,'',0
'20240402',18109,70000,,'',0,20000,,'',0,34000,,'',0,39500,,'',0,29000,,'',0,22000,,'',0
'20240403',18109,70000,,'',0,20000,,'',0,34000,,'',0,39500,,'',0,29000,,'',0,22000,,'',0
'20240404',18109,70000,,'',0,20000,,'',0,34000,,'',0,39500,,'',0,29000,,'',0,22000,,'',0
'20240405',18109,70000,,'',0,20000,,'',0,34000,,'',0,39500,,'',0,29000,,'',0,22000,,'',0
'20240406',18109,70000,,'',0,20000,,'',0,34000,,'',0,39500,,'',0,29000,,'',0,22000,,'',0
'20240407',18109,70000,,'',0,20000,,'',0,34000,,'',0,39500,,'',0,29000,,'',0,22000,,'',0
'20240408',18109,70000,,'',0,20000,,'',0,34000,,'',0,39500,,'',0,29000,,'',0,22000,,'',0
'20240409',18109,70000,,'',0,20000,,'',0,34000,,'',0,39500,,'',0,29000,,'',0,22000,,'',0
'20240410',18109,70000,,'',0,20000,,'',0,34000,,'',0,39500,,'',0,29000,,'',0,22000,,'',0
'20240411',18109,70000,,'',0,20000,,'',0,34000,,'',0,39500,,'',0,29000,,'',0,22000,,'',0
'20240412',18109,70000,,'',0,20000,,'',0,34000,,'',0,39500,,'',0,29000,,'',0,22000,,'',0
'20240413',18109,70000,,'',0,20000,,'',0,34000,,'',0,39500,,'',0,29000,,'',0,22000,,'',0
'20240414',18109,70000,,'',0,20000,,'',0,34000,,'',0,39500,,'',0,29000,,'',0,22000,,'',0
'20240415',18109,70000,,'',0,20000,,'',0,34000,,'',0,39500,,'',0,29000,,'',0,22000,,'',0
'20240416',18109,70000,,'',0,20000,,'',0,34000,,'',0,39500,,'',0,29000,,'',0,22000,,'',0
'20240417',18109,70000,,'',0,20000,,'',0,34000,,'',0,39500,,'',0,29000,,'',0,22000,,'',0
'20240418',18109,70000,,'',0,20000,,'',0,34000,,'',0,39500,,'',0,29000,,'',0,22000,,'',0
'20240419',18109,70000,,'',0,20000,,'',0,34000,,'',0,39500,,'',0,29000,,'',0,22000,,'',0
'20240420',18109,70000,,'',0,20000,,'',0,34000,,'',0,39500,,'',0,29000,,'',0,22000,,'',0
'20240421',18109,70000,,'',0,20000,,'',0,34000,,'',0,39500,,'',0,29000,,'',0,22000,,'',0
'20240422',18109,70000,,'',0,20000,,'',0,34000,,'',0,39500,,'',0,29000,,'',0,22000,,'',0
'20240423',18109,70000,,'',0,20000,,'',0,34000,,'',0,39500,,'',0,29000,,'',0,22000,,'',0
'20240424',18109,70000,,'',0,20000,,'',0,34000,,'',0,39500,,'',0,29000,,'',0,22000,,'',0
'20240425',18109,70000,,'',0,20000,,'',0,34000,,'',0,39500,,'',0,29000,,'',0,22000,,'',0
'20240426',18109,70000,,'',0,20000,,'',0,34000,,'',0,39500,,'',0,29000,,'',0,22000,,'',0
'20240427',18109,70000,,'',0,20000,,'',0,34000,,'',0,39500,,'',0,29000,,'',0,22000,,'',0
'20240428',18109,70000,,'',0,20000,,'',0,34000,,'',0,39500,,'',0,29000,,'',0,22000,,'',0
'20240429',18109,70000,,'',0,20000,,'',0,34000,,'',0,39500,,'',0,29000,,'',0,22000,,'',0
'20240430',18109,70000,,'',0,20000,,'',0,34000,,'',0,39500,,'',0,29000,,'',0,22000,,'',0
'20240501',18109,70000,,'',0,20000,,'',0,34000,,'',0,39500,,'',0,29000,,'',0,22000,,'',0
'20240502',18109,70000,,'',0,20000,,'',0,34000,,'',0,39500,,'',0,29000,,'',0,22000,,'',0
'20240503',18109,70000,,'',0,20000,,'',0,34000,,'',0,39500,,'',0,29000,,'',0,22000,,'',0
'20240504',18109,70000,,'',0,20000,,'',0,34000,,'',0,39500,,'',0,29000,,'',0,22000,,'',0
'20240505',18109,70000,,'',0,20000,,'',0,34000,,'',0,39500,,'',0,29000,,'',0,22000,,'',0
'20240506',18109,70000,,'',0,20000,,'',0,34000,,'',0,39500,,'',0,29000,,'',0,22000,,'',0
'20240507',18109,70000,,'',0,20000,,'',0,34000,,'',0,39500,,'',0,29000,,'',0,22000,,'',0
'20240508',18109,70000,,'',0,20000,,'',0,34000,,'',0,39500,,'',0,29000,,'',0,22000,,'',0
'20240509',18109,70000,,'',0,20000,,'',0,34000,,'',0,39500,,'',0,29000,,'',0,22000,,'',0
'20240510',18109,70000,,'',0,20000,,'',0,34000,,'',0,39500,,'',0,29000,,'',0,22000,,'',0
'20240511',18109,70000,,'',0,20000,,'',0,34000,,'',0,39500,,'',0,29000,,'',0,22000,,'',0
'20240512',18109,70000,,'',0,20000,,'',0,34000,,'',0,39500,,'',0,29000,,'',0,22000,,'',0
'20240513',18109,70000,,'',0,20000,,'',0,34000,,'',0,39500,,'',0,29000,,'',0,22000,,'',0
'20240514',18109,70000,,'',0,20000,,'',0,34000,,'',0,39500,,'',0,29000,,'',0,22000,,'',0
'20240515',18109,70000,,'',0,20000,,'',0,34000,,'',0,39500,,'',0,29000,,'',0,22000,,'',0
'20240516',18109,70000,,'',0,20000,,'',0,34000,,'',0,39500,,'',0,29000,,'',0,22000,,'',0
'20240517',18109,70000,,'',0,20000,,'',0,34000,,'',0,39500,,'',0,29000,,'',0,22000,,'',0
'20240518',18109,70000,,'',0,20000,,'',0,34000,,'',0,39500,,'',0,29000,,'',0,22000,,'',0
'20240519',18109,70000,,'',0,20000,,'',0,34000,,'',0,39500,,'',0,29000,,'',0,22000,,'',0
'20240520',18109,70000,,'',0,20000,,'',0,34000,,'',0,39500,,'',0,29000,,'',0,22000,,'',0
'20240521',18109,70000,,'',0,20000,,'',0,34000,,'',0,39500,,'',0,29000,,'',0,22000,,'',0
'20240522',18109,70000,,'',0,20000,,'',0,34000,,'',0,39500,,'',0,29000,,'',0,22000,,'',0
'20240523',18109,70000,,'',0,20000,,'',0,34000,,'',0,39500,,'',0,29000,,'',0,22000,,'',0
'20240524',18109,70000,,'',0,20000,,'',0,34000,,'',0,39500,,'',0,29000,,'',0,22000,,'',0
'20240525',18109,70000,,'',0,20000,,'',0,34000,,'',0,39500,,'',0,29000,,'',0,22000,,'',0
'20240526',18109,70000,,'',0,20000,,'',0,34000,,'',0,39500,,'',0,29000,,'',0,22000,,'',0
'20240527',18109,70000,,'',0,20000,,'',0,34000,,'',0,39500,,'',0,29000,,'',0,22000,,'',0
'20240528',18109,70000,,'',0,20000,,'',0,34000,,'',0,39500,,'',0,29000,,'',0,22000,,'',0
'20240529',18109,70000,,'',0,20000,,'',0,34000,,'',0,39500,,'',0,29000,,'',0,22000,,'',0
'20240530',18109,70000,,'',0,20000,,'',0,34000,,'',0,39500,,'',0,29000,,'',0,22000,,'',0
'20240531',18109,70000,,'',0,20000,,'',0,34000,,'',0,39500,,'',0,29000,,'',0,22000,,'',0
'20240601',18109,70000,,'',0,20000,,'',0,34000,,'',0,39500,,'',0,29000,,'',0,22000,,'',0
'20240602',18109,70000,,'',0,20000,,'',0,34000,,'',0,39500,,'',0,29000,,'',0,22000,,'',0
'20240603',18109,70000,,'',0,20000,,'',0,34000,,'',0,39500,,'',0,29000,,'',0,22000,,'',0
'20240604',18109,70000,,'',0,20000,,'',0,34000,,'',0,39500,,'',0,29000,,'',0,22000,,'',0
'20240605',18109,70000,,'',0,20000,,'',0,34000,,'',0,39500,,'',0,29000,,'',0,22000,,'',0
'20240606',18109,70000,,'',0,20000,,'',0,34000,,'',0,39500,,'',0,29000,,'',0,22000,,'',0
'20240607',18109,70000,,'',0,20000,,'',0,34000,,'',0,39500,,'',0,29000,,'',0,22000,,'',0
'20240608',18109,70000,,'',0,20000,,'',0,34000,,'',0,39500,,'',0,29000,,'',0,22000,,'',0
'20240609',18109,70000,,'',0,20000,,'',0,34000,,'',0,39500,,'',0,29000,,'',0,22000,,'',0
'20240610',18109,70000,,'',0,20000,,'',0,34000,,'',0,39500,,'',0,29000,,'',0,22000,,'',0
'20240611',18109,70000,,'',0,20000,,'',0,34000,,'',0,39500,,'',0,29000,,'',0,22000,,'',0
'20240612',18109,70000,,'',0,20000,,'',0,34000,,'',0,39500,,'',0,29000,,'',0,22000,,'',0
'20240613',18109,70000,,'',0,20000,,'',0,34000,,'',0,39500,,'',0,29000,,'',0,22000,,'',0
'20240614',18109,70000,,'',0,20000,,'',0,34000,,'',0,39500,,'',0,29000,,'',0,22000,,'',0
'20240615',18109,70000,,'',0,20000,,'',0,34000,,'',0,39500,,'',0,29000,,'',0,22000,,'',0
'20240130',101809,65500,4,'',0,27500,4,'',0,31000,4,'',0,27000,4,'',0,31500,4,'',0
'20240131',101809,65500,4,'',0,27500,4,'',0,31000,4,'',0,27000,4,'',0,31500,4,'',0
'20240201',101809,65500,4,'',0,27500,4,'',0,31000,4,'',0,27000,4,'',0,31500,4,'',0
'20240202',101809,65500,4,'',0,27500,4,'',0,31000,4,'',0,27000,4,'',0,31500,4,'',0
'20240203',101809,73000,4,'',0,48500,4,'',0,33500,4,'',0,28500,4,'',0,42000,4,'',0
'20240204',101809,73000,4,'',0,48500,4,'',0,33500,4,'',0,28500,4,'',0,42000,4,'',0
'20240205',101809,65500,4,'',0,27500,4,'',0,31000,4,'',0,27000,4,'',0,31500,4,'',0
'20240206',101809,65500,4,'',0,27500,4,'',0,31000,4,'',0,27000,4,'',0,31500,4,'',0
'20240207',101809,65500,4,'',0,27500,4,'',0,31000,4,'',0,27000,4,'',0,31500,4,'',0
'20240208',101809,65500,4,'',0,27500,4,'',0,31000,4,'',0,27000,4,'',0,31500,4,'',0
'20240209',101809,65500,4,'',0,27500,4,'',0,31000,4,'',0,27000,4,'',0,31500,4,'',0
'20240210',101809,73000,4,'',0,48500,4,'',0,33500,4,'',0,28500,4,'',0,42000,4,'',0
'20240211',101809,73000,4,'',0,48500,4,'',0,33500,4,'',0,28500,4,'',0,42000,4,'',0
'20240212',101809,65500,4,'',0,27500,4,'',0,31000,4,'',0,27000,4,'',0,31500,4,'',0
'20240213',101809,65500,4,'',0,27500,4,'',0,31000,4,'',0,27000,4,'',0,31500,4,'',0
'20240214',101809,65500,4,'',0,27500,4,'',0,31000,4,'',0,27000,4,'',0,31500,4,'',0
'20240215',101809,65500,4,'',0,27500,4,'',0,31000,4,'',0,27000,4,'',0,31500,4,'',0
'20240216',101809,65500,4,'',0,27500,4,'',0,31000,4,'',0,27000,4,'',0,31500,4,'',0
'20240217',101809,73000,4,'',0,48500,4,'',0,33500,4,'',0,28500,4,'',0,42000,4,'',0
'20240218',101809,73000,4,'',0,48500,4,'',0,33500,4,'',0,28500,4,'',0,42000,4,'',0
'20240219',101809,65500,4,'',0,27500,4,'',0,31000,4,'',0,27000,4,'',0,31500,4,'',0
'20240220',101809,65500,4,'',0,27500,4,'',0,31000,4,'',0,27000,4,'',0,31500,4,'',0
'20240221',101809,65500,4,'',0,27500,4,'',0,31000,4,'',0,27000,4,'',0,31500,4,'',0
'20240222',101809,65500,4,'',0,27500,4,'',0,31000,4,'',0,27000,4,'',0,31500,4,'',0
'20240223',101809,65500,4,'',0,27500,4,'',0,31000,4,'',0,27000,4,'',0,31500,4,'',0
'20240224',101809,73000,4,'',0,48500,4,'',0,33500,4,'',0,28500,4,'',0,42000,4,'',0
'20240225',101809,73000,4,'',0,48500,4,'',0,33500,4,'',0,28500,4,'',0,42000,4,'',0
'20240226',101809,65500,4,'',0,27500,4,'',0,31000,4,'',0,27000,4,'',0,31500,4,'',0
'20240227',101809,65500,4,'',0,27500,4,'',0,31000,4,'',0,27000,4,'',0,31500,4,'',0
'20240228',101809,65500,4,'',0,27500,4,'',0,31000,4,'',0,27000,4,'',0,31500,4,'',0
'20240229',101809,65500,4,'',0,27500,4,'',0,31000,4,'',0,27000,4,'',0,31500,4,'',0
'20240301',101809,65500,4,'',0,27500,4,'',0,31000,4,'',0,27000,4,'',0,31500,4,'',0
'20240302',101809,73000,4,'',0,48500,4,'',0,33500,4,'',0,28500,4,'',0,42000,4,'',0
'20240303',101809,73000,4,'',0,48500,4,'',0,33500,4,'',0,28500,4,'',0,42000,4,'',0
'20240304',101809,65500,4,'',0,27500,4,'',0,31000,4,'',0,27000,4,'',0,31500,4,'',0
'20240305',101809,65500,4,'',0,27500,4,'',0,31000,4,'',0,27000,4,'',0,31500,4,'',0
'20240306',101809,65500,4,'',0,27500,4,'',0,31000,4,'',0,27000,4,'',0,31500,4,'',0
'20240307',101809,65500,4,'',0,27500,4,'',0,31000,4,'',0,27000,4,'',0,31500,4,'',0
'20240308',101809,65500,4,'',0,27500,4,'',0,31000,4,'',0,27000,4,'',0,31500,4,'',0
'20240309',101809,73000,4,'',0,48500,4,'',0,33500,4,'',0,28500,4,'',0,42000,4,'',0
'20240310',101809,73000,4,'',0,48500,4,'',0,33500,4,'',0,28500,4,'',0,42000,4,'',0
'20240311',101809,65500,4,'',0,27500,4,'',0,31000,4,'',0,27000,4,'',0,31500,4,'',0
'20240312',101809,65500,4,'',0,27500,4,'',0,31000,4,'',0,27000,4,'',0,31500,4,'',0
'20240313',101809,65500,4,'',0,27500,4,'',0,31000,4,'',0,27000,4,'',0,31500,4,'',0
'20240314',101809,65500,4,'',0,27500,4,'',0,31000,4,'',0,27000,4,'',0,31500,4,'',0
'20240315',101809,65500,4,'',0,27500,4,'',0,31000,4,'',0,27000,4,'',0,31500,4,'',0
'20240316',101809,73000,4,'',0,48500,4,'',0,33500,4,'',0,28500,4,'',0,42000,4,'',0
'20240317',101809,73000,4,'',0,48500,4,'',0,33500,4,'',0,28500,4,'',0,42000,4,'',0
'20240318',101809,65500,4,'',0,27500,4,'',0,31000,4,'',0,27000,4,'',0,31500,4,'',0
'20240319',101809,65500,4,'',0,27500,4,'',0,31000,4,'',0,27000,4,'',0,31500,4,'',0
'20240320',101809,65500,4,'',0,27500,4,'',0,31000,4,'',0,27000,4,'',0,31500,4,'',0
'20240321',101809,65500,4,'',0,27500,4,'',0,31000,4,'',0,27000,4,'',0,31500,4,'',0
'20240322',101809,65500,4,'',0,27500,4,'',0,31000,4,'',0,27000,4,'',0,31500,4,'',0
'20240323',101809,73000,4,'',0,48500,4,'',0,33500,4,'',0,28500,4,'',0,42000,4,'',0
'20240324',101809,71500,4,'',0,21500,4,'',0,29000,4,'',0,68000,4,'',0
'20240325',101809,71500,4,'',0,21500,4,'',0,29000,4,'',0,30500,4,'',0,37500,4,'',0
'20240326',101809,71500,4,'',0,21500,4,'',0,29000,4,'',0,30500,4,'',0,37500,4,'',0
'20240327',101809,71500,4,'',0,21500,4,'',0,29000,4,'',0,30500,4,'',0,37500,4,'',0
'20240328',101809,71500,4,'',0,21500,4,'',0,29000,4,'',0,30500,4,'',0,37500,4,'',0
'20240329',101809,71500,4,'',0,21500,4,'',0,29000,4,'',0,30500,4,'',0,37500,4,'',0
'20240330',101809,71500,4,'',0,21500,4,'',0,29000,4,'',0,30500,4,'',0,37500,4,'',0
'20240331',101809,71500,4,'',0,21500,4,'',0,29000,4,'',0,68000,4,'',0
'20240401',101809,71500,4,'',0,21500,4,'',0,29000,4,'',0,30500,4,'',0,37500,4,'',0
'20240402',101809,71500,4,'',0,21500,4,'',0,29000,4,'',0,30500,4,'',0,37500,4,'',0
'20240403',101809,71500,4,'',0,21500,4,'',0,29000,4,'',0,30500,4,'',0,37500,4,'',0
'20240404',101809,71500,4,'',0,21500,4,'',0,29000,4,'',0,30500,4,'',0,37500,4,'',0
'20240405',101809,71500,4,'',0,21500,4,'',0,29000,4,'',0,30500,4,'',0,37500,4,'',0
'20240406',101809,71500,4,'',0,21500,4,'',0,29000,4,'',0,30500,4,'',0,37500,4,'',0
'20240407',101809,71500,4,'',0,21500,4,'',0,29000,4,'',0,68000,4,'',0
'20240408',101809,71500,4,'',0,21500,4,'',0,29000,4,'',0,30500,4,'',0,37500,4,'',0
'20240409',101809,71500,4,'',0,21500,4,'',0,29000,4,'',0,30500,4,'',0,37500,4,'',0
'20240410',101809,71500,4,'',0,21500,4,'',0,29000,4,'',0,30500,4,'',0,37500,4,'',0
'20240411',101809,71500,4,'',0,21500,4,'',0,29000,4,'',0,30500,4,'',0,37500,4,'',0
'20240412',101809,71500,4,'',0,21500,4,'',0,29000,4,'',0,30500,4,'',0,37500,4,'',0
'20240413',101809,71500,4,'',0,21500,4,'',0,29000,4,'',0,30500,4,'',0,37500,4,'',0
'20240414',101809,71500,4,'',0,21500,4,'',0,29000,4,'',0,68000,4,'',0
'20240415',101809,71500,4,'',0,21500,4,'',0,29000,4,'',0,30500,4,'',0,37500,4,'',0
'20240416',101809,71500,4,'',0,21500,4,'',0,29000,4,'',0,30500,4,'',0,37500,4,'',0
'20240417',101809,71500,4,'',0,21500,4,'',0,29000,4,'',0,30500,4,'',0,37500,4,'',0
'20240418',101809,71500,4,'',0,21500,4,'',0,29000,4,'',0,30500,4,'',0,37500,4,'',0
'20240419',101809,71500,4,'',0,21500,4,'',0,29000,4,'',0,30500,4,'',0,37500,4,'',0
'20240420',101809,71500,4,'',0,21500,4,'',0,29000,4,'',0,30500,4,'',0,37500,4,'',0
'20240421',101809,71500,4,'',0,21500,4,'',0,29000,4,'',0,68000,4,'',0
'20240422',101809,71500,4,'',0,21500,4,'',0,29000,4,'',0,30500,4,'',0,37500,4,'',0
'20240423',101809,71500,4,'',0,21500,4,'',0,29000,4,'',0,30500,4,'',0,37500,4,'',0
'20240424',101809,71500,4,'',0,21500,4,'',0,29000,4,'',0,30500,4,'',0,37500,4,'',0
'20240425',101809,71500,4,'',0,21500,4,'',0,29000,4,'',0,30500,4,'',0,37500,4,'',0
'20240426',101809,71500,4,'',0,21500,4,'',0,29000,4,'',0,30500,4,'',0,37500,4,'',0
'20240427',101809,71500,4,'',0,21500,4,'',0,29000,4,'',0,30500,4,'',0,37500,4,'',0
'20240428',101809,71500,4,'',0,21500,4,'',0,29000,4,'',0,68000,4,'',0
'20240429',101809,71500,4,'',0,21500,4,'',0,29000,4,'',0,30500,4,'',0,37500,4,'',0
'20240430',101809,71500,4,'',0,21500,4,'',0,29000,4,'',0,30500,4,'',0,37500,4,'',0
'20240501',101809,71500,4,'',0,21500,4,'',0,29000,4,'',0,30500,4,'',0,37500,4,'',0
'20240502',101809,71500,4,'',0,21500,4,'',0,29000,4,'',0,30500,4,'',0,37500,4,'',0
'20240503',101809,71500,4,'',0,21500,4,'',0,29000,4,'',0,30500,4,'',0,37500,4,'',0
'20240504',101809,71500,4,'',0,21500,4,'',0,29000,4,'',0,30500,4,'',0,37500,4,'',0
'20240505',101809,71500,4,'',0,21500,4,'',0,29000,4,'',0,68000,4,'',0
'20240506',101809,71500,4,'',0,21500,4,'',0,29000,4,'',0,30500,4,'',0,37500,4,'',0
'20240507',101809,71500,4,'',0,21500,4,'',0,29000,4,'',0,30500,4,'',0,37500,4,'',0
'20240508',101809,71500,4,'',0,21500,4,'',0,29000,4,'',0,30500,4,'',0,37500,4,'',0
'20240509',101809,71500,4,'',0,21500,4,'',0,29000,4,'',0,30500,4,'',0,37500,4,'',0
'20240510',101809,71500,4,'',0,21500,4,'',0,29000,4,'',0,30500,4,'',0,37500,4,'',0
'20240511',101809,71500,4,'',0,21500,4,'',0,29000,4,'',0,30500,4,'',0,37500,4,'',0
'20240512',101809,71500,4,'',0,21500,4,'',0,29000,4,'',0,68000,4,'',0
'20240513',101809,71500,4,'',0,21500,4,'',0,29000,4,'',0,30500,4,'',0,37500,4,'',0
'20240514',101809,71500,4,'',0,21500,4,'',0,29000,4,'',0,30500,4,'',0,37500,4,'',0
'20240515',101809,71500,4,'',0,21500,4,'',0,29000,4,'',0,30500,4,'',0,37500,4,'',0
'20240516',101809,71500,4,'',0,21500,4,'',0,29000,4,'',0,30500,4,'',0,37500,4,'',0
'20240517',101809,71500,4,'',0,21500,4,'',0,29000,4,'',0,30500,4,'',0,37500,4,'',0
'20240518',101809,71500,4,'',0,21500,4,'',0,29000,4,'',0,30500,4,'',0,37500,4,'',0
'20240519',101809,71500,4,'',0,21500,4,'',0,29000,4,'',0,68000,4,'',0
'20240520',101809,71500,4,'',0,21500,4,'',0,29000,4,'',0,30500,4,'',0,37500,4,'',0
'20240521',101809,71500,4,'',0,21500,4,'',0,29000,4,'',0,30500,4,'',0,37500,4,'',0
'20240522',101809,71500,4,'',0,21500,4,'',0,29000,4,'',0,30500,4,'',0,37500,4,'',0
'20240523',101809,71500,4,'',0,21500,4,'',0,29000,4,'',0,30500,4,'',0,37500,4,'',0
'20240524',101809,71500,4,'',0,21500,4,'',0,29000,4,'',0,30500,4,'',0,37500,4,'',0
'20240525',101809,71500,4,'',0,21500,4,'',0,29000,4,'',0,30500,4,'',0,37500,4,'',0
'20240526',101809,71500,4,'',0,21500,4,'',0,29000,4,'',0,68000,4,'',0
'20240527',101809,71500,4,'',0,21500,4,'',0,29000,4,'',0,68000,4,'',0
'20240528',101809,71500,4,'',0,21500,4,'',0,29000,4,'',0,30500,4,'',0,37500,4,'',0
'20240529',101809,71500,4,'',0,21500,4,'',0,29000,4,'',0,30500,4,'',0,37500,4,'',0
'20240530',101809,71500,4,'',0,21500,4,'',0,29000,4,'',0,30500,4,'',0,37500,4,'',0
'20240531',101809,71500,4,'',0,21500,4,'',0,29000,4,'',0,30500,4,'',0,37500,4,'',0
'20240601',101809,71500,4,'',0,21500,4,'',0,29000,4,'',0,30500,4,'',0,37500,4,'',0
'20240602',101809,71500,4,'',0,21500,4,'',0,29000,4,'',0,68000,4,'',0
'20240603',101809,71500,4,'',0,21500,4,'',0,29000,4,'',0,30500,4,'',0,37500,4,'',0
'20240604',101809,71500,4,'',0,21500,4,'',0,29000,4,'',0,30500,4,'',0,37500,4,'',0
'20240605',101809,71500,4,'',0,21500,4,'',0,29000,4,'',0,30500,4,'',0,37500,4,'',0
'20240606',101809,71500,4,'',0,21500,4,'',0,29000,4,'',0,30500,4,'',0,37500,4,'',0
'20240607',101809,71500,4,'',0,21500,4,'',0,29000,4,'',0,30500,4,'',0,37500,4,'',0
'20240608',101809,71500,4,'',0,21500,4,'',0,29000,4,'',0,30500,4,'',0,37500,4,'',0
'20240609',101809,71500,4,'',0,21500,4,'',0,29000,4,'',0,68000,4,'',0
'20240610',101809,71500,4,'',0,21500,4,'',0,29000,4,'',0,30500,4,'',0,37500,4,'',0
'20240611',101809,71500,4,'',0,21500,4,'',0,29000,4,'',0,30500,4,'',0,37500,4,'',0
'20240612',101809,71500,4,'',0,21500,4,'',0,29000,4,'',0,30500,4,'',0,37500,4,'',0
'20240613',101809,71500,4,'',0,21500,4,'',0,29000,4,'',0,30500,4,'',0,37500,4,'',0
'20240614',101809,71500,4,'',0,21500,4,'',0,29000,4,'',0,30500,4,'',0,37500,4,'',0
'20240615',101809,71500,4,'',0,21500,4,'',0,29000,4,'',0,30500,4,'',0,37500,4,'',0
'20240130',131809,71500,4,'',0,30000,4,'',0,54000,4,'',0,6000,4,'',0,59000,4,'',0
'20240131',131809,71500,4,'',0,30000,4,'',0,54000,4,'',0,6000,4,'',0,59000,4,'',0
'20240201',131809,71500,4,'',0,30000,4,'',0,54000,4,'',0,6000,4,'',0,59000,4,'',0
'20240202',131809,71500,4,'',0,30000,4,'',0,54000,4,'',0,6000,4,'',0,59000,4,'',0
'20240203',131809,64000,4,'',0,39500,4,'',0,46500,4,'',0,32500,4,'',0,33000,4,'',0
'20240204',131809,64000,4,'',0,39500,4,'',0,46500,4,'',0,32500,4,'',0,33000,4,'',0
'20240205',131809,71500,4,'',0,30000,4,'',0,54000,4,'',0,6000,4,'',0,59000,4,'',0
'20240206',131809,71500,4,'',0,30000,4,'',0,54000,4,'',0,6000,4,'',0,59000,4,'',0
'20240207',131809,71500,4,'',0,30000,4,'',0,54000,4,'',0,6000,4,'',0,59000,4,'',0
'20240208',131809,71500,4,'',0,30000,4,'',0,54000,4,'',0,6000,4,'',0,59000,4,'',0
'20240209',131809,71500,4,'',0,30000,4,'',0,54000,4,'',0,6000,4,'',0,59000,4,'',0
'20240210',131809,64000,4,'',0,39500,4,'',0,46500,4,'',0,32500,4,'',0,33000,4,'',0
'20240211',131809,64000,4,'',0,39500,4,'',0,46500,4,'',0,32500,4,'',0,33000,4,'',0
'20240212',131809,71500,4,'',0,30000,4,'',0,54000,4,'',0,6000,4,'',0,59000,4,'',0
'20240213',131809,71500,4,'',0,30000,4,'',0,54000,4,'',0,6000,4,'',0,59000,4,'',0
'20240214',131809,71500,4,'',0,30000,4,'',0,54000,4,'',0,6000,4,'',0,59000,4,'',0
'20240215',131809,71500,4,'',0,30000,4,'',0,54000,4,'',0,6000,4,'',0,59000,4,'',0
'20240216',131809,71500,4,'',0,30000,4,'',0,54000,4,'',0,6000,4,'',0,59000,4,'',0
'20240217',131809,64000,4,'',0,39500,4,'',0,46500,4,'',0,32500,4,'',0,33000,4,'',0
'20240218',131809,64000,4,'',0,39500,4,'',0,46500,4,'',0,32500,4,'',0,33000,4,'',0
'20240219',131809,71500,4,'',0,30000,4,'',0,54000,4,'',0,6000,4,'',0,59000,4,'',0
'20240220',131809,71500,4,'',0,30000,4,'',0,54000,4,'',0,6000,4,'',0,59000,4,'',0
'20240221',131809,71500,4,'',0,30000,4,'',0,54000,4,'',0,6000,4,'',0,59000,4,'',0
'20240222',131809,71500,4,'',0,30000,4,'',0,54000,4,'',0,6000,4,'',0,59000,4,'',0
'20240223',131809,71500,4,'',0,30000,4,'',0,54000,4,'',0,6000,4,'',0,59000,4,'',0
'20240224',131809,64000,4,'',0,39500,4,'',0,46500,4,'',0,32500,4,'',0,33000,4,'',0
'20240225',131809,64000,4,'',0,39500,4,'',0,46500,4,'',0,32500,4,'',0,33000,4,'',0
'20240226',131809,71500,4,'',0,30000,4,'',0,54000,4,'',0,6000,4,'',0,59000,4,'',0
'20240227',131809,71500,4,'',0,30000,4,'',0,54000,4,'',0,6000,4,'',0,59000,4,'',0
'20240228',131809,71500,4,'',0,30000,4,'',0,54000,4,'',0,6000,4,'',0,59000,4,'',0
'20240229',131809,71500,4,'',0,30000,4,'',0,54000,4,'',0,6000,4,'',0,59000,4,'',0
'20240301',131809,71500,4,'',0,30000,4,'',0,54000,4,'',0,6000,4,'',0,59000,4,'',0
'20240302',131809,64000,4,'',0,39500,4,'',0,46500,4,'',0,32500,4,'',0,33000,4,'',0
'20240303',131809,64000,4,'',0,39500,4,'',0,46500,4,'',0,32500,4,'',0,33000,4,'',0
'20240304',131809,71500,4,'',0,30000,4,'',0,54000,4,'',0,6000,4,'',0,59000,4,'',0
'20240305',131809,71500,4,'',0,30000,4,'',0,54000,4,'',0,6000,4,'',0,59000,4,'',0
'20240306',131809,71500,4,'',0,30000,4,'',0,54000,4,'',0,6000,4,'',0,59000,4,'',0
'20240307',131809,71500,4,'',0,30000,4,'',0,54000,4,'',0,6000,4,'',0,59000,4,'',0
'20240308',131809,71500,4,'',0,30000,4,'',0,54000,4,'',0,6000,4,'',0,59000,4,'',0
'20240309',131809,64000,4,'',0,39500,4,'',0,46500,4,'',0,32500,4,'',0,33000,4,'',0
'20240310',131809,64000,4,'',0,39500,4,'',0,46500,4,'',0,32500,4,'',0,33000,4,'',0
'20240311',131809,71500,4,'',0,30000,4,'',0,54000,4,'',0,6000,4,'',0,59000,4,'',0
'20240312',131809,71500,4,'',0,30000,4,'',0,54000,4,'',0,6000,4,'',0,59000,4,'',0
'20240313',131809,71500,4,'',0,30000,4,'',0,54000,4,'',0,6000,4,'',0,59000,4,'',0
'20240314',131809,71500,4,'',0,30000,4,'',0,54000,4,'',0,6000,4,'',0,59000,4,'',0
'20240315',131809,71500,4,'',0,30000,4,'',0,54000,4,'',0,6000,4,'',0,59000,4,'',0
'20240316',131809,64000,4,'',0,39500,4,'',0,46500,4,'',0,32500,4,'',0,33000,4,'',0
'20240317',131809,64000,4,'',0,39500,4,'',0,46500,4,'',0,32500,4,'',0,33000,4,'',0
'20240318',131809,71500,4,'',0,30000,4,'',0,54000,4,'',0,6000,4,'',0,59000,4,'',0
'20240319',131809,71500,4,'',0,30000,4,'',0,54000,4,'',0,6000,4,'',0,59000,4,'',0
'20240320',131809,71500,4,'',0,30000,4,'',0,54000,4,'',0,6000,4,'',0,59000,4,'',0
'20240321',131809,71500,4,'',0,30000,4,'',0,54000,4,'',0,6000,4,'',0,59000,4,'',0
'20240322',131809,71500,4,'',0,30000,4,'',0,54000,4,'',0,6000,4,'',0,59000,4,'',0
'20240323',131809,64000,4,'',0,39500,4,'',0,46500,4,'',0,32500,4,'',0,33000,4,'',0
'20240324',131809,71500,4,'',0,30000,4,'',0,22500,4,'',0,71000,4,'',0
'20240325',131809,71500,4,'',0,30000,4,'',0,22500,4,'',0,37000,4,'',0,34000,4,'',0
'20240326',131809,71500,4,'',0,30000,4,'',0,22500,4,'',0,37000,4,'',0,34000,4,'',0
'20240327',131809,71500,4,'',0,30000,4,'',0,22500,4,'',0,37000,4,'',0,34000,4,'',0
'20240328',131809,71500,4,'',0,30000,4,'',0,22500,4,'',0,37000,4,'',0,34000,4,'',0
'20240329',131809,71500,4,'',0,30000,4,'',0,22500,4,'',0,37000,4,'',0,34000,4,'',0
'20240330',131809,71500,4,'',0,30000,4,'',0,22500,4,'',0,37000,4,'',0,34000,4,'',0
'20240331',131809,71500,4,'',0,30000,4,'',0,22500,4,'',0,71000,4,'',0
'20240401',131809,71500,4,'',0,30000,4,'',0,22500,4,'',0,37000,4,'',0,34000,4,'',0
'20240402',131809,71500,4,'',0,30000,4,'',0,22500,4,'',0,37000,4,'',0,34000,4,'',0
'20240403',131809,71500,4,'',0,30000,4,'',0,22500,4,'',0,37000,4,'',0,34000,4,'',0
'20240404',131809,71500,4,'',0,30000,4,'',0,22500,4,'',0,37000,4,'',0,34000,4,'',0
'20240405',131809,71500,4,'',0,30000,4,'',0,22500,4,'',0,37000,4,'',0,34000,4,'',0
'20240406',131809,71500,4,'',0,30000,4,'',0,22500,4,'',0,37000,4,'',0,34000,4,'',0
'20240407',131809,71500,4,'',0,30000,4,'',0,22500,4,'',0,71000,4,'',0
'20240408',131809,71500,4,'',0,30000,4,'',0,22500,4,'',0,37000,4,'',0,34000,4,'',0
'20240409',131809,71500,4,'',0,30000,4,'',0,22500,4,'',0,37000,4,'',0,34000,4,'',0
'20240410',131809,71500,4,'',0,30000,4,'',0,22500,4,'',0,37000,4,'',0,34000,4,'',0
'20240411',131809,71500,4,'',0,30000,4,'',0,22500,4,'',0,37000,4,'',0,34000,4,'',0
'20240412',131809,71500,4,'',0,30000,4,'',0,22500,4,'',0,37000,4,'',0,34000,4,'',0
'20240413',131809,71500,4,'',0,30000,4,'',0,22500,4,'',0,37000,4,'',0,34000,4,'',0
'20240414',131809,71500,4,'',0,30000,4,'',0,22500,4,'',0,71000,4,'',0
'20240415',131809,71500,4,'',0,30000,4,'',0,22500,4,'',0,37000,4,'',0,34000,4,'',0
'20240416',131809,71500,4,'',0,30000,4,'',0,22500,4,'',0,37000,4,'',0,34000,4,'',0
'20240417',131809,71500,4,'',0,30000,4,'',0,22500,4,'',0,37000,4,'',0,34000,4,'',0
'20240418',131809,71500,4,'',0,30000,4,'',0,22500,4,'',0,37000,4,'',0,34000,4,'',0
'20240419',131809,71500,4,'',0,30000,4,'',0,22500,4,'',0,37000,4,'',0,34000,4,'',0
'20240420',131809,71500,4,'',0,30000,4,'',0,22500,4,'',0,37000,4,'',0,34000,4,'',0
'20240421',131809,71500,4,'',0,30000,4,'',0,22500,4,'',0,71000,4,'',0
'20240422',131809,71500,4,'',0,30000,4,'',0,22500,4,'',0,37000,4,'',0,34000,4,'',0
'20240423',131809,71500,4,'',0,30000,4,'',0,22500,4,'',0,37000,4,'',0,34000,4,'',0
'20240424',131809,71500,4,'',0,30000,4,'',0,22500,4,'',0,37000,4,'',0,34000,4,'',0
'20240425',131809,71500,4,'',0,30000,4,'',0,22500,4,'',0,37000,4,'',0,34000,4,'',0
'20240426',131809,71500,4,'',0,30000,4,'',0,22500,4,'',0,37000,4,'',0,34000,4,'',0
'20240427',131809,71500,4,'',0,30000,4,'',0,22500,4,'',0,37000,4,'',0,34000,4,'',0
'20240428',131809,71500,4,'',0,30000,4,'',0,22500,4,'',0,71000,4,'',0
'20240429',131809,71500,4,'',0,30000,4,'',0,22500,4,'',0,37000,4,'',0,34000,4,'',0
'20240430',131809,71500,4,'',0,30000,4,'',0,22500,4,'',0,37000,4,'',0,34000,4,'',0
'20240501',131809,71500,4,'',0,30000,4,'',0,22500,4,'',0,37000,4,'',0,34000,4,'',0
'20240502',131809,71500,4,'',0,30000,4,'',0,22500,4,'',0,37000,4,'',0,34000,4,'',0
'20240503',131809,71500,4,'',0,30000,4,'',0,22500,4,'',0,37000,4,'',0,34000,4,'',0
'20240504',131809,71500,4,'',0,30000,4,'',0,22500,4,'',0,37000,4,'',0,34000,4,'',0
'20240505',131809,71500,4,'',0,30000,4,'',0,22500,4,'',0,71000,4,'',0
'20240506',131809,71500,4,'',0,30000,4,'',0,22500,4,'',0,37000,4,'',0,34000,4,'',0
'20240507',131809,71500,4,'',0,30000,4,'',0,22500,4,'',0,37000,4,'',0,34000,4,'',0
'20240508',131809,71500,4,'',0,30000,4,'',0,22500,4,'',0,37000,4,'',0,34000,4,'',0
'20240509',131809,71500,4,'',0,30000,4,'',0,22500,4,'',0,37000,4,'',0,34000,4,'',0
'20240510',131809,71500,4,'',0,30000,4,'',0,22500,4,'',0,37000,4,'',0,34000,4,'',0
'20240511',131809,71500,4,'',0,30000,4,'',0,22500,4,'',0,37000,4,'',0,34000,4,'',0
'20240512',131809,71500,4,'',0,30000,4,'',0,22500,4,'',0,71000,4,'',0
'20240513',131809,71500,4,'',0,30000,4,'',0,22500,4,'',0,37000,4,'',0,34000,4,'',0
'20240514',131809,71500,4,'',0,30000,4,'',0,22500,4,'',0,37000,4,'',0,34000,4,'',0
'20240515',131809,71500,4,'',0,30000,4,'',0,22500,4,'',0,37000,4,'',0,34000,4,'',0
'20240516',131809,71500,4,'',0,30000,4,'',0,22500,4,'',0,37000,4,'',0,34000,4,'',0
'20240517',131809,71500,4,'',0,30000,4,'',0,22500,4,'',0,37000,4,'',0,34000,4,'',0
'20240518',131809,71500,4,'',0,30000,4,'',0,22500,4,'',0,37000,4,'',0,34000,4,'',0
'20240519',131809,71500,4,'',0,30000,4,'',0,22500,4,'',0,71000,4,'',0
'20240520',131809,71500,4,'',0,30000,4,'',0,22500,4,'',0,37000,4,'',0,34000,4,'',0
'20240521',131809,71500,4,'',0,30000,4,'',0,22500,4,'',0,37000,4,'',0,34000,4,'',0
'20240522',131809,71500,4,'',0,30000,4,'',0,22500,4,'',0,37000,4,'',0,34000,4,'',0
'20240523',131809,71500,4,'',0,30000,4,'',0,22500,4,'',0,37000,4,'',0,34000,4,'',0
'20240524',131809,71500,4,'',0,30000,4,'',0,22500,4,'',0,37000,4,'',0,34000,4,'',0
'20240525',131809,71500,4,'',0,30000,4,'',0,22500,4,'',0,37000,4,'',0,34000,4,'',0
'20240526',131809,71500,4,'',0,30000,4,'',0,22500,4,'',0,71000,4,'',0
'20240527',131809,71500,4,'',0,30000,4,'',0,22500,4,'',0,71000,4,'',0
'20240528',131809,71500,4,'',0,30000,4,'',0,22500,4,'',0,37000,4,'',0,34000,4,'',0
'20240529',131809,71500,4,'',0,30000,4,'',0,22500,4,'',0,37000,4,'',0,34000,4,'',0
'20240530',131809,71500,4,'',0,30000,4,'',0,22500,4,'',0,37000,4,'',0,34000,4,'',0
'20240531',131809,71500,4,'',0,30000,4,'',0,22500,4,'',0,37000,4,'',0,34000,4,'',0
'20240601',131809,71500,4,'',0,30000,4,'',0,22500,4,'',0,37000,4,'',0,34000,4,'',0
'20240602',131809,71500,4,'',0,30000,4,'',0,22500,4,'',0,71000,4,'',0
'20240603',131809,71500,4,'',0,30000,4,'',0,22500,4,'',0,37000,4,'',0,34000,4,'',0
'20240604',131809,71500,4,'',0,30000,4,'',0,22500,4,'',0,37000,4,'',0,34000,4,'',0
'20240605',131809,71500,4,'',0,30000,4,'',0,22500,4,'',0,37000,4,'',0,34000,4,'',0
'20240606',131809,71500,4,'',0,30000,4,'',0,22500,4,'',0,37000,4,'',0,34000,4,'',0
'20240607',131809,71500,4,'',0,30000,4,'',0,22500,4,'',0,37000,4,'',0,34000,4,'',0
'20240608',131809,71500,4,'',0,30000,4,'',0,22500,4,'',0,37000,4,'',0,34000,4,'',0
'20240609',131809,71500,4,'',0,30000,4,'',0,22500,4,'',0,71000,4,'',0
'20240610',131809,71500,4,'',0,30000,4,'',0,22500,4,'',0,37000,4,'',0,34000,4,'',0
'20240611',131809,71500,4,'',0,30000,4,'',0,22500,4,'',0,37000,4,'',0,34000,4,'',0
'20240612',131809,71500,4,'',0,30000,4,'',0,22500,4,'',0,37000,4,'',0,34000,4,'',0
'20240613',131809,71500,4,'',0,30000,4,'',0,22500,4,'',0,37000,4,'',0,34000,4,'',0
'20240614',131809,71500,4,'',0,30000,4,'',0,22500,4,'',0,37000,4,'',0,34000,4,'',0
'20240615',131809,71500,4,'',0,30000,4,'',0,22500,4,'',0,37000,4,'',0,34000,4,'',0
'20240130',151809,71500,4,'',0,19500,4,'',0,2000,4,'',0,31000,4,'',0,27000,4,'',0,31500,4,'',0
'20240131',151809,71500,4,'',0,19500,4,'',0,2000,4,'',0,31000,4,'',0,27000,4,'',0,31500,4,'',0
'20240201',151809,71500,4,'',0,19500,4,'',0,2000,4,'',0,31000,4,'',0,27000,4,'',0,31500,4,'',0
'20240202',151809,71500,4,'',0,19500,4,'',0,2000,4,'',0,31000,4,'',0,27000,4,'',0,31500,4,'',0
'20240203',151809,73000,4,'',0,48500,4,'',0,33500,4,'',0,28500,4,'',0,42000,4,'',0
'20240204',151809,73000,4,'',0,48500,4,'',0,33500,4,'',0,28500,4,'',0,42000,4,'',0
'20240205',151809,71500,4,'',0,19500,4,'',0,2000,4,'',0,31000,4,'',0,27000,4,'',0,31500,4,'',0
'20240206',151809,71500,4,'',0,19500,4,'',0,2000,4,'',0,31000,4,'',0,27000,4,'',0,31500,4,'',0
'20240207',151809,71500,4,'',0,19500,4,'',0,2000,4,'',0,31000,4,'',0,27000,4,'',0,31500,4,'',0
'20240208',151809,71500,4,'',0,19500,4,'',0,2000,4,'',0,31000,4,'',0,27000,4,'',0,31500,4,'',0
'20240209',151809,71500,4,'',0,19500,4,'',0,2000,4,'',0,31000,4,'',0,27000,4,'',0,31500,4,'',0
'20240210',151809,73000,4,'',0,48500,4,'',0,33500,4,'',0,28500,4,'',0,42000,4,'',0
'20240211',151809,73000,4,'',0,48500,4,'',0,33500,4,'',0,28500,4,'',0,42000,4,'',0
'20240212',151809,71500,4,'',0,19500,4,'',0,2000,4,'',0,31000,4,'',0,27000,4,'',0,31500,4,'',0
'20240213',151809,71500,4,'',0,19500,4,'',0,2000,4,'',0,31000,4,'',0,27000,4,'',0,31500,4,'',0
'20240214',151809,71500,4,'',0,19500,4,'',0,2000,4,'',0,31000,4,'',0,27000,4,'',0,31500,4,'',0
'20240215',151809,71500,4,'',0,19500,4,'',0,2000,4,'',0,31000,4,'',0,27000,4,'',0,31500,4,'',0
'20240216',151809,71500,4,'',0,19500,4,'',0,2000,4,'',0,31000,4,'',0,27000,4,'',0,31500,4,'',0
'20240217',151809,73000,4,'',0,48500,4,'',0,33500,4,'',0,28500,4,'',0,42000,4,'',0
'20240218',151809,73000,4,'',0,48500,4,'',0,33500,4,'',0,28500,4,'',0,42000,4,'',0
'20240219',151809,71500,4,'',0,19500,4,'',0,2000,4,'',0,31000,4,'',0,27000,4,'',0,31500,4,'',0
'20240220',151809,71500,4,'',0,19500,4,'',0,2000,4,'',0,31000,4,'',0,27000,4,'',0,31500,4,'',0
'20240221',151809,71500,4,'',0,19500,4,'',0,2000,4,'',0,31000,4,'',0,27000,4,'',0,31500,4,'',0
'20240222',151809,71500,4,'',0,19500,4,'',0,2000,4,'',0,31000,4,'',0,27000,4,'',0,31500,4,'',0
'20240223',151809,71500,4,'',0,19500,4,'',0,2000,4,'',0,31000,4,'',0,27000,4,'',0,31500,4,'',0
'20240224',151809,73000,4,'',0,48500,4,'',0,33500,4,'',0,28500,4,'',0,42000,4,'',0
'20240225',151809,73000,4,'',0,48500,4,'',0,33500,4,'',0,28500,4,'',0,42000,4,'',0
'20240226',151809,71500,4,'',0,19500,4,'',0,2000,4,'',0,31000,4,'',0,27000,4,'',0,31500,4,'',0
'20240227',151809,71500,4,'',0,19500,4,'',0,2000,4,'',0,31000,4,'',0,27000,4,'',0,31500,4,'',0
'20240228',151809,71500,4,'',0,19500,4,'',0,2000,4,'',0,31000,4,'',0,27000,4,'',0,31500,4,'',0
'20240229',151809,71500,4,'',0,19500,4,'',0,2000,4,'',0,31000,4,'',0,27000,4,'',0,31500,4,'',0
'20240301',151809,71500,4,'',0,19500,4,'',0,2000,4,'',0,31000,4,'',0,27000,4,'',0,31500,4,'',0
'20240302',151809,73000,4,'',0,48500,4,'',0,33500,4,'',0,28500,4,'',0,42000,4,'',0
'20240303',151809,73000,4,'',0,48500,4,'',0,33500,4,'',0,28500,4,'',0,42000,4,'',0
'20240304',151809,71500,4,'',0,19500,4,'',0,2000,4,'',0,31000,4,'',0,27000,4,'',0,31500,4,'',0
'20240305',151809,71500,4,'',0,19500,4,'',0,2000,4,'',0,31000,4,'',0,27000,4,'',0,31500,4,'',0
'20240306',151809,71500,4,'',0,19500,4,'',0,2000,4,'',0,31000,4,'',0,27000,4,'',0,31500,4,'',0
'20240307',151809,71500,4,'',0,19500,4,'',0,2000,4,'',0,31000,4,'',0,27000,4,'',0,31500,4,'',0
'20240308',151809,71500,4,'',0,19500,4,'',0,2000,4,'',0,31000,4,'',0,27000,4,'',0,31500,4,'',0
'20240309',151809,73000,4,'',0,48500,4,'',0,33500,4,'',0,28500,4,'',0,42000,4,'',0
'20240310',151809,73000,4,'',0,48500,4,'',0,33500,4,'',0,28500,4,'',0,42000,4,'',0
'20240311',151809,71500,4,'',0,19500,4,'',0,2000,4,'',0,31000,4,'',0,27000,4,'',0,31500,4,'',0
'20240312',151809,71500,4,'',0,19500,4,'',0,2000,4,'',0,31000,4,'',0,27000,4,'',0,31500,4,'',0
'20240313',151809,71500,4,'',0,19500,4,'',0,2000,4,'',0,31000,4,'',0,27000,4,'',0,31500,4,'',0
'20240314',151809,71500,4,'',0,19500,4,'',0,2000,4,'',0,31000,4,'',0,27000,4,'',0,31500,4,'',0
'20240315',151809,71500,4,'',0,19500,4,'',0,2000,4,'',0,31000,4,'',0,27000,4,'',0,31500,4,'',0
'20240316',151809,73000,4,'',0,48500,4,'',0,33500,4,'',0,28500,4,'',0,42000,4,'',0
'20240317',151809,73000,4,'',0,48500,4,'',0,33500,4,'',0,28500,4,'',0,42000,4,'',0
'20240318',151809,71500,4,'',0,19500,4,'',0,2000,4,'',0,31000,4,'',0,27000,4,'',0,31500,4,'',0
'20240319',151809,71500,4,'',0,19500,4,'',0,2000,4,'',0,31000,4,'',0,27000,4,'',0,31500,4,'',0
'20240320',151809,71500,4,'',0,19500,4,'',0,2000,4,'',0,31000,4,'',0,27000,4,'',0,31500,4,'',0
'20240321',151809,71500,4,'',0,19500,4,'',0,2000,4,'',0,31000,4,'',0,27000,4,'',0,31500,4,'',0
'20240322',151809,71500,4,'',0,19500,4,'',0,2000,4,'',0,31000,4,'',0,27000,4,'',0,31500,4,'',0
'20240323',151809,73000,4,'',0,48500,4,'',0,33500,4,'',0,28500,4,'',0,42000,4,'',0
'20240324',151809,70000,4,'',0,20000,4,'',0,3000,4,'',0,31000,4,'',0,66000,4,'',0
'20240325',151809,70000,4,'',0,20000,4,'',0,3000,4,'',0,31000,4,'',0,28500,4,'',0,37500,4,'',0
'20240326',151809,70000,4,'',0,20000,4,'',0,3000,4,'',0,31000,4,'',0,28500,4,'',0,37500,4,'',0
'20240327',151809,70000,4,'',0,20000,4,'',0,3000,4,'',0,31000,4,'',0,28500,4,'',0,37500,4,'',0
'20240328',151809,70000,4,'',0,20000,4,'',0,3000,4,'',0,31000,4,'',0,28500,4,'',0,37500,4,'',0
'20240329',151809,70000,4,'',0,20000,4,'',0,3000,4,'',0,31000,4,'',0,28500,4,'',0,37500,4,'',0
'20240330',151809,70000,4,'',0,20000,4,'',0,3000,4,'',0,31000,4,'',0,28500,4,'',0,37500,4,'',0
'20240331',151809,70000,4,'',0,20000,4,'',0,3000,4,'',0,31000,4,'',0,66000,4,'',0
'20240401',151809,70000,4,'',0,20000,4,'',0,3000,4,'',0,31000,4,'',0,28500,4,'',0,37500,4,'',0
'20240402',151809,70000,4,'',0,20000,4,'',0,3000,4,'',0,31000,4,'',0,28500,4,'',0,37500,4,'',0
'20240403',151809,70000,4,'',0,20000,4,'',0,3000,4,'',0,31000,4,'',0,28500,4,'',0,37500,4,'',0
'20240404',151809,70000,4,'',0,20000,4,'',0,3000,4,'',0,31000,4,'',0,28500,4,'',0,37500,4,'',0
'20240405',151809,70000,4,'',0,20000,4,'',0,3000,4,'',0,31000,4,'',0,28500,4,'',0,37500,4,'',0
'20240406',151809,70000,4,'',0,20000,4,'',0,3000,4,'',0,31000,4,'',0,28500,4,'',0,37500,4,'',0
'20240407',151809,70000,4,'',0,20000,4,'',0,3000,4,'',0,31000,4,'',0,66000,4,'',0
'20240408',151809,70000,4,'',0,20000,4,'',0,3000,4,'',0,31000,4,'',0,28500,4,'',0,37500,4,'',0
'20240409',151809,70000,4,'',0,20000,4,'',0,3000,4,'',0,31000,4,'',0,28500,4,'',0,37500,4,'',0
'20240410',151809,70000,4,'',0,20000,4,'',0,3000,4,'',0,31000,4,'',0,28500,4,'',0,37500,4,'',0
'20240411',151809,70000,4,'',0,20000,4,'',0,3000,4,'',0,31000,4,'',0,28500,4,'',0,37500,4,'',0
'20240412',151809,70000,4,'',0,20000,4,'',0,3000,4,'',0,31000,4,'',0,28500,4,'',0,37500,4,'',0
'20240413',151809,70000,4,'',0,20000,4,'',0,3000,4,'',0,31000,4,'',0,28500,4,'',0,37500,4,'',0
'20240414',151809,70000,4,'',0,20000,4,'',0,3000,4,'',0,31000,4,'',0,66000,4,'',0
'20240415',151809,70000,4,'',0,20000,4,'',0,3000,4,'',0,31000,4,'',0,28500,4,'',0,37500,4,'',0
'20240416',151809,70000,4,'',0,20000,4,'',0,3000,4,'',0,31000,4,'',0,28500,4,'',0,37500,4,'',0
'20240417',151809,70000,4,'',0,20000,4,'',0,3000,4,'',0,31000,4,'',0,28500,4,'',0,37500,4,'',0
'20240418',151809,70000,4,'',0,20000,4,'',0,3000,4,'',0,31000,4,'',0,28500,4,'',0,37500,4,'',0
'20240419',151809,70000,4,'',0,20000,4,'',0,3000,4,'',0,31000,4,'',0,28500,4,'',0,37500,4,'',0
'20240420',151809,70000,4,'',0,20000,4,'',0,3000,4,'',0,31000,4,'',0,28500,4,'',0,37500,4,'',0
'20240421',151809,70000,4,'',0,20000,4,'',0,3000,4,'',0,31000,4,'',0,66000,4,'',0
'20240422',151809,70000,4,'',0,20000,4,'',0,3000,4,'',0,31000,4,'',0,28500,4,'',0,37500,4,'',0
'20240423',151809,70000,4,'',0,20000,4,'',0,3000,4,'',0,31000,4,'',0,28500,4,'',0,37500,4,'',0
'20240424',151809,70000,4,'',0,20000,4,'',0,3000,4,'',0,31000,4,'',0,28500,4,'',0,37500,4,'',0
'20240425',151809,70000,4,'',0,20000,4,'',0,3000,4,'',0,31000,4,'',0,28500,4,'',0,37500,4,'',0
'20240426',151809,70000,4,'',0,20000,4,'',0,3000,4,'',0,31000,4,'',0,28500,4,'',0,37500,4,'',0
'20240427',151809,70000,4,'',0,20000,4,'',0,3000,4,'',0,31000,4,'',0,28500,4,'',0,37500,4,'',0
'20240428',151809,70000,4,'',0,20000,4,'',0,3000,4,'',0,31000,4,'',0,66000,4,'',0
'20240429',151809,70000,4,'',0,20000,4,'',0,3000,4,'',0,31000,4,'',0,28500,4,'',0,37500,4,'',0
'20240430',151809,70000,4,'',0,20000,4,'',0,3000,4,'',0,31000,4,'',0,28500,4,'',0,37500,4,'',0
'20240501',151809,70000,4,'',0,20000,4,'',0,3000,4,'',0,31000,4,'',0,28500,4,'',0,37500,4,'',0
'20240502',151809,70000,4,'',0,20000,4,'',0,3000,4,'',0,31000,4,'',0,28500,4,'',0,37500,4,'',0
'20240503',151809,70000,4,'',0,20000,4,'',0,3000,4,'',0,31000,4,'',0,28500,4,'',0,37500,4,'',0
'20240504',151809,70000,4,'',0,20000,4,'',0,3000,4,'',0,31000,4,'',0,28500,4,'',0,37500,4,'',0
'20240505',151809,70000,4,'',0,20000,4,'',0,3000,4,'',0,31000,4,'',0,66000,4,'',0
'20240506',151809,70000,4,'',0,20000,4,'',0,3000,4,'',0,31000,4,'',0,28500,4,'',0,37500,4,'',0
'20240507',151809,70000,4,'',0,20000,4,'',0,3000,4,'',0,31000,4,'',0,28500,4,'',0,37500,4,'',0
'20240508',151809,70000,4,'',0,20000,4,'',0,3000,4,'',0,31000,4,'',0,28500,4,'',0,37500,4,'',0
'20240509',151809,70000,4,'',0,20000,4,'',0,3000,4,'',0,31000,4,'',0,28500,4,'',0,37500,4,'',0
'20240510',151809,70000,4,'',0,20000,4,'',0,3000,4,'',0,31000,4,'',0,28500,4,'',0,37500,4,'',0
'20240511',151809,70000,4,'',0,20000,4,'',0,3000,4,'',0,31000,4,'',0,28500,4,'',0,37500,4,'',0
'20240512',151809,70000,4,'',0,20000,4,'',0,3000,4,'',0,31000,4,'',0,66000,4,'',0
'20240513',151809,70000,4,'',0,20000,4,'',0,3000,4,'',0,31000,4,'',0,28500,4,'',0,37500,4,'',0
'20240514',151809,70000,4,'',0,20000,4,'',0,3000,4,'',0,31000,4,'',0,28500,4,'',0,37500,4,'',0
'20240515',151809,70000,4,'',0,20000,4,'',0,3000,4,'',0,31000,4,'',0,28500,4,'',0,37500,4,'',0
'20240516',151809,70000,4,'',0,20000,4,'',0,3000,4,'',0,31000,4,'',0,28500,4,'',0,37500,4,'',0
'20240517',151809,70000,4,'',0,20000,4,'',0,3000,4,'',0,31000,4,'',0,28500,4,'',0,37500,4,'',0
'20240518',151809,70000,4,'',0,20000,4,'',0,3000,4,'',0,31000,4,'',0,28500,4,'',0,37500,4,'',0
'20240519',151809,70000,4,'',0,20000,4,'',0,3000,4,'',0,31000,4,'',0,66000,4,'',0
'20240520',151809,70000,4,'',0,20000,4,'',0,3000,4,'',0,31000,4,'',0,28500,4,'',0,37500,4,'',0
'20240521',151809,70000,4,'',0,20000,4,'',0,3000,4,'',0,31000,4,'',0,28500,4,'',0,37500,4,'',0
'20240522',151809,70000,4,'',0,20000,4,'',0,3000,4,'',0,31000,4,'',0,28500,4,'',0,37500,4,'',0
'20240523',151809,70000,4,'',0,20000,4,'',0,3000,4,'',0,31000,4,'',0,28500,4,'',0,37500,4,'',0
'20240524',151809,70000,4,'',0,20000,4,'',0,3000,4,'',0,31000,4,'',0,28500,4,'',0,37500,4,'',0
'20240525',151809,70000,4,'',0,20000,4,'',0,3000,4,'',0,31000,4,'',0,28500,4,'',0,37500,4,'',0
'20240526',151809,70000,4,'',0,20000,4,'',0,3000,4,'',0,31000,4,'',0,66000,4,'',0
'20240527',151809,70000,4,'',0,20000,4,'',0,3000,4,'',0,31000,4,'',0,66000,4,'',0
'20240528',151809,70000,4,'',0,20000,4,'',0,3000,4,'',0,31000,4,'',0,28500,4,'',0,37500,4,'',0
'20240529',151809,70000,4,'',0,20000,4,'',0,3000,4,'',0,31000,4,'',0,28500,4,'',0,37500,4,'',0
'20240530',151809,70000,4,'',0,20000,4,'',0,3000,4,'',0,31000,4,'',0,28500,4,'',0,37500,4,'',0
'20240531',151809,70000,4,'',0,20000,4,'',0,3000,4,'',0,31000,4,'',0,28500,4,'',0,37500,4,'',0
'20240601',151809,70000,4,'',0,20000,4,'',0,3000,4,'',0,31000,4,'',0,28500,4,'',0,37500,4,'',0
'20240602',151809,70000,4,'',0,20000,4,'',0,3000,4,'',0,31000,4,'',0,66000,4,'',0
'20240603',151809,70000,4,'',0,20000,4,'',0,3000,4,'',0,31000,4,'',0,28500,4,'',0,37500,4,'',0
'20240604',151809,70000,4,'',0,20000,4,'',0,3000,4,'',0,31000,4,'',0,28500,4,'',0,37500,4,'',0
'20240605',151809,70000,4,'',0,20000,4,'',0,3000,4,'',0,31000,4,'',0,28500,4,'',0,37500,4,'',0
'20240606',151809,70000,4,'',0,20000,4,'',0,3000,4,'',0,31000,4,'',0,28500,4,'',0,37500,4,'',0
'20240607',151809,70000,4,'',0,20000,4,'',0,3000,4,'',0,31000,4,'',0,28500,4,'',0,37500,4,'',0
'20240608',151809,70000,4,'',0,20000,4,'',0,3000,4,'',0,31000,4,'',0,28500,4,'',0,37500,4,'',0
'20240609',151809,70000,4,'',0,20000,4,'',0,3000,4,'',0,31000,4,'',0,66000,4,'',0
'20240610',151809,70000,4,'',0,20000,4,'',0,3000,4,'',0,31000,4,'',0,28500,4,'',0,37500,4,'',0
'20240611',151809,70000,4,'',0,20000,4,'',0,3000,4,'',0,31000,4,'',0,28500,4,'',0,37500,4,'',0
'20240612',151809,70000,4,'',0,20000,4,'',0,3000,4,'',0,31000,4,'',0,28500,4,'',0,37500,4,'',0
'20240613',151809,70000,4,'',0,20000,4,'',0,3000,4,'',0,31000,4,'',0,28500,4,'',0,37500,4,'',0
'20240614',151809,70000,4,'',0,20000,4,'',0,3000,4,'',0,31000,4,'',0,28500,4,'',0,37500,4,'',0
'20240615',151809,70000,4,'',0,20000,4,'',0,3000,4,'',0,31000,4,'',0,28500,4,'',0,37500,4,'',0
'20240130',181009,70000,,'',0,31500,,'',0,22500,,'',0,31500,,'',0,27000,,'',0,38000,,'',0
'20240131',181009,70000,,'',0,31500,,'',0,22500,,'',0,31500,,'',0,27000,,'',0,38000,,'',0
'20240201',181009,70000,,'',0,31500,,'',0,22500,,'',0,31500,,'',0,27000,,'',0,38000,,'',0
'20240202',181009,70000,,'',0,31500,,'',0,22500,,'',0,31500,,'',0,27000,,'',0,38000,,'',0
'20240203',181009,64000,,'',0,39500,,'',0,46500,,'',0,32500,,'',0
'20240204',181009,64000,,'',0,39500,,'',0,46500,,'',0,32500,,'',0
'20240205',181009,70000,,'',0,31500,,'',0,22500,,'',0,31500,,'',0,27000,,'',0,38000,,'',0
'20240206',181009,70000,,'',0,31500,,'',0,22500,,'',0,31500,,'',0,27000,,'',0,38000,,'',0
'20240207',181009,70000,,'',0,31500,,'',0,22500,,'',0,31500,,'',0,27000,,'',0,38000,,'',0
'20240208',181009,70000,,'',0,31500,,'',0,22500,,'',0,31500,,'',0,27000,,'',0,38000,,'',0
'20240209',181009,70000,,'',0,31500,,'',0,22500,,'',0,31500,,'',0,27000,,'',0,38000,,'',0
'20240210',181009,64000,,'',0,39500,,'',0,46500,,'',0,32500,,'',0
'20240211',181009,64000,,'',0,39500,,'',0,46500,,'',0,32500,,'',0
'20240212',181009,70000,,'',0,31500,,'',0,22500,,'',0,31500,,'',0,27000,,'',0,38000,,'',0
'20240213',181009,70000,,'',0,31500,,'',0,22500,,'',0,31500,,'',0,27000,,'',0,38000,,'',0
'20240214',181009,70000,,'',0,31500,,'',0,22500,,'',0,31500,,'',0,27000,,'',0,38000,,'',0
'20240215',181009,70000,,'',0,31500,,'',0,22500,,'',0,31500,,'',0,27000,,'',0,38000,,'',0
'20240216',181009,70000,,'',0,31500,,'',0,22500,,'',0,31500,,'',0,27000,,'',0,38000,,'',0
'20240217',181009,64000,,'',0,39500,,'',0,46500,,'',0,32500,,'',0
'20240218',181009,64000,,'',0,39500,,'',0,46500,,'',0,32500,,'',0
'20240219',181009,70000,,'',0,31500,,'',0,22500,,'',0,31500,,'',0,27000,,'',0,38000,,'',0
'20240220',181009,70000,,'',0,31500,,'',0,22500,,'',0,31500,,'',0,27000,,'',0,38000,,'',0
'20240221',181009,70000,,'',0,31500,,'',0,22500,,'',0,31500,,'',0,27000,,'',0,38000,,'',0
'20240222',181009,70000,,'',0,31500,,'',0,22500,,'',0,31500,,'',0,27000,,'',0,38000,,'',0
'20240223',181009,70000,,'',0,31500,,'',0,22500,,'',0,31500,,'',0,27000,,'',0,38000,,'',0
'20240224',181009,64000,,'',0,39500,,'',0,46500,,'',0,32500,,'',0
'20240225',181009,64000,,'',0,39500,,'',0,46500,,'',0,32500,,'',0
'20240226',181009,70000,,'',0,31500,,'',0,22500,,'',0,31500,,'',0,27000,,'',0,38000,,'',0
'20240227',181009,70000,,'',0,31500,,'',0,22500,,'',0,31500,,'',0,27000,,'',0,38000,,'',0
'20240228',181009,70000,,'',0,31500,,'',0,22500,,'',0,31500,,'',0,27000,,'',0,38000,,'',0
'20240229',181009,70000,,'',0,31500,,'',0,22500,,'',0,31500,,'',0,27000,,'',0,38000,,'',0
'20240301',181009,70000,,'',0,31500,,'',0,22500,,'',0,31500,,'',0,27000,,'',0,38000,,'',0
'20240302',181009,64000,,'',0,39500,,'',0,46500,,'',0,32500,,'',0
'20240303',181009,64000,,'',0,39500,,'',0,46500,,'',0,32500,,'',0
'20240304',181009,70000,,'',0,31500,,'',0,22500,,'',0,31500,,'',0,27000,,'',0,38000,,'',0
'20240305',181009,70000,,'',0,31500,,'',0,22500,,'',0,31500,,'',0,27000,,'',0,38000,,'',0
'20240306',181009,70000,,'',0,31500,,'',0,22500,,'',0,31500,,'',0,27000,,'',0,38000,,'',0
'20240307',181009,70000,,'',0,31500,,'',0,22500,,'',0,31500,,'',0,27000,,'',0,38000,,'',0
'20240308',181009,70000,,'',0,31500,,'',0,22500,,'',0,31500,,'',0,27000,,'',0,38000,,'',0
'20240309',181009,64000,,'',0,39500,,'',0,46500,,'',0,32500,,'',0
'20240310',181009,64000,,'',0,39500,,'',0,46500,,'',0,32500,,'',0
'20240311',181009,70000,,'',0,31500,,'',0,22500,,'',0,31500,,'',0,27000,,'',0,38000,,'',0
'20240312',181009,70000,,'',0,31500,,'',0,22500,,'',0,31500,,'',0,27000,,'',0,38000,,'',0
'20240313',181009,70000,,'',0,31500,,'',0,22500,,'',0,31500,,'',0,27000,,'',0,38000,,'',0
'20240314',181009,70000,,'',0,31500,,'',0,22500,,'',0,31500,,'',0,27000,,'',0,38000,,'',0
'20240315',181009,70000,,'',0,31500,,'',0,22500,,'',0,31500,,'',0,27000,,'',0,38000,,'',0
'20240316',181009,64000,,'',0,39500,,'',0,46500,,'',0,32500,,'',0
'20240317',181009,64000,,'',0,39500,,'',0,46500,,'',0,32500,,'',0
'20240318',181009,70000,,'',0,31500,,'',0,22500,,'',0,31500,,'',0,27000,,'',0,38000,,'',0
'20240319',181009,70000,,'',0,31500,,'',0,22500,,'',0,31500,,'',0,27000,,'',0,38000,,'',0
'20240320',181009,70000,,'',0,31500,,'',0,22500,,'',0,31500,,'',0,27000,,'',0,38000,,'',0
'20240321',181009,70000,,'',0,31500,,'',0,22500,,'',0,31500,,'',0,27000,,'',0,38000,,'',0
'20240322',181009,70000,,'',0,31500,,'',0,22500,,'',0,31500,,'',0,27000,,'',0,38000,,'',0
'20240323',181009,64000,,'',0,39500,,'',0,46500,,'',0,32500,,'',0
'20240324',181009,71500,,'',0,30000,,'',0,20500,,'',0,73000,,'',0
'20240325',181009,71500,,'',0,30000,,'',0,20500,,'',0,39000,,'',0,34000,,'',0
'20240326',181009,71500,,'',0,30000,,'',0,20500,,'',0,39000,,'',0,34000,,'',0
'20240327',181009,71500,,'',0,30000,,'',0,20500,,'',0,39000,,'',0,34000,,'',0
'20240328',181009,71500,,'',0,30000,,'',0,20500,,'',0,39000,,'',0,34000,,'',0
'20240329',181009,71500,,'',0,30000,,'',0,20500,,'',0,39000,,'',0,34000,,'',0
'20240330',181009,71500,,'',0,30000,,'',0,20500,,'',0,39000,,'',0,34000,,'',0
'20240331',181009,71500,,'',0,30000,,'',0,20500,,'',0,73000,,'',0
'20240401',181009,71500,,'',0,30000,,'',0,20500,,'',0,39000,,'',0,34000,,'',0
'20240402',181009,71500,,'',0,30000,,'',0,20500,,'',0,39000,,'',0,34000,,'',0
'20240403',181009,71500,,'',0,30000,,'',0,20500,,'',0,39000,,'',0,34000,,'',0
'20240404',181009,71500,,'',0,30000,,'',0,20500,,'',0,39000,,'',0,34000,,'',0
'20240405',181009,71500,,'',0,30000,,'',0,20500,,'',0,39000,,'',0,34000,,'',0
'20240406',181009,71500,,'',0,30000,,'',0,20500,,'',0,39000,,'',0,34000,,'',0
'20240407',181009,71500,,'',0,30000,,'',0,20500,,'',0,73000,,'',0
'20240408',181009,71500,,'',0,30000,,'',0,20500,,'',0,39000,,'',0,34000,,'',0
'20240409',181009,71500,,'',0,30000,,'',0,20500,,'',0,39000,,'',0,34000,,'',0
'20240410',181009,71500,,'',0,30000,,'',0,20500,,'',0,39000,,'',0,34000,,'',0
'20240411',181009,71500,,'',0,30000,,'',0,20500,,'',0,39000,,'',0,34000,,'',0
'20240412',181009,71500,,'',0,30000,,'',0,20500,,'',0,39000,,'',0,34000,,'',0
'20240413',181009,71500,,'',0,30000,,'',0,20500,,'',0,39000,,'',0,34000,,'',0
'20240414',181009,71500,,'',0,30000,,'',0,20500,,'',0,73000,,'',0
'20240415',181009,71500,,'',0,30000,,'',0,20500,,'',0,39000,,'',0,34000,,'',0
'20240416',181009,71500,,'',0,30000,,'',0,20500,,'',0,39000,,'',0,34000,,'',0
'20240417',181009,71500,,'',0,30000,,'',0,20500,,'',0,39000,,'',0,34000,,'',0
'20240418',181009,71500,,'',0,30000,,'',0,20500,,'',0,39000,,'',0,34000,,'',0
'20240419',181009,71500,,'',0,30000,,'',0,20500,,'',0,39000,,'',0,34000,,'',0
'20240420',181009,71500,,'',0,30000,,'',0,20500,,'',0,39000,,'',0,34000,,'',0
'20240421',181009,71500,,'',0,30000,,'',0,20500,,'',0,73000,,'',0
'20240422',181009,71500,,'',0,30000,,'',0,20500,,'',0,39000,,'',0,34000,,'',0
'20240423',181009,71500,,'',0,30000,,'',0,20500,,'',0,39000,,'',0,34000,,'',0
'20240424',181009,71500,,'',0,30000,,'',0,20500,,'',0,39000,,'',0,34000,,'',0
'20240425',181009,71500,,'',0,30000,,'',0,20500,,'',0,39000,,'',0,34000,,'',0
'20240426',181009,71500,,'',0,30000,,'',0,20500,,'',0,39000,,'',0,34000,,'',0
'20240427',181009,71500,,'',0,30000,,'',0,20500,,'',0,39000,,'',0,34000,,'',0
'20240428',181009,71500,,'',0,30000,,'',0,20500,,'',0,73000,,'',0
'20240429',181009,71500,,'',0,30000,,'',0,20500,,'',0,39000,,'',0,34000,,'',0
'20240430',181009,71500,,'',0,30000,,'',0,20500,,'',0,39000,,'',0,34000,,'',0
'20240501',181009,71500,,'',0,30000,,'',0,20500,,'',0,39000,,'',0,34000,,'',0
'20240502',181009,71500,,'',0,30000,,'',0,20500,,'',0,39000,,'',0,34000,,'',0
'20240503',181009,71500,,'',0,30000,,'',0,20500,,'',0,39000,,'',0,34000,,'',0
'20240504',181009,71500,,'',0,30000,,'',0,20500,,'',0,39000,,'',0,34000,,'',0
'20240505',181009,71500,,'',0,30000,,'',0,20500,,'',0,73000,,'',0
'20240506',181009,71500,,'',0,30000,,'',0,20500,,'',0,39000,,'',0,34000,,'',0
'20240507',181009,71500,,'',0,30000,,'',0,20500,,'',0,39000,,'',0,34000,,'',0
'20240508',181009,71500,,'',0,30000,,'',0,20500,,'',0,39000,,'',0,34000,,'',0
'20240509',181009,71500,,'',0,30000,,'',0,20500,,'',0,39000,,'',0,34000,,'',0
'20240510',181009,71500,,'',0,30000,,'',0,20500,,'',0,39000,,'',0,34000,,'',0
'20240511',181009,71500,,'',0,30000,,'',0,20500,,'',0,39000,,'',0,34000,,'',0
'20240512',181009,71500,,'',0,30000,,'',0,20500,,'',0,73000,,'',0
'20240513',181009,71500,,'',0,30000,,'',0,20500,,'',0,39000,,'',0,34000,,'',0
'20240514',181009,71500,,'',0,30000,,'',0,20500,,'',0,39000,,'',0,34000,,'',0
'20240515',181009,71500,,'',0,30000,,'',0,20500,,'',0,39000,,'',0,34000,,'',0
'20240516',181009,71500,,'',0,30000,,'',0,20500,,'',0,39000,,'',0,34000,,'',0
'20240517',181009,71500,,'',0,30000,,'',0,20500,,'',0,39000,,'',0,34000,,'',0
'20240518',181009,71500,,'',0,30000,,'',0,20500,,'',0,39000,,'',0,34000,,'',0
'20240519',181009,71500,,'',0,30000,,'',0,20500,,'',0,73000,,'',0
'20240520',181009,71500,,'',0,30000,,'',0,20500,,'',0,39000,,'',0,34000,,'',0
'20240521',181009,71500,,'',0,30000,,'',0,20500,,'',0,39000,,'',0,34000,,'',0
'20240522',181009,71500,,'',0,30000,,'',0,20500,,'',0,39000,,'',0,34000,,'',0
'20240523',181009,71500,,'',0,30000,,'',0,20500,,'',0,39000,,'',0,34000,,'',0
'20240524',181009,71500,,'',0,30000,,'',0,20500,,'',0,39000,,'',0,34000,,'',0
'20240525',181009,71500,,'',0,30000,,'',0,20500,,'',0,39000,,'',0,34000,,'',0
'20240526',181009,71500,,'',0,30000,,'',0,20500,,'',0,73000,,'',0
'20240527',181009,71500,,'',0,30000,,'',0,20500,,'',0,73000,,'',0
'20240528',181009,71500,,'',0,30000,,'',0,20500,,'',0,39000,,'',0,34000,,'',0
'20240529',181009,71500,,'',0,30000,,'',0,20500,,'',0,39000,,'',0,34000,,'',0
'20240530',181009,71500,,'',0,30000,,'',0,20500,,'',0,39000,,'',0,34000,,'',0
'20240531',181009,71500,,'',0,30000,,'',0,20500,,'',0,39000,,'',0,34000,,'',0
'20240601',181009,71500,,'',0,30000,,'',0,20500,,'',0,39000,,'',0,34000,,'',0
'20240602',181009,71500,,'',0,30000,,'',0,20500,,'',0,73000,,'',0
'20240603',181009,71500,,'',0,30000,,'',0,20500,,'',0,39000,,'',0,34000,,'',0
'20240604',181009,71500,,'',0,30000,,'',0,20500,,'',0,39000,,'',0,34000,,'',0
'20240605',181009,71500,,'',0,30000,,'',0,20500,,'',0,39000,,'',0,34000,,'',0
'20240606',181009,71500,,'',0,30000,,'',0,20500,,'',0,39000,,'',0,34000,,'',0
'20240607',181009,71500,,'',0,30000,,'',0,20500,,'',0,39000,,'',0,34000,,'',0
'20240608',181009,71500,,'',0,30000,,'',0,20500,,'',0,39000,,'',0,34000,,'',0
'20240609',181009,71500,,'',0,30000,,'',0,20500,,'',0,73000,,'',0
'20240610',181009,71500,,'',0,30000,,'',0,20500,,'',0,39000,,'',0,34000,,'',0
'20240611',181009,71500,,'',0,30000,,'',0,20500,,'',0,39000,,'',0,34000,,'',0
'20240612',181009,71500,,'',0,30000,,'',0,20500,,'',0,39000,,'',0,34000,,'',0
'20240613',181009,71500,,'',0,30000,,'',0,20500,,'',0,39000,,'',0,34000,,'',0
'20240614',181009,71500,,'',0,30000,,'',0,20500,,'',0,39000,,'',0,34000,,'',0
'20240615',181009,71500,,'',0,30000,,'',0,20500,,'',0,39000,,'',0,34000,,'',0
'20240130',181309,71500,,'',0,21500,,'',0,31000,,'',0,27000,,'',0,31500,,'',0,17500,,'',0
'20240131',181309,71500,,'',0,21500,,'',0,31000,,'',0,27000,,'',0,31500,,'',0,17500,,'',0
'20240201',181309,71500,,'',0,21500,,'',0,31000,,'',0,27000,,'',0,31500,,'',0,17500,,'',0
'20240202',181309,71500,,'',0,21500,,'',0,31000,,'',0,27000,,'',0,31500,,'',0,17500,,'',0
'20240203',181309,73000,,'',0,48500,,'',0,33500,,'',0,28500,,'',0,42000,,'',0
'20240204',181309,73000,,'',0,48500,,'',0,33500,,'',0,28500,,'',0,42000,,'',0
'20240205',181309,71500,,'',0,21500,,'',0,31000,,'',0,27000,,'',0,31500,,'',0,17500,,'',0
'20240206',181309,71500,,'',0,21500,,'',0,31000,,'',0,27000,,'',0,31500,,'',0,17500,,'',0
'20240207',181309,71500,,'',0,21500,,'',0,31000,,'',0,27000,,'',0,31500,,'',0,17500,,'',0
'20240208',181309,71500,,'',0,21500,,'',0,31000,,'',0,27000,,'',0,31500,,'',0,17500,,'',0
'20240209',181309,71500,,'',0,21500,,'',0,31000,,'',0,27000,,'',0,31500,,'',0,17500,,'',0
'20240210',181309,73000,,'',0,48500,,'',0,33500,,'',0,28500,,'',0,42000,,'',0
'20240211',181309,73000,,'',0,48500,,'',0,33500,,'',0,28500,,'',0,42000,,'',0
'20240212',181309,71500,,'',0,21500,,'',0,31000,,'',0,27000,,'',0,31500,,'',0,17500,,'',0
'20240213',181309,71500,,'',0,21500,,'',0,31000,,'',0,27000,,'',0,31500,,'',0,17500,,'',0
'20240214',181309,71500,,'',0,21500,,'',0,31000,,'',0,27000,,'',0,31500,,'',0,17500,,'',0
'20240215',181309,71500,,'',0,21500,,'',0,31000,,'',0,27000,,'',0,31500,,'',0,17500,,'',0
'20240216',181309,71500,,'',0,21500,,'',0,31000,,'',0,27000,,'',0,31500,,'',0,17500,,'',0
'20240217',181309,73000,,'',0,48500,,'',0,33500,,'',0,28500,,'',0,42000,,'',0
'20240218',181309,73000,,'',0,48500,,'',0,33500,,'',0,28500,,'',0,42000,,'',0
'20240219',181309,71500,,'',0,21500,,'',0,31000,,'',0,27000,,'',0,31500,,'',0,17500,,'',0
'20240220',181309,71500,,'',0,21500,,'',0,31000,,'',0,27000,,'',0,31500,,'',0,17500,,'',0
'20240221',181309,71500,,'',0,21500,,'',0,31000,,'',0,27000,,'',0,31500,,'',0,17500,,'',0
'20240222',181309,71500,,'',0,21500,,'',0,31000,,'',0,27000,,'',0,31500,,'',0,17500,,'',0
'20240223',181309,71500,,'',0,21500,,'',0,31000,,'',0,27000,,'',0,31500,,'',0,17500,,'',0
'20240224',181309,73000,,'',0,48500,,'',0,33500,,'',0,28500,,'',0,42000,,'',0
'20240225',181309,73000,,'',0,48500,,'',0,33500,,'',0,28500,,'',0,42000,,'',0
'20240226',181309,71500,,'',0,21500,,'',0,31000,,'',0,27000,,'',0,31500,,'',0,17500,,'',0
'20240227',181309,71500,,'',0,21500,,'',0,31000,,'',0,27000,,'',0,31500,,'',0,17500,,'',0
'20240228',181309,71500,,'',0,21500,,'',0,31000,,'',0,27000,,'',0,31500,,'',0,17500,,'',0
'20240229',181309,71500,,'',0,21500,,'',0,31000,,'',0,27000,,'',0,31500,,'',0,17500,,'',0
'20240301',181309,71500,,'',0,21500,,'',0,31000,,'',0,27000,,'',0,31500,,'',0,17500,,'',0
'20240302',181309,73000,,'',0,48500,,'',0,33500,,'',0,28500,,'',0,42000,,'',0
'20240303',181309,73000,,'',0,48500,,'',0,33500,,'',0,28500,,'',0,42000,,'',0
'20240304',181309,71500,,'',0,21500,,'',0,31000,,'',0,27000,,'',0,31500,,'',0,17500,,'',0
'20240305',181309,71500,,'',0,21500,,'',0,31000,,'',0,27000,,'',0,31500,,'',0,17500,,'',0
'20240306',181309,71500,,'',0,21500,,'',0,31000,,'',0,27000,,'',0,31500,,'',0,17500,,'',0
'20240307',181309,71500,,'',0,21500,,'',0,31000,,'',0,27000,,'',0,31500,,'',0,17500,,'',0
'20240308',181309,71500,,'',0,21500,,'',0,31000,,'',0,27000,,'',0,31500,,'',0,17500,,'',0
'20240309',181309,73000,,'',0,48500,,'',0,33500,,'',0,28500,,'',0,42000,,'',0
'20240310',181309,73000,,'',0,48500,,'',0,33500,,'',0,28500,,'',0,42000,,'',0
'20240311',181309,71500,,'',0,21500,,'',0,31000,,'',0,27000,,'',0,31500,,'',0,17500,,'',0
'20240312',181309,71500,,'',0,21500,,'',0,31000,,'',0,27000,,'',0,31500,,'',0,17500,,'',0
'20240313',181309,71500,,'',0,21500,,'',0,31000,,'',0,27000,,'',0,31500,,'',0,17500,,'',0
'20240314',181309,71500,,'',0,21500,,'',0,31000,,'',0,27000,,'',0,31500,,'',0,17500,,'',0
'20240315',181309,71500,,'',0,21500,,'',0,31000,,'',0,27000,,'',0,31500,,'',0,17500,,'',0
'20240316',181309,73000,,'',0,48500,,'',0,33500,,'',0,28500,,'',0,42000,,'',0
'20240317',181309,73000,,'',0,48500,,'',0,33500,,'',0,28500,,'',0,42000,,'',0
'20240318',181309,71500,,'',0,21500,,'',0,31000,,'',0,27000,,'',0,31500,,'',0,17500,,'',0
'20240319',181309,71500,,'',0,21500,,'',0,31000,,'',0,27000,,'',0,31500,,'',0,17500,,'',0
'20240320',181309,71500,,'',0,21500,,'',0,31000,,'',0,27000,,'',0,31500,,'',0,17500,,'',0
'20240321',181309,71500,,'',0,21500,,'',0,31000,,'',0,27000,,'',0,31500,,'',0,17500,,'',0
'20240322',181309,71500,,'',0,21500,,'',0,31000,,'',0,27000,,'',0,31500,,'',0,17500,,'',0
'20240323',181309,73000,,'',0,48500,,'',0,33500,,'',0,28500,,'',0,42000,,'',0
'20240324',181309,70000,,'',0,20000,,'',0,3000,,'',0,29000,,'',0,68000,,'',0
'20240325',181309,70000,,'',0,20000,,'',0,3000,,'',0,29000,,'',0,30500,,'',0,37500,,'',0
'20240326',181309,70000,,'',0,20000,,'',0,3000,,'',0,29000,,'',0,30500,,'',0,37500,,'',0
'20240327',181309,70000,,'',0,20000,,'',0,3000,,'',0,29000,,'',0,30500,,'',0,37500,,'',0
'20240328',181309,70000,,'',0,20000,,'',0,3000,,'',0,29000,,'',0,30500,,'',0,37500,,'',0
'20240329',181309,70000,,'',0,20000,,'',0,3000,,'',0,29000,,'',0,30500,,'',0,37500,,'',0
'20240330',181309,70000,,'',0,20000,,'',0,3000,,'',0,29000,,'',0,30500,,'',0,37500,,'',0
'20240331',181309,70000,,'',0,20000,,'',0,3000,,'',0,29000,,'',0,68000,,'',0
'20240401',181309,70000,,'',0,20000,,'',0,3000,,'',0,29000,,'',0,30500,,'',0,37500,,'',0
'20240402',181309,70000,,'',0,20000,,'',0,3000,,'',0,29000,,'',0,30500,,'',0,37500,,'',0
'20240403',181309,70000,,'',0,20000,,'',0,3000,,'',0,29000,,'',0,30500,,'',0,37500,,'',0
'20240404',181309,70000,,'',0,20000,,'',0,3000,,'',0,29000,,'',0,30500,,'',0,37500,,'',0
'20240405',181309,70000,,'',0,20000,,'',0,3000,,'',0,29000,,'',0,30500,,'',0,37500,,'',0
'20240406',181309,70000,,'',0,20000,,'',0,3000,,'',0,29000,,'',0,30500,,'',0,37500,,'',0
'20240407',181309,70000,,'',0,20000,,'',0,3000,,'',0,29000,,'',0,68000,,'',0
'20240408',181309,70000,,'',0,20000,,'',0,3000,,'',0,29000,,'',0,30500,,'',0,37500,,'',0
'20240409',181309,70000,,'',0,20000,,'',0,3000,,'',0,29000,,'',0,30500,,'',0,37500,,'',0
'20240410',181309,70000,,'',0,20000,,'',0,3000,,'',0,29000,,'',0,30500,,'',0,37500,,'',0
'20240411',181309,70000,,'',0,20000,,'',0,3000,,'',0,29000,,'',0,30500,,'',0,37500,,'',0
'20240412',181309,70000,,'',0,20000,,'',0,3000,,'',0,29000,,'',0,30500,,'',0,37500,,'',0
'20240413',181309,70000,,'',0,20000,,'',0,3000,,'',0,29000,,'',0,30500,,'',0,37500,,'',0
'20240414',181309,70000,,'',0,20000,,'',0,3000,,'',0,29000,,'',0,68000,,'',0
'20240415',181309,70000,,'',0,20000,,'',0,3000,,'',0,29000,,'',0,30500,,'',0,37500,,'',0
'20240416',181309,70000,,'',0,20000,,'',0,3000,,'',0,29000,,'',0,30500,,'',0,37500,,'',0
'20240417',181309,70000,,'',0,20000,,'',0,3000,,'',0,29000,,'',0,30500,,'',0,37500,,'',0
'20240418',181309,70000,,'',0,20000,,'',0,3000,,'',0,29000,,'',0,30500,,'',0,37500,,'',0
'20240419',181309,70000,,'',0,20000,,'',0,3000,,'',0,29000,,'',0,30500,,'',0,37500,,'',0
'20240420',181309,70000,,'',0,20000,,'',0,3000,,'',0,29000,,'',0,30500,,'',0,37500,,'',0
'20240421',181309,70000,,'',0,20000,,'',0,3000,,'',0,29000,,'',0,68000,,'',0
'20240422',181309,70000,,'',0,20000,,'',0,3000,,'',0,29000,,'',0,30500,,'',0,37500,,'',0
'20240423',181309,70000,,'',0,20000,,'',0,3000,,'',0,29000,,'',0,30500,,'',0,37500,,'',0
'20240424',181309,70000,,'',0,20000,,'',0,3000,,'',0,29000,,'',0,30500,,'',0,37500,,'',0
'20240425',181309,70000,,'',0,20000,,'',0,3000,,'',0,29000,,'',0,30500,,'',0,37500,,'',0
'20240426',181309,70000,,'',0,20000,,'',0,3000,,'',0,29000,,'',0,30500,,'',0,37500,,'',0
'20240427',181309,70000,,'',0,20000,,'',0,3000,,'',0,29000,,'',0,30500,,'',0,37500,,'',0
'20240428',181309,70000,,'',0,20000,,'',0,3000,,'',0,29000,,'',0,68000,,'',0
'20240429',181309,70000,,'',0,20000,,'',0,3000,,'',0,29000,,'',0,30500,,'',0,37500,,'',0
'20240430',181309,70000,,'',0,20000,,'',0,3000,,'',0,29000,,'',0,30500,,'',0,37500,,'',0
'20240501',181309,70000,,'',0,20000,,'',0,3000,,'',0,29000,,'',0,30500,,'',0,37500,,'',0
'20240502',181309,70000,,'',0,20000,,'',0,3000,,'',0,29000,,'',0,30500,,'',0,37500,,'',0
'20240503',181309,70000,,'',0,20000,,'',0,3000,,'',0,29000,,'',0,30500,,'',0,37500,,'',0
'20240504',181309,70000,,'',0,20000,,'',0,3000,,'',0,29000,,'',0,30500,,'',0,37500,,'',0
'20240505',181309,70000,,'',0,20000,,'',0,3000,,'',0,29000,,'',0,68000,,'',0
'20240506',181309,70000,,'',0,20000,,'',0,3000,,'',0,29000,,'',0,30500,,'',0,37500,,'',0
'20240507',181309,70000,,'',0,20000,,'',0,3000,,'',0,29000,,'',0,30500,,'',0,37500,,'',0
'20240508',181309,70000,,'',0,20000,,'',0,3000,,'',0,29000,,'',0,30500,,'',0,37500,,'',0
'20240509',181309,70000,,'',0,20000,,'',0,3000,,'',0,29000,,'',0,30500,,'',0,37500,,'',0
'20240510',181309,70000,,'',0,20000,,'',0,3000,,'',0,29000,,'',0,30500,,'',0,37500,,'',0
'20240511',181309,70000,,'',0,20000,,'',0,3000,,'',0,29000,,'',0,30500,,'',0,37500,,'',0
'20240512',181309,70000,,'',0,20000,,'',0,3000,,'',0,29000,,'',0,68000,,'',0
'20240513',181309,70000,,'',0,20000,,'',0,3000,,'',0,29000,,'',0,30500,,'',0,37500,,'',0
'20240514',181309,70000,,'',0,20000,,'',0,3000,,'',0,29000,,'',0,30500,,'',0,37500,,'',0
'20240515',181309,70000,,'',0,20000,,'',0,3000,,'',0,29000,,'',0,30500,,'',0,37500,,'',0
'20240516',181309,70000,,'',0,20000,,'',0,3000,,'',0,29000,,'',0,30500,,'',0,37500,,'',0
'20240517',181309,70000,,'',0,20000,,'',0,3000,,'',0,29000,,'',0,30500,,'',0,37500,,'',0
'20240518',181309,70000,,'',0,20000,,'',0,3000,,'',0,29000,,'',0,30500,,'',0,37500,,'',0
'20240519',181309,70000,,'',0,20000,,'',0,3000,,'',0,29000,,'',0,68000,,'',0
'20240520',181309,70000,,'',0,20000,,'',0,3000,,'',0,29000,,'',0,30500,,'',0,37500,,'',0
'20240521',181309,70000,,'',0,20000,,'',0,3000,,'',0,29000,,'',0,30500,,'',0,37500,,'',0
'20240522',181309,70000,,'',0,20000,,'',0,3000,,'',0,29000,,'',0,30500,,'',0,37500,,'',0
'20240523',181309,70000,,'',0,20000,,'',0,3000,,'',0,29000,,'',0,30500,,'',0,37500,,'',0
'20240524',181309,70000,,'',0,20000,,'',0,3000,,'',0,29000,,'',0,30500,,'',0,37500,,'',0
'20240525',181309,70000,,'',0,20000,,'',0,3000,,'',0,29000,,'',0,30500,,'',0,37500,,'',0
'20240526',181309,70000,,'',0,20000,,'',0,3000,,'',0,29000,,'',0,68000,,'',0
'20240527',181309,70000,,'',0,20000,,'',0,3000,,'',0,29000,,'',0,68000,,'',0
'20240528',181309,70000,,'',0,20000,,'',0,3000,,'',0,29000,,'',0,30500,,'',0,37500,,'',0
'20240529',181309,70000,,'',0,20000,,'',0,3000,,'',0,29000,,'',0,30500,,'',0,37500,,'',0
'20240530',181309,70000,,'',0,20000,,'',0,3000,,'',0,29000,,'',0,30500,,'',0,37500,,'',0
'20240531',181309,70000,,'',0,20000,,'',0,3000,,'',0,29000,,'',0,30500,,'',0,37500,,'',0
'20240601',181309,70000,,'',0,20000,,'',0,3000,,'',0,29000,,'',0,30500,,'',0,37500,,'',0
'20240602',181309,70000,,'',0,20000,,'',0,3000,,'',0,29000,,'',0,68000,,'',0
'20240603',181309,70000,,'',0,20000,,'',0,3000,,'',0,29000,,'',0,30500,,'',0,37500,,'',0
'20240604',181309,70000,,'',0,20000,,'',0,3000,,'',0,29000,,'',0,30500,,'',0,37500,,'',0
'20240605',181309,70000,,'',0,20000,,'',0,3000,,'',0,29000,,'',0,30500,,'',0,37500,,'',0
'20240606',181309,70000,,'',0,20000,,'',0,3000,,'',0,29000,,'',0,30500,,'',0,37500,,'',0
'20240607',181309,70000,,'',0,20000,,'',0,3000,,'',0,29000,,'',0,30500,,'',0,37500,,'',0
'20240608',181309,70000,,'',0,20000,,'',0,3000,,'',0,29000,,'',0,30500,,'',0,37500,,'',0
'20240609',181309,70000,,'',0,20000,,'',0,3000,,'',0,29000,,'',0,68000,,'',0
'20240610',181309,70000,,'',0,20000,,'',0,3000,,'',0,29000,,'',0,30500,,'',0,37500,,'',0
'20240611',181309,70000,,'',0,20000,,'',0,3000,,'',0,29000,,'',0,30500,,'',0,37500,,'',0
'20240612',181309,70000,,'',0,20000,,'',0,3000,,'',0,29000,,'',0,30500,,'',0,37500,,'',0
'20240613',181309,70000,,'',0,20000,,'',0,3000,,'',0,29000,,'',0,30500,,'',0,37500,,'',0
'20240614',181309,70000,,'',0,20000,,'',0,3000,,'',0,29000,,'',0,30500,,'',0,37500,,'',0
'20240615',181309,70000,,'',0,20000,,'',0,3000,,'',0,29000,,'',0,30500,,'',0,37500,,'',0
'20240130',181509,70000,,'',0,31500,,'',0,20500,,'',0,33500,,'',0,6000,,'',0,38500,,'',0,20500,,'',0
'20240131',181509,70000,,'',0,31500,,'',0,20500,,'',0,33500,,'',0,6000,,'',0,38500,,'',0,20500,,'',0
'20240201',181509,70000,,'',0,31500,,'',0,20500,,'',0,33500,,'',0,6000,,'',0,38500,,'',0,20500,,'',0
'20240202',181509,70000,,'',0,31500,,'',0,20500,,'',0,33500,,'',0,6000,,'',0,38500,,'',0,20500,,'',0
'20240203',181509,64000,,'',0,39500,,'',0,46500,,'',0,32500,,'',0,33000,,'',0
'20240204',181509,64000,,'',0,39500,,'',0,46500,,'',0,32500,,'',0,33000,,'',0
'20240205',181509,70000,,'',0,31500,,'',0,20500,,'',0,33500,,'',0,6000,,'',0,38500,,'',0,20500,,'',0
'20240206',181509,70000,,'',0,31500,,'',0,20500,,'',0,33500,,'',0,6000,,'',0,38500,,'',0,20500,,'',0
'20240207',181509,70000,,'',0,31500,,'',0,20500,,'',0,33500,,'',0,6000,,'',0,38500,,'',0,20500,,'',0
'20240208',181509,70000,,'',0,31500,,'',0,20500,,'',0,33500,,'',0,6000,,'',0,38500,,'',0,20500,,'',0
'20240209',181509,70000,,'',0,31500,,'',0,20500,,'',0,33500,,'',0,6000,,'',0,38500,,'',0,20500,,'',0
'20240210',181509,64000,,'',0,39500,,'',0,46500,,'',0,32500,,'',0,33000,,'',0
'20240211',181509,64000,,'',0,39500,,'',0,46500,,'',0,32500,,'',0,33000,,'',0
'20240212',181509,70000,,'',0,31500,,'',0,20500,,'',0,33500,,'',0,6000,,'',0,38500,,'',0,20500,,'',0
'20240213',181509,70000,,'',0,31500,,'',0,20500,,'',0,33500,,'',0,6000,,'',0,38500,,'',0,20500,,'',0
'20240214',181509,70000,,'',0,31500,,'',0,20500,,'',0,33500,,'',0,6000,,'',0,38500,,'',0,20500,,'',0
'20240215',181509,70000,,'',0,31500,,'',0,20500,,'',0,33500,,'',0,6000,,'',0,38500,,'',0,20500,,'',0
'20240216',181509,70000,,'',0,31500,,'',0,20500,,'',0,33500,,'',0,6000,,'',0,38500,,'',0,20500,,'',0
'20240217',181509,64000,,'',0,39500,,'',0,46500,,'',0,32500,,'',0,33000,,'',0
'20240218',181509,64000,,'',0,39500,,'',0,46500,,'',0,32500,,'',0,33000,,'',0
'20240219',181509,70000,,'',0,31500,,'',0,20500,,'',0,33500,,'',0,6000,,'',0,38500,,'',0,20500,,'',0
'20240220',181509,70000,,'',0,31500,,'',0,20500,,'',0,33500,,'',0,6000,,'',0,38500,,'',0,20500,,'',0
'20240221',181509,70000,,'',0,31500,,'',0,20500,,'',0,33500,,'',0,6000,,'',0,38500,,'',0,20500,,'',0
'20240222',181509,70000,,'',0,31500,,'',0,20500,,'',0,33500,,'',0,6000,,'',0,38500,,'',0,20500,,'',0
'20240223',181509,70000,,'',0,31500,,'',0,20500,,'',0,33500,,'',0,6000,,'',0,38500,,'',0,20500,,'',0
'20240224',181509,64000,,'',0,39500,,'',0,46500,,'',0,32500,,'',0,33000,,'',0
'20240225',181509,64000,,'',0,39500,,'',0,46500,,'',0,32500,,'',0,33000,,'',0
'20240226',181509,70000,,'',0,31500,,'',0,20500,,'',0,33500,,'',0,6000,,'',0,38500,,'',0,20500,,'',0
'20240227',181509,70000,,'',0,31500,,'',0,20500,,'',0,33500,,'',0,6000,,'',0,38500,,'',0,20500,,'',0
'20240228',181509,70000,,'',0,31500,,'',0,20500,,'',0,33500,,'',0,6000,,'',0,38500,,'',0,20500,,'',0
'20240229',181509,70000,,'',0,31500,,'',0,20500,,'',0,33500,,'',0,6000,,'',0,38500,,'',0,20500,,'',0
'20240301',181509,70000,,'',0,31500,,'',0,20500,,'',0,33500,,'',0,6000,,'',0,38500,,'',0,20500,,'',0
'20240302',181509,64000,,'',0,39500,,'',0,46500,,'',0,32500,,'',0,33000,,'',0
'20240303',181509,64000,,'',0,39500,,'',0,46500,,'',0,32500,,'',0,33000,,'',0
'20240304',181509,70000,,'',0,31500,,'',0,20500,,'',0,33500,,'',0,6000,,'',0,38500,,'',0,20500,,'',0
'20240305',181509,70000,,'',0,31500,,'',0,20500,,'',0,33500,,'',0,6000,,'',0,38500,,'',0,20500,,'',0
'20240306',181509,70000,,'',0,31500,,'',0,20500,,'',0,33500,,'',0,6000,,'',0,38500,,'',0,20500,,'',0
'20240307',181509,70000,,'',0,31500,,'',0,20500,,'',0,33500,,'',0,6000,,'',0,38500,,'',0,20500,,'',0
'20240308',181509,70000,,'',0,31500,,'',0,20500,,'',0,33500,,'',0,6000,,'',0,38500,,'',0,20500,,'',0
'20240309',181509,64000,,'',0,39500,,'',0,46500,,'',0,32500,,'',0,33000,,'',0
'20240310',181509,64000,,'',0,39500,,'',0,46500,,'',0,32500,,'',0,33000,,'',0
'20240311',181509,70000,,'',0,31500,,'',0,20500,,'',0,33500,,'',0,6000,,'',0,38500,,'',0,20500,,'',0
'20240312',181509,70000,,'',0,31500,,'',0,20500,,'',0,33500,,'',0,6000,,'',0,38500,,'',0,20500,,'',0
'20240313',181509,70000,,'',0,31500,,'',0,20500,,'',0,33500,,'',0,6000,,'',0,38500,,'',0,20500,,'',0
'20240314',181509,70000,,'',0,31500,,'',0,20500,,'',0,33500,,'',0,6000,,'',0,38500,,'',0,20500,,'',0
'20240315',181509,70000,,'',0,31500,,'',0,20500,,'',0,33500,,'',0,6000,,'',0,38500,,'',0,20500,,'',0
'20240316',181509,64000,,'',0,39500,,'',0,46500,,'',0,32500,,'',0,33000,,'',0
'20240317',181509,64000,,'',0,39500,,'',0,46500,,'',0,32500,,'',0,33000,,'',0
'20240318',181509,70000,,'',0,31500,,'',0,20500,,'',0,33500,,'',0,6000,,'',0,38500,,'',0,20500,,'',0
'20240319',181509,70000,,'',0,31500,,'',0,20500,,'',0,33500,,'',0,6000,,'',0,38500,,'',0,20500,,'',0
'20240320',181509,70000,,'',0,31500,,'',0,20500,,'',0,33500,,'',0,6000,,'',0,38500,,'',0,20500,,'',0
'20240321',181509,70000,,'',0,31500,,'',0,20500,,'',0,33500,,'',0,6000,,'',0,38500,,'',0,20500,,'',0
'20240322',181509,70000,,'',0,31500,,'',0,20500,,'',0,33500,,'',0,6000,,'',0,38500,,'',0,20500,,'',0
'20240323',181509,64000,,'',0,39500,,'',0,46500,,'',0,32500,,'',0,33000,,'',0
'20240324',181509,71500,,'',0,30000,,'',0,20500,,'',0,41500,,'',0,29000,,'',0,2500,,'',0,19500,,'',0
'20240325',181509,71500,,'',0,30000,,'',0,20500,,'',0,39000,,'',0,2500,,'',0,29000,,'',0,2500,,'',0,19500,,'',0
'20240326',181509,71500,,'',0,30000,,'',0,20500,,'',0,39000,,'',0,2500,,'',0,29000,,'',0,2500,,'',0,19500,,'',0
'20240327',181509,71500,,'',0,30000,,'',0,20500,,'',0,39000,,'',0,2500,,'',0,29000,,'',0,2500,,'',0,19500,,'',0
'20240328',181509,71500,,'',0,30000,,'',0,20500,,'',0,39000,,'',0,2500,,'',0,29000,,'',0,2500,,'',0,19500,,'',0
'20240329',181509,71500,,'',0,30000,,'',0,20500,,'',0,39000,,'',0,2500,,'',0,29000,,'',0,2500,,'',0,19500,,'',0
'20240330',181509,71500,,'',0,30000,,'',0,20500,,'',0,39000,,'',0,2500,,'',0,29000,,'',0,2500,,'',0,19500,,'',0
'20240331',181509,71500,,'',0,30000,,'',0,20500,,'',0,41500,,'',0,29000,,'',0,2500,,'',0,19500,,'',0
'20240401',181509,71500,,'',0,30000,,'',0,20500,,'',0,39000,,'',0,2500,,'',0,29000,,'',0,2500,,'',0,19500,,'',0
'20240402',181509,71500,,'',0,30000,,'',0,20500,,'',0,39000,,'',0,2500,,'',0,29000,,'',0,2500,,'',0,19500,,'',0
'20240403',181509,71500,,'',0,30000,,'',0,20500,,'',0,39000,,'',0,2500,,'',0,29000,,'',0,2500,,'',0,19500,,'',0
'20240404',181509,71500,,'',0,30000,,'',0,20500,,'',0,39000,,'',0,2500,,'',0,29000,,'',0,2500,,'',0,19500,,'',0
'20240405',181509,71500,,'',0,30000,,'',0,20500,,'',0,39000,,'',0,2500,,'',0,29000,,'',0,2500,,'',0,19500,,'',0
'20240406',181509,71500,,'',0,30000,,'',0,20500,,'',0,39000,,'',0,2500,,'',0,29000,,'',0,2500,,'',0,19500,,'',0
'20240407',181509,71500,,'',0,30000,,'',0,20500,,'',0,41500,,'',0,29000,,'',0,2500,,'',0,19500,,'',0
'20240408',181509,71500,,'',0,30000,,'',0,20500,,'',0,39000,,'',0,2500,,'',0,29000,,'',0,2500,,'',0,19500,,'',0
'20240409',181509,71500,,'',0,30000,,'',0,20500,,'',0,39000,,'',0,2500,,'',0,29000,,'',0,2500,,'',0,19500,,'',0
'20240410',181509,71500,,'',0,30000,,'',0,20500,,'',0,39000,,'',0,2500,,'',0,29000,,'',0,2500,,'',0,19500,,'',0
'20240411',181509,71500,,'',0,30000,,'',0,20500,,'',0,39000,,'',0,2500,,'',0,29000,,'',0,2500,,'',0,19500,,'',0
'20240412',181509,71500,,'',0,30000,,'',0,20500,,'',0,39000,,'',0,2500,,'',0,29000,,'',0,2500,,'',0,19500,,'',0
'20240413',181509,71500,,'',0,30000,,'',0,20500,,'',0,39000,,'',0,2500,,'',0,29000,,'',0,2500,,'',0,19500,,'',0
'20240414',181509,71500,,'',0,30000,,'',0,20500,,'',0,41500,,'',0,29000,,'',0,2500,,'',0,19500,,'',0
'20240415',181509,71500,,'',0,30000,,'',0,20500,,'',0,39000,,'',0,2500,,'',0,29000,,'',0,2500,,'',0,19500,,'',0
'20240416',181509,71500,,'',0,30000,,'',0,20500,,'',0,39000,,'',0,2500,,'',0,29000,,'',0,2500,,'',0,19500,,'',0
'20240417',181509,71500,,'',0,30000,,'',0,20500,,'',0,39000,,'',0,2500,,'',0,29000,,'',0,2500,,'',0,19500,,'',0
'20240418',181509,71500,,'',0,30000,,'',0,20500,,'',0,39000,,'',0,2500,,'',0,29000,,'',0,2500,,'',0,19500,,'',0
'20240419',181509,71500,,'',0,30000,,'',0,20500,,'',0,39000,,'',0,2500,,'',0,29000,,'',0,2500,,'',0,19500,,'',0
'20240420',181509,71500,,'',0,30000,,'',0,20500,,'',0,39000,,'',0,2500,,'',0,29000,,'',0,2500,,'',0,19500,,'',0
'20240421',181509,71500,,'',0,30000,,'',0,20500,,'',0,41500,,'',0,29000,,'',0,2500,,'',0,19500,,'',0
'20240422',181509,71500,,'',0,30000,,'',0,20500,,'',0,39000,,'',0,2500,,'',0,29000,,'',0,2500,,'',0,19500,,'',0
'20240423',181509,71500,,'',0,30000,,'',0,20500,,'',0,39000,,'',0,2500,,'',0,29000,,'',0,2500,,'',0,19500,,'',0
'20240424',181509,71500,,'',0,30000,,'',0,20500,,'',0,39000,,'',0,2500,,'',0,29000,,'',0,2500,,'',0,19500,,'',0
'20240425',181509,71500,,'',0,30000,,'',0,20500,,'',0,39000,,'',0,2500,,'',0,29000,,'',0,2500,,'',0,19500,,'',0
'20240426',181509,71500,,'',0,30000,,'',0,20500,,'',0,39000,,'',0,2500,,'',0,29000,,'',0,2500,,'',0,19500,,'',0
'20240427',181509,71500,,'',0,30000,,'',0,20500,,'',0,39000,,'',0,2500,,'',0,29000,,'',0,2500,,'',0,19500,,'',0
'20240428',181509,71500,,'',0,30000,,'',0,20500,,'',0,41500,,'',0,29000,,'',0,2500,,'',0,19500,,'',0
'20240429',181509,71500,,'',0,30000,,'',0,20500,,'',0,39000,,'',0,2500,,'',0,29000,,'',0,2500,,'',0,19500,,'',0
'20240430',181509,71500,,'',0,30000,,'',0,20500,,'',0,39000,,'',0,2500,,'',0,29000,,'',0,2500,,'',0,19500,,'',0
'20240501',181509,71500,,'',0,30000,,'',0,20500,,'',0,39000,,'',0,2500,,'',0,29000,,'',0,2500,,'',0,19500,,'',0
'20240502',181509,71500,,'',0,30000,,'',0,20500,,'',0,39000,,'',0,2500,,'',0,29000,,'',0,2500,,'',0,19500,,'',0
'20240503',181509,71500,,'',0,30000,,'',0,20500,,'',0,39000,,'',0,2500,,'',0,29000,,'',0,2500,,'',0,19500,,'',0
'20240504',181509,71500,,'',0,30000,,'',0,20500,,'',0,39000,,'',0,2500,,'',0,29000,,'',0,2500,,'',0,19500,,'',0
'20240505',181509,71500,,'',0,30000,,'',0,20500,,'',0,41500,,'',0,29000,,'',0,2500,,'',0,19500,,'',0
'20240506',181509,71500,,'',0,30000,,'',0,20500,,'',0,39000,,'',0,2500,,'',0,29000,,'',0,2500,,'',0,19500,,'',0
'20240507',181509,71500,,'',0,30000,,'',0,20500,,'',0,39000,,'',0,2500,,'',0,29000,,'',0,2500,,'',0,19500,,'',0
'20240508',181509,71500,,'',0,30000,,'',0,20500,,'',0,39000,,'',0,2500,,'',0,29000,,'',0,2500,,'',0,19500,,'',0
'20240509',181509,71500,,'',0,30000,,'',0,20500,,'',0,39000,,'',0,2500,,'',0,29000,,'',0,2500,,'',0,19500,,'',0
'20240510',181509,71500,,'',0,30000,,'',0,20500,,'',0,39000,,'',0,2500,,'',0,29000,,'',0,2500,,'',0,19500,,'',0
'20240511',181509,71500,,'',0,30000,,'',0,20500,,'',0,39000,,'',0,2500,,'',0,29000,,'',0,2500,,'',0,19500,,'',0
'20240512',181509,71500,,'',0,30000,,'',0,20500,,'',0,41500,,'',0,29000,,'',0,2500,,'',0,19500,,'',0
'20240513',181509,71500,,'',0,30000,,'',0,20500,,'',0,39000,,'',0,2500,,'',0,29000,,'',0,2500,,'',0,19500,,'',0
'20240514',181509,71500,,'',0,30000,,'',0,20500,,'',0,39000,,'',0,2500,,'',0,29000,,'',0,2500,,'',0,19500,,'',0
'20240515',181509,71500,,'',0,30000,,'',0,20500,,'',0,39000,,'',0,2500,,'',0,29000,,'',0,2500,,'',0,19500,,'',0
'20240516',181509,71500,,'',0,30000,,'',0,20500,,'',0,39000,,'',0,2500,,'',0,29000,,'',0,2500,,'',0,19500,,'',0
'20240517',181509,71500,,'',0,30000,,'',0,20500,,'',0,39000,,'',0,2500,,'',0,29000,,'',0,2500,,'',0,19500,,'',0
'20240518',181509,71500,,'',0,30000,,'',0,20500,,'',0,39000,,'',0,2500,,'',0,29000,,'',0,2500,,'',0,19500,,'',0
'20240519',181509,71500,,'',0,30000,,'',0,20500,,'',0,41500,,'',0,29000,,'',0,2500,,'',0,19500,,'',0
'20240520',181509,71500,,'',0,30000,,'',0,20500,,'',0,39000,,'',0,2500,,'',0,29000,,'',0,2500,,'',0,19500,,'',0
'20240521',181509,71500,,'',0,30000,,'',0,20500,,'',0,39000,,'',0,2500,,'',0,29000,,'',0,2500,,'',0,19500,,'',0
'20240522',181509,71500,,'',0,30000,,'',0,20500,,'',0,39000,,'',0,2500,,'',0,29000,,'',0,2500,,'',0,19500,,'',0
'20240523',181509,71500,,'',0,30000,,'',0,20500,,'',0,39000,,'',0,2500,,'',0,29000,,'',0,2500,,'',0,19500,,'',0
'20240524',181509,71500,,'',0,30000,,'',0,20500,,'',0,39000,,'',0,2500,,'',0,29000,,'',0,2500,,'',0,19500,,'',0
'20240525',181509,71500,,'',0,30000,,'',0,20500,,'',0,39000,,'',0,2500,,'',0,29000,,'',0,2500,,'',0,19500,,'',0
'20240526',181509,71500,,'',0,30000,,'',0,20500,,'',0,41500,,'',0,29000,,'',0,2500,,'',0,19500,,'',0
'20240527',181509,71500,,'',0,30000,,'',0,20500,,'',0,41500,,'',0,29000,,'',0,2500,,'',0,19500,,'',0
'20240528',181509,71500,,'',0,30000,,'',0,20500,,'',0,39000,,'',0,2500,,'',0,29000,,'',0,2500,,'',0,19500,,'',0
'20240529',181509,71500,,'',0,30000,,'',0,20500,,'',0,39000,,'',0,2500,,'',0,29000,,'',0,2500,,'',0,19500,,'',0
'20240530',181509,71500,,'',0,30000,,'',0,20500,,'',0,39000,,'',0,2500,,'',0,29000,,'',0,2500,,'',0,19500,,'',0
'20240531',181509,71500,,'',0,30000,,'',0,20500,,'',0,39000,,'',0,2500,,'',0,29000,,'',0,2500,,'',0,19500,,'',0
'20240601',181509,71500,,'',0,30000,,'',0,20500,,'',0,39000,,'',0,2500,,'',0,29000,,'',0,2500,,'',0,19500,,'',0
'20240602',181509,71500,,'',0,30000,,'',0,20500,,'',0,41500,,'',0,29000,,'',0,2500,,'',0,19500,,'',0
'20240603',181509,71500,,'',0,30000,,'',0,20500,,'',0,39000,,'',0,2500,,'',0,29000,,'',0,2500,,'',0,19500,,'',0
'20240604',181509,71500,,'',0,30000,,'',0,20500,,'',0,39000,,'',0,2500,,'',0,29000,,'',0,2500,,'',0,19500,,'',0
'20240605',181509,71500,,'',0,30000,,'',0,20500,,'',0,39000,,'',0,2500,,'',0,29000,,'',0,2500,,'',0,19500,,'',0
'20240606',181509,71500,,'',0,30000,,'',0,20500,,'',0,39000,,'',0,2500,,'',0,29000,,'',0,2500,,'',0,19500,,'',0
'20240607',181509,71500,,'',0,30000,,'',0,20500,,'',0,39000,,'',0,2500,,'',0,29000,,'',0,2500,,'',0,19500,,'',0
'20240608',181509,71500,,'',0,30000,,'',0,20500,,'',0,39000,,'',0,2500,,'',0,29000,,'',0,2500,,'',0,19500,,'',0
'20240609',181509,71500,,'',0,30000,,'',0,20500,,'',0,41500,,'',0,29000,,'',0,2500,,'',0,19500,,'',0
'20240610',181509,71500,,'',0,30000,,'',0,20500,,'',0,39000,,'',0,2500,,'',0,29000,,'',0,2500,,'',0,19500,,'',0
'20240611',181509,71500,,'',0,30000,,'',0,20500,,'',0,39000,,'',0,2500,,'',0,29000,,'',0,2500,,'',0,19500,,'',0
'20240612',181509,71500,,'',0,30000,,'',0,20500,,'',0,39000,,'',0,2500,,'',0,29000,,'',0,2500,,'',0,19500,,'',0
'20240613',181509,71500,,'',0,30000,,'',0,20500,,'',0,39000,,'',0,2500,,'',0,29000,,'',0,2500,,'',0,19500,,'',0
'20240614',181509,71500,,'',0,30000,,'',0,20500,,'',0,39000,,'',0,2500,,'',0,29000,,'',0,2500,,'',0,19500,,'',0
'20240615',181509,71500,,'',0,30000,,'',0,20500,,'',0,39000,,'',0,2500,,'',0,29000,,'',0,2500,,'',0,19500,,'',0
