'20230314',20909,45000,4,'',0,9000,4,'',0,9000,4,'',0,9000,4,'',0,18500,4,'',0,13000,4,'',0,12000,4,'',0,10000,4,'',0,8500,4,'',0,16000,4,'',0,4000,4,'',0,9500,4,'',0,7000,4,'',0,9500,4,'',0,4000,4,'',0,10000,4,'',0,6000,4,'',0,5000,4,'',0,6500,4,'',0,28500,4,'',0,11500,4,'',0
'20230315',20909,45000,4,'',0,9000,4,'',0,9000,4,'',0,9000,4,'',0,18500,4,'',0,13000,4,'',0,12000,4,'',0,10000,4,'',0,8500,4,'',0,16000,4,'',0,4000,4,'',0,9500,4,'',0,7000,4,'',0,9500,4,'',0,4000,4,'',0,10000,4,'',0,6000,4,'',0,5000,4,'',0,6500,4,'',0,28500,4,'',0,11500,4,'',0
'20230316',20909,45000,4,'',0,9000,4,'',0,9000,4,'',0,9000,4,'',0,18500,4,'',0,13000,4,'',0,12000,4,'',0,10000,4,'',0,8500,4,'',0,16000,4,'',0,4000,4,'',0,9500,4,'',0,7000,4,'',0,9500,4,'',0,4000,4,'',0,10000,4,'',0,6000,4,'',0,5000,4,'',0,6500,4,'',0,28500,4,'',0,11500,4,'',0
'20230317',20909,45000,4,'',0,9000,4,'',0,9000,4,'',0,9000,4,'',0,18500,4,'',0,13000,4,'',0,12000,4,'',0,10000,4,'',0,8500,4,'',0,16000,4,'',0,4000,4,'',0,9500,4,'',0,7000,4,'',0,9500,4,'',0,4000,4,'',0,10000,4,'',0,6000,4,'',0,5000,4,'',0,6500,4,'',0,28500,4,'',0,11500,4,'',0
'20230318',20909,50000,4,'',0,13500,4,'',0,10000,4,'',0,6500,4,'',0,11500,4,'',0,3000,4,'',0,18000,4,'',0,17500,4,'',0,5000,4,'',0,18000,4,'',0,18000,4,'',0,3500,4,'',0,18000,4,'',0,2000,4,'',0,15500,4,'',0,30000,4,'',0,11500,4,'',0
'20230319',20909,50000,4,'',0,13500,4,'',0,10000,4,'',0,6500,4,'',0,11500,4,'',0,3000,4,'',0,18000,4,'',0,17500,4,'',0,5000,4,'',0,18000,4,'',0,18000,4,'',0,3500,4,'',0,18000,4,'',0,2000,4,'',0,15500,4,'',0,30000,4,'',0,11500,4,'',0
'20230320',20909,45000,4,'',0,9000,4,'',0,9000,4,'',0,9000,4,'',0,18500,4,'',0,13000,4,'',0,12000,4,'',0,10000,4,'',0,8500,4,'',0,16000,4,'',0,4000,4,'',0,9500,4,'',0,7000,4,'',0,9500,4,'',0,4000,4,'',0,10000,4,'',0,6000,4,'',0,5000,4,'',0,6500,4,'',0,28500,4,'',0,11500,4,'',0
'20230321',20909,45000,4,'',0,9000,4,'',0,9000,4,'',0,9000,4,'',0,18500,4,'',0,13000,4,'',0,12000,4,'',0,10000,4,'',0,8500,4,'',0,16000,4,'',0,4000,4,'',0,9500,4,'',0,7000,4,'',0,9500,4,'',0,4000,4,'',0,10000,4,'',0,6000,4,'',0,5000,4,'',0,6500,4,'',0,28500,4,'',0,11500,4,'',0
'20230322',20909,45000,4,'',0,9000,4,'',0,9000,4,'',0,9000,4,'',0,18500,4,'',0,13000,4,'',0,12000,4,'',0,10000,4,'',0,8500,4,'',0,16000,4,'',0,4000,4,'',0,9500,4,'',0,7000,4,'',0,9500,4,'',0,4000,4,'',0,10000,4,'',0,6000,4,'',0,5000,4,'',0,6500,4,'',0,28500,4,'',0,11500,4,'',0
'20230323',20909,45000,4,'',0,9000,4,'',0,9000,4,'',0,9000,4,'',0,18500,4,'',0,13000,4,'',0,12000,4,'',0,10000,4,'',0,8500,4,'',0,16000,4,'',0,4000,4,'',0,9500,4,'',0,7000,4,'',0,9500,4,'',0,4000,4,'',0,10000,4,'',0,6000,4,'',0,5000,4,'',0,6500,4,'',0,28500,4,'',0,11500,4,'',0
'20230324',20909,45000,4,'',0,9000,4,'',0,9000,4,'',0,9000,4,'',0,18500,4,'',0,13000,4,'',0,12000,4,'',0,10000,4,'',0,8500,4,'',0,16000,4,'',0,4000,4,'',0,9500,4,'',0,7000,4,'',0,9500,4,'',0,4000,4,'',0,10000,4,'',0,6000,4,'',0,5000,4,'',0,6500,4,'',0,28500,4,'',0,11500,4,'',0
'20230325',20909,50000,4,'',0,13500,4,'',0,10000,4,'',0,6500,4,'',0,11500,4,'',0,3000,4,'',0,18000,4,'',0,17500,4,'',0,5000,4,'',0,18000,4,'',0,18000,4,'',0,3500,4,'',0,18000,4,'',0,2000,4,'',0,15500,4,'',0,30000,4,'',0,11500,4,'',0
'20230314',22909,42500,4,'',0,2500,4,'',0,9000,4,'',0,9500,4,'',0,8500,4,'',0,1500,4,'',0,8000,4,'',0,9000,4,'',0,1500,4,'',0,9500,4,'',0,2000,4,'',0,17500,4,'',0,9000,4,'',0,10000,4,'',0,14000,4,'',0,16500,4,'',0,10000,4,'',0,9500,4,'',0,13500,4,'',0,1500,4,'',0,17500,4,'',0,9500,4,'',0,11500,4,'',0
'20230315',22909,42500,4,'',0,2500,4,'',0,9000,4,'',0,9500,4,'',0,8500,4,'',0,1500,4,'',0,8000,4,'',0,9000,4,'',0,1500,4,'',0,9500,4,'',0,2000,4,'',0,17500,4,'',0,9000,4,'',0,10000,4,'',0,14000,4,'',0,16500,4,'',0,10000,4,'',0,9500,4,'',0,13500,4,'',0,1500,4,'',0,17500,4,'',0,9500,4,'',0,11500,4,'',0
'20230316',22909,42500,4,'',0,2500,4,'',0,9000,4,'',0,9500,4,'',0,8500,4,'',0,1500,4,'',0,8000,4,'',0,9000,4,'',0,1500,4,'',0,9500,4,'',0,2000,4,'',0,17500,4,'',0,9000,4,'',0,10000,4,'',0,14000,4,'',0,16500,4,'',0,10000,4,'',0,9500,4,'',0,13500,4,'',0,1500,4,'',0,17500,4,'',0,9500,4,'',0,11500,4,'',0
'20230317',22909,42500,4,'',0,2500,4,'',0,9000,4,'',0,9500,4,'',0,8500,4,'',0,1500,4,'',0,8000,4,'',0,9000,4,'',0,1500,4,'',0,9500,4,'',0,2000,4,'',0,17500,4,'',0,9000,4,'',0,10000,4,'',0,14000,4,'',0,16500,4,'',0,10000,4,'',0,9500,4,'',0,13500,4,'',0,1500,4,'',0,17500,4,'',0,9500,4,'',0,11500,4,'',0
'20230318',22909,50000,4,'',0,13500,4,'',0,10000,4,'',0,6500,4,'',0,11500,4,'',0,3000,4,'',0,6500,4,'',0,9500,4,'',0,2000,4,'',0,8000,4,'',0,9500,4,'',0,5000,4,'',0,6000,4,'',0,9500,4,'',0,2500,4,'',0,7500,4,'',0,10500,4,'',0,3500,4,'',0,6000,4,'',0,12000,4,'',0,2000,4,'',0,10000,4,'',0,5500,4,'',0,12500,4,'',0,9500,4,'',0,11500,4,'',0
'20230319',22909,50000,4,'',0,13500,4,'',0,10000,4,'',0,6500,4,'',0,11500,4,'',0,3000,4,'',0,6500,4,'',0,9500,4,'',0,2000,4,'',0,8000,4,'',0,9500,4,'',0,5000,4,'',0,6000,4,'',0,9500,4,'',0,2500,4,'',0,7500,4,'',0,10500,4,'',0,3500,4,'',0,6000,4,'',0,12000,4,'',0,2000,4,'',0,10000,4,'',0,5500,4,'',0,12500,4,'',0,9500,4,'',0,11500,4,'',0
'20230320',22909,42500,4,'',0,2500,4,'',0,9000,4,'',0,9500,4,'',0,8500,4,'',0,1500,4,'',0,8000,4,'',0,9000,4,'',0,1500,4,'',0,9500,4,'',0,2000,4,'',0,17500,4,'',0,9000,4,'',0,10000,4,'',0,14000,4,'',0,16500,4,'',0,10000,4,'',0,9500,4,'',0,13500,4,'',0,1500,4,'',0,17500,4,'',0,9500,4,'',0,11500,4,'',0
'20230321',22909,42500,4,'',0,2500,4,'',0,9000,4,'',0,9500,4,'',0,8500,4,'',0,1500,4,'',0,8000,4,'',0,9000,4,'',0,1500,4,'',0,9500,4,'',0,2000,4,'',0,17500,4,'',0,9000,4,'',0,10000,4,'',0,14000,4,'',0,16500,4,'',0,10000,4,'',0,9500,4,'',0,13500,4,'',0,1500,4,'',0,17500,4,'',0,9500,4,'',0,11500,4,'',0
'20230322',22909,42500,4,'',0,2500,4,'',0,9000,4,'',0,9500,4,'',0,8500,4,'',0,1500,4,'',0,8000,4,'',0,9000,4,'',0,1500,4,'',0,9500,4,'',0,2000,4,'',0,17500,4,'',0,9000,4,'',0,10000,4,'',0,14000,4,'',0,16500,4,'',0,10000,4,'',0,9500,4,'',0,13500,4,'',0,1500,4,'',0,17500,4,'',0,9500,4,'',0,11500,4,'',0
'20230323',22909,42500,4,'',0,2500,4,'',0,9000,4,'',0,9500,4,'',0,8500,4,'',0,1500,4,'',0,8000,4,'',0,9000,4,'',0,1500,4,'',0,9500,4,'',0,2000,4,'',0,17500,4,'',0,9000,4,'',0,10000,4,'',0,14000,4,'',0,16500,4,'',0,10000,4,'',0,9500,4,'',0,13500,4,'',0,1500,4,'',0,17500,4,'',0,9500,4,'',0,11500,4,'',0
'20230324',22909,42500,4,'',0,2500,4,'',0,9000,4,'',0,9500,4,'',0,8500,4,'',0,1500,4,'',0,8000,4,'',0,9000,4,'',0,1500,4,'',0,9500,4,'',0,2000,4,'',0,17500,4,'',0,9000,4,'',0,10000,4,'',0,14000,4,'',0,16500,4,'',0,10000,4,'',0,9500,4,'',0,13500,4,'',0,1500,4,'',0,17500,4,'',0,9500,4,'',0,11500,4,'',0
'20230325',22909,50000,4,'',0,13500,4,'',0,10000,4,'',0,6500,4,'',0,11500,4,'',0,3000,4,'',0,6500,4,'',0,9500,4,'',0,2000,4,'',0,8000,4,'',0,9500,4,'',0,5000,4,'',0,6000,4,'',0,9500,4,'',0,2500,4,'',0,7500,4,'',0,10500,4,'',0,3500,4,'',0,6000,4,'',0,12000,4,'',0,2000,4,'',0,10000,4,'',0,5500,4,'',0,12500,4,'',0,9500,4,'',0,11500,4,'',0
'20230314',92009,42500,,'',0,8000,,'',0,4500,,'',0,19000,,'',0,17000,,'',0,11500,,'',0,10500,,'',0,8500,,'',0,12000,,'',0,7500,,'',0,9500,,'',0,4500,,'',0,8500,,'',0,8000,,'',0,10000,,'',0,2000,,'',0,10000,,'',0,2000,,'',0,10000,,'',0,18000,,'',0,11500,,'',0,15500,,'',0
'20230315',92009,42500,,'',0,8000,,'',0,4500,,'',0,19000,,'',0,17000,,'',0,11500,,'',0,10500,,'',0,8500,,'',0,12000,,'',0,7500,,'',0,9500,,'',0,4500,,'',0,8500,,'',0,8000,,'',0,10000,,'',0,2000,,'',0,10000,,'',0,2000,,'',0,10000,,'',0,18000,,'',0,11500,,'',0,15500,,'',0
'20230316',92009,42500,,'',0,8000,,'',0,4500,,'',0,19000,,'',0,17000,,'',0,11500,,'',0,10500,,'',0,8500,,'',0,12000,,'',0,7500,,'',0,9500,,'',0,4500,,'',0,8500,,'',0,8000,,'',0,10000,,'',0,2000,,'',0,10000,,'',0,2000,,'',0,10000,,'',0,18000,,'',0,11500,,'',0,15500,,'',0
'20230317',92009,42500,,'',0,8000,,'',0,4500,,'',0,19000,,'',0,17000,,'',0,11500,,'',0,10500,,'',0,8500,,'',0,12000,,'',0,7500,,'',0,9500,,'',0,4500,,'',0,8500,,'',0,8000,,'',0,10000,,'',0,2000,,'',0,10000,,'',0,2000,,'',0,10000,,'',0,18000,,'',0,11500,,'',0,15500,,'',0
'20230318',92009,51000,,'',0,13500,,'',0,10500,,'',0,6500,,'',0,14000,,'',0,18000,,'',0,8000,,'',0,18500,,'',0,14000,,'',0,7500,,'',0,14000,,'',0,6000,,'',0,12000,,'',0,11500,,'',0,18500,,'',0,11500,,'',0,15500,,'',0
'20230319',92009,51000,,'',0,13500,,'',0,10500,,'',0,6500,,'',0,14000,,'',0,18000,,'',0,8000,,'',0,18500,,'',0,14000,,'',0,7500,,'',0,14000,,'',0,6000,,'',0,12000,,'',0,11500,,'',0,18500,,'',0,11500,,'',0,15500,,'',0
'20230320',92009,42500,,'',0,8000,,'',0,4500,,'',0,19000,,'',0,17000,,'',0,11500,,'',0,10500,,'',0,8500,,'',0,12000,,'',0,7500,,'',0,9500,,'',0,4500,,'',0,8500,,'',0,8000,,'',0,10000,,'',0,2000,,'',0,10000,,'',0,2000,,'',0,10000,,'',0,18000,,'',0,11500,,'',0,15500,,'',0
'20230321',92009,42500,,'',0,8000,,'',0,4500,,'',0,19000,,'',0,17000,,'',0,11500,,'',0,10500,,'',0,8500,,'',0,12000,,'',0,7500,,'',0,9500,,'',0,4500,,'',0,8500,,'',0,8000,,'',0,10000,,'',0,2000,,'',0,10000,,'',0,2000,,'',0,10000,,'',0,18000,,'',0,11500,,'',0,15500,,'',0
'20230322',92009,42500,,'',0,8000,,'',0,4500,,'',0,19000,,'',0,17000,,'',0,11500,,'',0,10500,,'',0,8500,,'',0,12000,,'',0,7500,,'',0,9500,,'',0,4500,,'',0,8500,,'',0,8000,,'',0,10000,,'',0,2000,,'',0,10000,,'',0,2000,,'',0,10000,,'',0,18000,,'',0,11500,,'',0,15500,,'',0
'20230323',92009,42500,,'',0,8000,,'',0,4500,,'',0,19000,,'',0,17000,,'',0,11500,,'',0,10500,,'',0,8500,,'',0,12000,,'',0,7500,,'',0,9500,,'',0,4500,,'',0,8500,,'',0,8000,,'',0,10000,,'',0,2000,,'',0,10000,,'',0,2000,,'',0,10000,,'',0,18000,,'',0,11500,,'',0,15500,,'',0
'20230324',92009,42500,,'',0,8000,,'',0,4500,,'',0,19000,,'',0,17000,,'',0,11500,,'',0,10500,,'',0,8500,,'',0,12000,,'',0,7500,,'',0,9500,,'',0,4500,,'',0,8500,,'',0,8000,,'',0,10000,,'',0,2000,,'',0,10000,,'',0,2000,,'',0,10000,,'',0,18000,,'',0,11500,,'',0,15500,,'',0
'20230325',92009,51000,,'',0,13500,,'',0,10500,,'',0,6500,,'',0,14000,,'',0,18000,,'',0,8000,,'',0,18500,,'',0,14000,,'',0,7500,,'',0,14000,,'',0,6000,,'',0,12000,,'',0,11500,,'',0,18500,,'',0,11500,,'',0,15500,,'',0
'20230314',92209,50500,,'',0,4500,,'',0,9500,,'',0,9500,,'',0,9000,,'',0,8000,,'',0,2000,,'',0,9500,,'',0,1500,,'',0,9000,,'',0,8500,,'',0,10000,,'',0,2000,,'',0,7500,,'',0,9500,,'',0,4500,,'',0,8500,,'',0,8000,,'',0,10000,,'',0,2000,,'',0,10000,,'',0,2000,,'',0,10000,,'',0,6000,,'',0,12000,,'',0,11500,,'',0,15500,,'',0
'20230315',92209,50500,,'',0,4500,,'',0,9500,,'',0,9500,,'',0,9000,,'',0,8000,,'',0,2000,,'',0,9500,,'',0,1500,,'',0,9000,,'',0,8500,,'',0,10000,,'',0,2000,,'',0,7500,,'',0,9500,,'',0,4500,,'',0,8500,,'',0,8000,,'',0,10000,,'',0,2000,,'',0,10000,,'',0,2000,,'',0,10000,,'',0,6000,,'',0,12000,,'',0,11500,,'',0,15500,,'',0
'20230316',92209,50500,,'',0,4500,,'',0,9500,,'',0,9500,,'',0,9000,,'',0,8000,,'',0,2000,,'',0,9500,,'',0,1500,,'',0,9000,,'',0,8500,,'',0,10000,,'',0,2000,,'',0,7500,,'',0,9500,,'',0,4500,,'',0,8500,,'',0,8000,,'',0,10000,,'',0,2000,,'',0,10000,,'',0,2000,,'',0,10000,,'',0,6000,,'',0,12000,,'',0,11500,,'',0,15500,,'',0
'20230317',92209,50500,,'',0,4500,,'',0,9500,,'',0,9500,,'',0,9000,,'',0,8000,,'',0,2000,,'',0,9500,,'',0,1500,,'',0,9000,,'',0,8500,,'',0,10000,,'',0,2000,,'',0,7500,,'',0,9500,,'',0,4500,,'',0,8500,,'',0,8000,,'',0,10000,,'',0,2000,,'',0,10000,,'',0,2000,,'',0,10000,,'',0,6000,,'',0,12000,,'',0,11500,,'',0,15500,,'',0
'20230318',92209,51000,,'',0,24000,,'',0,6500,,'',0,11000,,'',0,3000,,'',0,6500,,'',0,9500,,'',0,2000,,'',0,8000,,'',0,10500,,'',0,8000,,'',0,2000,,'',0,9500,,'',0,2500,,'',0,7500,,'',0,10500,,'',0,3500,,'',0,6000,,'',0,12000,,'',0,2000,,'',0,9500,,'',0,6500,,'',0,12000,,'',0,11500,,'',0,15500,,'',0
'20230319',92209,51000,,'',0,24000,,'',0,6500,,'',0,11000,,'',0,3000,,'',0,6500,,'',0,9500,,'',0,2000,,'',0,8000,,'',0,10500,,'',0,8000,,'',0,2000,,'',0,9500,,'',0,2500,,'',0,7500,,'',0,10500,,'',0,3500,,'',0,6000,,'',0,12000,,'',0,2000,,'',0,9500,,'',0,6500,,'',0,12000,,'',0,11500,,'',0,15500,,'',0
'20230320',92209,50500,,'',0,4500,,'',0,9500,,'',0,9500,,'',0,9000,,'',0,8000,,'',0,2000,,'',0,9500,,'',0,1500,,'',0,9000,,'',0,8500,,'',0,10000,,'',0,2000,,'',0,7500,,'',0,9500,,'',0,4500,,'',0,8500,,'',0,8000,,'',0,10000,,'',0,2000,,'',0,10000,,'',0,2000,,'',0,10000,,'',0,6000,,'',0,12000,,'',0,11500,,'',0,15500,,'',0
'20230321',92209,50500,,'',0,4500,,'',0,9500,,'',0,9500,,'',0,9000,,'',0,8000,,'',0,2000,,'',0,9500,,'',0,1500,,'',0,9000,,'',0,8500,,'',0,10000,,'',0,2000,,'',0,7500,,'',0,9500,,'',0,4500,,'',0,8500,,'',0,8000,,'',0,10000,,'',0,2000,,'',0,10000,,'',0,2000,,'',0,10000,,'',0,6000,,'',0,12000,,'',0,11500,,'',0,15500,,'',0
'20230322',92209,50500,,'',0,4500,,'',0,9500,,'',0,9500,,'',0,9000,,'',0,8000,,'',0,2000,,'',0,9500,,'',0,1500,,'',0,9000,,'',0,8500,,'',0,10000,,'',0,2000,,'',0,7500,,'',0,9500,,'',0,4500,,'',0,8500,,'',0,8000,,'',0,10000,,'',0,2000,,'',0,10000,,'',0,2000,,'',0,10000,,'',0,6000,,'',0,12000,,'',0,11500,,'',0,15500,,'',0
'20230323',92209,50500,,'',0,4500,,'',0,9500,,'',0,9500,,'',0,9000,,'',0,8000,,'',0,2000,,'',0,9500,,'',0,1500,,'',0,9000,,'',0,8500,,'',0,10000,,'',0,2000,,'',0,7500,,'',0,9500,,'',0,4500,,'',0,8500,,'',0,8000,,'',0,10000,,'',0,2000,,'',0,10000,,'',0,2000,,'',0,10000,,'',0,6000,,'',0,12000,,'',0,11500,,'',0,15500,,'',0
'20230324',92209,50500,,'',0,4500,,'',0,9500,,'',0,9500,,'',0,9000,,'',0,8000,,'',0,2000,,'',0,9500,,'',0,1500,,'',0,9000,,'',0,8500,,'',0,10000,,'',0,2000,,'',0,7500,,'',0,9500,,'',0,4500,,'',0,8500,,'',0,8000,,'',0,10000,,'',0,2000,,'',0,10000,,'',0,2000,,'',0,10000,,'',0,6000,,'',0,12000,,'',0,11500,,'',0,15500,,'',0
'20230325',92209,51000,,'',0,24000,,'',0,6500,,'',0,11000,,'',0,3000,,'',0,6500,,'',0,9500,,'',0,2000,,'',0,8000,,'',0,10500,,'',0,8000,,'',0,2000,,'',0,9500,,'',0,2500,,'',0,7500,,'',0,10500,,'',0,3500,,'',0,6000,,'',0,12000,,'',0,2000,,'',0,9500,,'',0,6500,,'',0,12000,,'',0,11500,,'',0,15500,,'',0
