'20240521',162109,52000,4,'',0,9000,4,'',0,9000,4,'',0,5000,4,'',0,9000,4,'',0,9000,4,'',0,9000,4,'',0,9000,4,'',0,9000,4,'',0,15500,4,'',0,10000,4,'',0,10000,4,'',0,9500,4,'',0,9500,4,'',0,10000,4,'',0,9500,4,'',0,10000,4,'',0,10500,4,'',0,10000,4,'',0
'20240522',162109,52000,4,'',0,9000,4,'',0,9000,4,'',0,5000,4,'',0,9000,4,'',0,9000,4,'',0,9000,4,'',0,9000,4,'',0,9000,4,'',0,15500,4,'',0,10000,4,'',0,10000,4,'',0,9500,4,'',0,9500,4,'',0,10000,4,'',0,9500,4,'',0,10000,4,'',0,10500,4,'',0,10000,4,'',0
'20240523',162109,52000,4,'',0,9000,4,'',0,9000,4,'',0,5000,4,'',0,9000,4,'',0,9000,4,'',0,9000,4,'',0,9000,4,'',0,9000,4,'',0,15500,4,'',0,10000,4,'',0,10000,4,'',0,9500,4,'',0,9500,4,'',0,10000,4,'',0,9500,4,'',0,10000,4,'',0,10500,4,'',0,10000,4,'',0
'20240524',162109,52000,4,'',0,9000,4,'',0,9000,4,'',0,5000,4,'',0,9000,4,'',0,9000,4,'',0,9000,4,'',0,9000,4,'',0,9000,4,'',0,5000,4,'',0,10500,4,'',0,10000,4,'',0,10000,4,'',0,9500,4,'',0,9500,4,'',0,10000,4,'',0,9500,4,'',0,10000,4,'',0,10500,4,'',0,10000,4,'',0
'20240525',162109,61000,4,'',0,9000,4,'',0,5000,4,'',0,9000,4,'',0,9000,4,'',0,9000,4,'',0,9000,4,'',0,9000,4,'',0,5000,4,'',0,10500,4,'',0,10000,4,'',0,10000,4,'',0,9500,4,'',0,9500,4,'',0,10000,4,'',0,9500,4,'',0,10000,4,'',0,10500,4,'',0,10000,4,'',0
'20240526',162109,61000,4,'',0,9000,4,'',0,5000,4,'',0,9000,4,'',0,9000,4,'',0,9000,4,'',0,9000,4,'',0,9000,4,'',0,5000,4,'',0,10500,4,'',0,10000,4,'',0,10000,4,'',0,9500,4,'',0,9500,4,'',0,10000,4,'',0,9500,4,'',0,10000,4,'',0,10500,4,'',0,10000,4,'',0
'20240527',162109,61000,4,'',0,9000,4,'',0,5000,4,'',0,9000,4,'',0,9000,4,'',0,9000,4,'',0,9000,4,'',0,9000,4,'',0,5000,4,'',0,10500,4,'',0,10000,4,'',0,10000,4,'',0,9500,4,'',0,9500,4,'',0,10000,4,'',0,9500,4,'',0,10000,4,'',0,10500,4,'',0,10000,4,'',0
'20240528',162109,52000,4,'',0,9000,4,'',0,9000,4,'',0,5000,4,'',0,9000,4,'',0,9000,4,'',0,9000,4,'',0,9000,4,'',0,9000,4,'',0,15500,4,'',0,10000,4,'',0,10000,4,'',0,9500,4,'',0,9500,4,'',0,10000,4,'',0,9500,4,'',0,10000,4,'',0,10500,4,'',0,10000,4,'',0
'20240529',162109,52000,4,'',0,9000,4,'',0,9000,4,'',0,5000,4,'',0,9000,4,'',0,9000,4,'',0,9000,4,'',0,9000,4,'',0,9000,4,'',0,15500,4,'',0,10000,4,'',0,10000,4,'',0,9500,4,'',0,9500,4,'',0,10000,4,'',0,9500,4,'',0,10000,4,'',0,10500,4,'',0,10000,4,'',0
'20240530',162109,52000,4,'',0,9000,4,'',0,9000,4,'',0,5000,4,'',0,9000,4,'',0,9000,4,'',0,9000,4,'',0,9000,4,'',0,9000,4,'',0,15500,4,'',0,10000,4,'',0,10000,4,'',0,9500,4,'',0,9500,4,'',0,10000,4,'',0,9500,4,'',0,10000,4,'',0,10500,4,'',0,10000,4,'',0
'20240531',162109,52000,4,'',0,9000,4,'',0,9000,4,'',0,5000,4,'',0,9000,4,'',0,9000,4,'',0,9000,4,'',0,9000,4,'',0,9000,4,'',0,5000,4,'',0,10500,4,'',0,10000,4,'',0,10000,4,'',0,9500,4,'',0,9500,4,'',0,10000,4,'',0,9500,4,'',0,10000,4,'',0,10500,4,'',0,10000,4,'',0
'20240601',162109,61000,4,'',0,9000,4,'',0,5000,4,'',0,9000,4,'',0,9000,4,'',0,9000,4,'',0,9000,4,'',0,9000,4,'',0,5000,4,'',0,10500,4,'',0,10000,4,'',0,10000,4,'',0,9500,4,'',0,9500,4,'',0,10000,4,'',0,9500,4,'',0,10000,4,'',0,10500,4,'',0,10000,4,'',0
'20240602',162109,61000,4,'',0,9000,4,'',0,5000,4,'',0,9000,4,'',0,9000,4,'',0,9000,4,'',0,9000,4,'',0,9000,4,'',0,5000,4,'',0,10500,4,'',0,10000,4,'',0,10000,4,'',0,9500,4,'',0,9500,4,'',0,10000,4,'',0,9500,4,'',0,10000,4,'',0,10500,4,'',0,10000,4,'',0
'20240603',162109,52000,4,'',0,9000,4,'',0,9000,4,'',0,5000,4,'',0,9000,4,'',0,9000,4,'',0,9000,4,'',0,9000,4,'',0,9000,4,'',0,15500,4,'',0,10000,4,'',0,10000,4,'',0,9500,4,'',0,9500,4,'',0,10000,4,'',0,9500,4,'',0,10000,4,'',0,10500,4,'',0,10000,4,'',0
'20240604',162109,52000,4,'',0,9000,4,'',0,9000,4,'',0,5000,4,'',0,9000,4,'',0,9000,4,'',0,9000,4,'',0,9000,4,'',0,9000,4,'',0,15500,4,'',0,10000,4,'',0,10000,4,'',0,9500,4,'',0,9500,4,'',0,10000,4,'',0,9500,4,'',0,10000,4,'',0,10500,4,'',0,10000,4,'',0
'20240605',162109,52000,4,'',0,9000,4,'',0,9000,4,'',0,5000,4,'',0,9000,4,'',0,9000,4,'',0,9000,4,'',0,9000,4,'',0,9000,4,'',0,15500,4,'',0,10000,4,'',0,10000,4,'',0,9500,4,'',0,9500,4,'',0,10000,4,'',0,9500,4,'',0,10000,4,'',0,10500,4,'',0,10000,4,'',0
'20240606',162109,52000,4,'',0,9000,4,'',0,9000,4,'',0,5000,4,'',0,9000,4,'',0,9000,4,'',0,9000,4,'',0,9000,4,'',0,9000,4,'',0,15500,4,'',0,10000,4,'',0,10000,4,'',0,9500,4,'',0,9500,4,'',0,10000,4,'',0,9500,4,'',0,10000,4,'',0,10500,4,'',0,10000,4,'',0
'20240607',162109,52000,4,'',0,9000,4,'',0,9000,4,'',0,5000,4,'',0,9000,4,'',0,9000,4,'',0,9000,4,'',0,9000,4,'',0,9000,4,'',0,5000,4,'',0,10500,4,'',0,10000,4,'',0,10000,4,'',0,9500,4,'',0,9500,4,'',0,10000,4,'',0,9500,4,'',0,10000,4,'',0,10500,4,'',0,10000,4,'',0
'20240608',162109,61000,4,'',0,9000,4,'',0,5000,4,'',0,9000,4,'',0,9000,4,'',0,9000,4,'',0,9000,4,'',0,9000,4,'',0,5000,4,'',0,10500,4,'',0,10000,4,'',0,10000,4,'',0,9500,4,'',0,9500,4,'',0,10000,4,'',0,9500,4,'',0,10000,4,'',0,10500,4,'',0,10000,4,'',0
'20240609',162109,61000,4,'',0,9000,4,'',0,5000,4,'',0,9000,4,'',0,9000,4,'',0,9000,4,'',0,9000,4,'',0,9000,4,'',0,5000,4,'',0,10500,4,'',0,10000,4,'',0,10000,4,'',0,9500,4,'',0,9500,4,'',0,10000,4,'',0,9500,4,'',0,10000,4,'',0,10500,4,'',0,10000,4,'',0
'20240610',162109,52000,4,'',0,9000,4,'',0,9000,4,'',0,5000,4,'',0,9000,4,'',0,9000,4,'',0,9000,4,'',0,9000,4,'',0,9000,4,'',0,15500,4,'',0,10000,4,'',0,10000,4,'',0,9500,4,'',0,9500,4,'',0,10000,4,'',0,9500,4,'',0,10000,4,'',0,10500,4,'',0,10000,4,'',0
'20240611',162109,52000,4,'',0,9000,4,'',0,9000,4,'',0,5000,4,'',0,9000,4,'',0,9000,4,'',0,9000,4,'',0,9000,4,'',0,9000,4,'',0,15500,4,'',0,10000,4,'',0,10000,4,'',0,9500,4,'',0,9500,4,'',0,10000,4,'',0,9500,4,'',0,10000,4,'',0,10500,4,'',0,10000,4,'',0
'20240612',162109,52000,4,'',0,9000,4,'',0,9000,4,'',0,5000,4,'',0,9000,4,'',0,9000,4,'',0,9000,4,'',0,9000,4,'',0,9000,4,'',0,15500,4,'',0,10000,4,'',0,10000,4,'',0,9500,4,'',0,9500,4,'',0,10000,4,'',0,9500,4,'',0,10000,4,'',0,10500,4,'',0,10000,4,'',0
'20240613',162109,52000,4,'',0,9000,4,'',0,9000,4,'',0,5000,4,'',0,9000,4,'',0,9000,4,'',0,9000,4,'',0,9000,4,'',0,9000,4,'',0,15500,4,'',0,10000,4,'',0,10000,4,'',0,9500,4,'',0,9500,4,'',0,10000,4,'',0,9500,4,'',0,10000,4,'',0,10500,4,'',0,10000,4,'',0
'20240614',162109,52000,4,'',0,9000,4,'',0,9000,4,'',0,5000,4,'',0,9000,4,'',0,9000,4,'',0,9000,4,'',0,9000,4,'',0,9000,4,'',0,5000,4,'',0,10500,4,'',0,10000,4,'',0,10000,4,'',0,9500,4,'',0,9500,4,'',0,10000,4,'',0,9500,4,'',0,10000,4,'',0,10500,4,'',0,10000,4,'',0
'20240615',162109,61000,4,'',0,9000,4,'',0,5000,4,'',0,9000,4,'',0,9000,4,'',0,9000,4,'',0,9000,4,'',0,9000,4,'',0,5000,4,'',0,10500,4,'',0,10000,4,'',0,10000,4,'',0,9500,4,'',0,9500,4,'',0,10000,4,'',0,9500,4,'',0,10000,4,'',0,10500,4,'',0,10000,4,'',0
'20240616',162109,61000,4,'',0,9000,4,'',0,5000,4,'',0,9000,4,'',0,9000,4,'',0,9000,4,'',0,9000,4,'',0,9000,4,'',0,5000,4,'',0,10500,4,'',0,10000,4,'',0,10000,4,'',0,9500,4,'',0,9500,4,'',0,10000,4,'',0,9500,4,'',0,10000,4,'',0,10500,4,'',0,10000,4,'',0
'20240617',162109,52000,4,'',0,9000,4,'',0,9000,4,'',0,5000,4,'',0,9000,4,'',0,9000,4,'',0,9000,4,'',0,9000,4,'',0,9000,4,'',0,15500,4,'',0,10000,4,'',0,10000,4,'',0,9500,4,'',0,9500,4,'',0,10000,4,'',0,9500,4,'',0,10000,4,'',0,10500,4,'',0,10000,4,'',0
'20240618',162109,52000,4,'',0,9000,4,'',0,9000,4,'',0,5000,4,'',0,9000,4,'',0,9000,4,'',0,9000,4,'',0,9000,4,'',0,9000,4,'',0,15500,4,'',0,10000,4,'',0,10000,4,'',0,9500,4,'',0,9500,4,'',0,10000,4,'',0,9500,4,'',0,10000,4,'',0,10500,4,'',0,10000,4,'',0
'20240619',162109,52000,4,'',0,9000,4,'',0,9000,4,'',0,5000,4,'',0,9000,4,'',0,9000,4,'',0,9000,4,'',0,9000,4,'',0,9000,4,'',0,15500,4,'',0,10000,4,'',0,10000,4,'',0,9500,4,'',0,9500,4,'',0,10000,4,'',0,9500,4,'',0,10000,4,'',0,10500,4,'',0,10000,4,'',0
'20240620',162109,52000,4,'',0,9000,4,'',0,9000,4,'',0,5000,4,'',0,9000,4,'',0,9000,4,'',0,9000,4,'',0,9000,4,'',0,9000,4,'',0,15500,4,'',0,10000,4,'',0,10000,4,'',0,9500,4,'',0,9500,4,'',0,10000,4,'',0,9500,4,'',0,10000,4,'',0,10500,4,'',0,10000,4,'',0
'20240621',162109,52000,4,'',0,9000,4,'',0,9000,4,'',0,5000,4,'',0,9000,4,'',0,9000,4,'',0,9000,4,'',0,9000,4,'',0,9000,4,'',0,5000,4,'',0,10500,4,'',0,10000,4,'',0,10000,4,'',0,9500,4,'',0,9500,4,'',0,10000,4,'',0,9500,4,'',0,10000,4,'',0,10500,4,'',0,10000,4,'',0
'20240622',162109,61000,4,'',0,9000,4,'',0,5000,4,'',0,9000,4,'',0,9000,4,'',0,9000,4,'',0,9000,4,'',0,9000,4,'',0,5000,4,'',0,10500,4,'',0,10000,4,'',0,10000,4,'',0,9500,4,'',0,9500,4,'',0,10000,4,'',0,9500,4,'',0,10000,4,'',0,10500,4,'',0,10000,4,'',0
'20240623',162109,61000,4,'',0,9000,4,'',0,5000,4,'',0,9000,4,'',0,9000,4,'',0,9000,4,'',0,9000,4,'',0,9000,4,'',0,5000,4,'',0,10500,4,'',0,10000,4,'',0,10000,4,'',0,9500,4,'',0,9500,4,'',0,10000,4,'',0,9500,4,'',0,10000,4,'',0,10500,4,'',0,10000,4,'',0
'20240624',162109,52000,4,'',0,9000,4,'',0,9000,4,'',0,5000,4,'',0,9000,4,'',0,9000,4,'',0,9000,4,'',0,9000,4,'',0,9000,4,'',0,15500,4,'',0,10000,4,'',0,10000,4,'',0,9500,4,'',0,9500,4,'',0,10000,4,'',0,9500,4,'',0,10000,4,'',0,10500,4,'',0,10000,4,'',0
'20240625',162109,52000,4,'',0,9000,4,'',0,9000,4,'',0,5000,4,'',0,9000,4,'',0,9000,4,'',0,9000,4,'',0,9000,4,'',0,9000,4,'',0,15500,4,'',0,10000,4,'',0,10000,4,'',0,9500,4,'',0,9500,4,'',0,10000,4,'',0,9500,4,'',0,10000,4,'',0,10500,4,'',0,10000,4,'',0
'20240626',162109,52000,4,'',0,9000,4,'',0,9000,4,'',0,5000,4,'',0,9000,4,'',0,9000,4,'',0,9000,4,'',0,9000,4,'',0,9000,4,'',0,15500,4,'',0,10000,4,'',0,10000,4,'',0,9500,4,'',0,9500,4,'',0,10000,4,'',0,9500,4,'',0,10000,4,'',0,10500,4,'',0,10000,4,'',0
'20240627',162109,52000,4,'',0,9000,4,'',0,9000,4,'',0,5000,4,'',0,9000,4,'',0,9000,4,'',0,9000,4,'',0,9000,4,'',0,9000,4,'',0,15500,4,'',0,10000,4,'',0,10000,4,'',0,9500,4,'',0,9500,4,'',0,10000,4,'',0,9500,4,'',0,10000,4,'',0,10500,4,'',0,10000,4,'',0
'20240628',162109,52000,4,'',0,9000,4,'',0,9000,4,'',0,5000,4,'',0,9000,4,'',0,9000,4,'',0,9000,4,'',0,9000,4,'',0,9000,4,'',0,5000,4,'',0,10500,4,'',0,10000,4,'',0,10000,4,'',0,9500,4,'',0,9500,4,'',0,10000,4,'',0,9500,4,'',0,10000,4,'',0,10500,4,'',0,10000,4,'',0
'20240629',162109,61000,4,'',0,9000,4,'',0,5000,4,'',0,9000,4,'',0,9000,4,'',0,9000,4,'',0,9000,4,'',0,9000,4,'',0,5000,4,'',0,10500,4,'',0,10000,4,'',0,10000,4,'',0,9500,4,'',0,9500,4,'',0,10000,4,'',0,9500,4,'',0,10000,4,'',0,10500,4,'',0,10000,4,'',0
'20240630',162109,61000,4,'',0,9000,4,'',0,5000,4,'',0,9000,4,'',0,9000,4,'',0,9000,4,'',0,9000,4,'',0,9000,4,'',0,5000,4,'',0,10500,4,'',0,10000,4,'',0,10000,4,'',0,9500,4,'',0,9500,4,'',0,10000,4,'',0,9500,4,'',0,10000,4,'',0,10500,4,'',0,10000,4,'',0
'20240701',162109,52000,4,'',0,9000,4,'',0,9000,4,'',0,5000,4,'',0,9000,4,'',0,9000,4,'',0,9000,4,'',0,9000,4,'',0,9000,4,'',0,15500,4,'',0,10000,4,'',0,10000,4,'',0,9500,4,'',0,9500,4,'',0,10000,4,'',0,9500,4,'',0,10000,4,'',0,10500,4,'',0,10000,4,'',0
'20240702',162109,52000,4,'',0,9000,4,'',0,9000,4,'',0,5000,4,'',0,9000,4,'',0,9000,4,'',0,9000,4,'',0,9000,4,'',0,9000,4,'',0,15500,4,'',0,10000,4,'',0,10000,4,'',0,9500,4,'',0,9500,4,'',0,10000,4,'',0,9500,4,'',0,10000,4,'',0,10500,4,'',0,10000,4,'',0
'20240703',162109,52000,4,'',0,9000,4,'',0,9000,4,'',0,5000,4,'',0,9000,4,'',0,9000,4,'',0,9000,4,'',0,9000,4,'',0,9000,4,'',0,15500,4,'',0,10000,4,'',0,10000,4,'',0,9500,4,'',0,9500,4,'',0,10000,4,'',0,9500,4,'',0,10000,4,'',0,10500,4,'',0,10000,4,'',0
'20240704',162109,52000,4,'',0,9000,4,'',0,9000,4,'',0,5000,4,'',0,9000,4,'',0,9000,4,'',0,9000,4,'',0,9000,4,'',0,9000,4,'',0,5000,4,'',0,10500,4,'',0,10000,4,'',0,10000,4,'',0,9500,4,'',0,9500,4,'',0,10000,4,'',0,9500,4,'',0,10000,4,'',0,10500,4,'',0,10000,4,'',0
'20240705',162109,52000,4,'',0,9000,4,'',0,9000,4,'',0,5000,4,'',0,9000,4,'',0,9000,4,'',0,9000,4,'',0,9000,4,'',0,9000,4,'',0,5000,4,'',0,10500,4,'',0,10000,4,'',0,10000,4,'',0,9500,4,'',0,9500,4,'',0,10000,4,'',0,9500,4,'',0,10000,4,'',0,10500,4,'',0,10000,4,'',0
'20240706',162109,61000,4,'',0,9000,4,'',0,5000,4,'',0,9000,4,'',0,9000,4,'',0,9000,4,'',0,9000,4,'',0,9000,4,'',0,5000,4,'',0,10500,4,'',0,10000,4,'',0,10000,4,'',0,9500,4,'',0,9500,4,'',0,10000,4,'',0,9500,4,'',0,10000,4,'',0,10500,4,'',0,10000,4,'',0
'20240707',162109,61000,4,'',0,9000,4,'',0,5000,4,'',0,9000,4,'',0,9000,4,'',0,9000,4,'',0,9000,4,'',0,9000,4,'',0,5000,4,'',0,10500,4,'',0,10000,4,'',0,10000,4,'',0,9500,4,'',0,9500,4,'',0,10000,4,'',0,9500,4,'',0,10000,4,'',0,10500,4,'',0,10000,4,'',0
'20240708',162109,52000,4,'',0,9000,4,'',0,9000,4,'',0,5000,4,'',0,9000,4,'',0,9000,4,'',0,9000,4,'',0,9000,4,'',0,9000,4,'',0,15500,4,'',0,10000,4,'',0,10000,4,'',0,9500,4,'',0,9500,4,'',0,10000,4,'',0,9500,4,'',0,10000,4,'',0,10500,4,'',0,10000,4,'',0
'20240709',162109,52000,4,'',0,9000,4,'',0,9000,4,'',0,5000,4,'',0,9000,4,'',0,9000,4,'',0,9000,4,'',0,9000,4,'',0,9000,4,'',0,15500,4,'',0,10000,4,'',0,10000,4,'',0,9500,4,'',0,9500,4,'',0,10000,4,'',0,9500,4,'',0,10000,4,'',0,10500,4,'',0,10000,4,'',0
'20240710',162109,52000,4,'',0,9000,4,'',0,9000,4,'',0,5000,4,'',0,9000,4,'',0,9000,4,'',0,9000,4,'',0,9000,4,'',0,9000,4,'',0,15500,4,'',0,10000,4,'',0,10000,4,'',0,9500,4,'',0,9500,4,'',0,10000,4,'',0,9500,4,'',0,10000,4,'',0,10500,4,'',0,10000,4,'',0
'20240711',162109,52000,4,'',0,9000,4,'',0,9000,4,'',0,5000,4,'',0,9000,4,'',0,9000,4,'',0,9000,4,'',0,9000,4,'',0,9000,4,'',0,15500,4,'',0,10000,4,'',0,10000,4,'',0,9500,4,'',0,9500,4,'',0,10000,4,'',0,9500,4,'',0,10000,4,'',0,10500,4,'',0,10000,4,'',0
'20240712',162109,52000,4,'',0,9000,4,'',0,9000,4,'',0,5000,4,'',0,9000,4,'',0,9000,4,'',0,9000,4,'',0,9000,4,'',0,9000,4,'',0,5000,4,'',0,10500,4,'',0,10000,4,'',0,10000,4,'',0,9500,4,'',0,9500,4,'',0,10000,4,'',0,9500,4,'',0,10000,4,'',0,10500,4,'',0,10000,4,'',0
'20240713',162109,61000,4,'',0,9000,4,'',0,5000,4,'',0,9000,4,'',0,9000,4,'',0,9000,4,'',0,9000,4,'',0,9000,4,'',0,5000,4,'',0,10500,4,'',0,10000,4,'',0,10000,4,'',0,9500,4,'',0,9500,4,'',0,10000,4,'',0,9500,4,'',0,10000,4,'',0,10500,4,'',0,10000,4,'',0
'20240714',162109,61000,4,'',0,9000,4,'',0,5000,4,'',0,9000,4,'',0,9000,4,'',0,9000,4,'',0,9000,4,'',0,9000,4,'',0,5000,4,'',0,10500,4,'',0,10000,4,'',0,10000,4,'',0,9500,4,'',0,9500,4,'',0,10000,4,'',0,9500,4,'',0,10000,4,'',0,10500,4,'',0,10000,4,'',0
'20240715',162109,52000,4,'',0,9000,4,'',0,9000,4,'',0,5000,4,'',0,9000,4,'',0,9000,4,'',0,9000,4,'',0,9000,4,'',0,9000,4,'',0,15500,4,'',0,10000,4,'',0,10000,4,'',0,9500,4,'',0,9500,4,'',0,10000,4,'',0,9500,4,'',0,10000,4,'',0,10500,4,'',0,10000,4,'',0
'20240716',162109,52000,4,'',0,9000,4,'',0,9000,4,'',0,5000,4,'',0,9000,4,'',0,9000,4,'',0,9000,4,'',0,9000,4,'',0,9000,4,'',0,15500,4,'',0,10000,4,'',0,10000,4,'',0,9500,4,'',0,9500,4,'',0,10000,4,'',0,9500,4,'',0,10000,4,'',0,10500,4,'',0,10000,4,'',0
'20240717',162109,52000,4,'',0,9000,4,'',0,9000,4,'',0,5000,4,'',0,9000,4,'',0,9000,4,'',0,9000,4,'',0,9000,4,'',0,9000,4,'',0,15500,4,'',0,10000,4,'',0,10000,4,'',0,9500,4,'',0,9500,4,'',0,10000,4,'',0,9500,4,'',0,10000,4,'',0,10500,4,'',0,10000,4,'',0
'20240718',162109,52000,4,'',0,9000,4,'',0,9000,4,'',0,5000,4,'',0,9000,4,'',0,9000,4,'',0,9000,4,'',0,9000,4,'',0,9000,4,'',0,15500,4,'',0,10000,4,'',0,10000,4,'',0,9500,4,'',0,9500,4,'',0,10000,4,'',0,9500,4,'',0,10000,4,'',0,10500,4,'',0,10000,4,'',0
'20240719',162109,52000,4,'',0,9000,4,'',0,9000,4,'',0,5000,4,'',0,9000,4,'',0,9000,4,'',0,9000,4,'',0,9000,4,'',0,9000,4,'',0,5000,4,'',0,10500,4,'',0,10000,4,'',0,10000,4,'',0,9500,4,'',0,9500,4,'',0,10000,4,'',0,9500,4,'',0,10000,4,'',0,10500,4,'',0,10000,4,'',0
'20240720',162109,61000,4,'',0,9000,4,'',0,5000,4,'',0,9000,4,'',0,9000,4,'',0,9000,4,'',0,9000,4,'',0,9000,4,'',0,5000,4,'',0,10500,4,'',0,10000,4,'',0,10000,4,'',0,9500,4,'',0,9500,4,'',0,10000,4,'',0,9500,4,'',0,10000,4,'',0,10500,4,'',0,10000,4,'',0
'20240721',162109,61000,4,'',0,9000,4,'',0,5000,4,'',0,9000,4,'',0,9000,4,'',0,9000,4,'',0,9000,4,'',0,9000,4,'',0,5000,4,'',0,10500,4,'',0,10000,4,'',0,10000,4,'',0,9500,4,'',0,9500,4,'',0,10000,4,'',0,9500,4,'',0,10000,4,'',0,10500,4,'',0,10000,4,'',0
'20240722',162109,52000,4,'',0,9000,4,'',0,9000,4,'',0,5000,4,'',0,9000,4,'',0,9000,4,'',0,9000,4,'',0,9000,4,'',0,9000,4,'',0,15500,4,'',0,10000,4,'',0,10000,4,'',0,9500,4,'',0,9500,4,'',0,10000,4,'',0,9500,4,'',0,10000,4,'',0,10500,4,'',0,10000,4,'',0
'20240723',162109,52000,4,'',0,9000,4,'',0,9000,4,'',0,5000,4,'',0,9000,4,'',0,9000,4,'',0,9000,4,'',0,9000,4,'',0,9000,4,'',0,15500,4,'',0,10000,4,'',0,10000,4,'',0,9500,4,'',0,9500,4,'',0,10000,4,'',0,9500,4,'',0,10000,4,'',0,10500,4,'',0,10000,4,'',0
'20240724',162109,52000,4,'',0,9000,4,'',0,9000,4,'',0,5000,4,'',0,9000,4,'',0,9000,4,'',0,9000,4,'',0,9000,4,'',0,9000,4,'',0,15500,4,'',0,10000,4,'',0,10000,4,'',0,9500,4,'',0,9500,4,'',0,10000,4,'',0,9500,4,'',0,10000,4,'',0,10500,4,'',0,10000,4,'',0
'20240725',162109,52000,4,'',0,9000,4,'',0,9000,4,'',0,5000,4,'',0,9000,4,'',0,9000,4,'',0,9000,4,'',0,9000,4,'',0,9000,4,'',0,15500,4,'',0,10000,4,'',0,10000,4,'',0,9500,4,'',0,9500,4,'',0,10000,4,'',0,9500,4,'',0,10000,4,'',0,10500,4,'',0,10000,4,'',0
'20240726',162109,52000,4,'',0,9000,4,'',0,9000,4,'',0,5000,4,'',0,9000,4,'',0,9000,4,'',0,9000,4,'',0,9000,4,'',0,9000,4,'',0,5000,4,'',0,10500,4,'',0,10000,4,'',0,10000,4,'',0,9500,4,'',0,9500,4,'',0,10000,4,'',0,9500,4,'',0,10000,4,'',0,10500,4,'',0,10000,4,'',0
'20240727',162109,61000,4,'',0,9000,4,'',0,5000,4,'',0,9000,4,'',0,9000,4,'',0,9000,4,'',0,9000,4,'',0,9000,4,'',0,5000,4,'',0,10500,4,'',0,10000,4,'',0,10000,4,'',0,9500,4,'',0,9500,4,'',0,10000,4,'',0,9500,4,'',0,10000,4,'',0,10500,4,'',0,10000,4,'',0
'20240728',162109,61000,4,'',0,9000,4,'',0,5000,4,'',0,9000,4,'',0,9000,4,'',0,9000,4,'',0,9000,4,'',0,9000,4,'',0,5000,4,'',0,10500,4,'',0,10000,4,'',0,10000,4,'',0,9500,4,'',0,9500,4,'',0,10000,4,'',0,9500,4,'',0,10000,4,'',0,10500,4,'',0,10000,4,'',0
'20240729',162109,52000,4,'',0,9000,4,'',0,9000,4,'',0,5000,4,'',0,9000,4,'',0,9000,4,'',0,9000,4,'',0,9000,4,'',0,9000,4,'',0,15500,4,'',0,10000,4,'',0,10000,4,'',0,9500,4,'',0,9500,4,'',0,10000,4,'',0,9500,4,'',0,10000,4,'',0,10500,4,'',0,10000,4,'',0
'20240730',162109,52000,4,'',0,9000,4,'',0,9000,4,'',0,5000,4,'',0,9000,4,'',0,9000,4,'',0,9000,4,'',0,9000,4,'',0,9000,4,'',0,15500,4,'',0,10000,4,'',0,10000,4,'',0,9500,4,'',0,9500,4,'',0,10000,4,'',0,9500,4,'',0,10000,4,'',0,10500,4,'',0,10000,4,'',0
'20240731',162109,52000,4,'',0,9000,4,'',0,9000,4,'',0,5000,4,'',0,9000,4,'',0,9000,4,'',0,9000,4,'',0,9000,4,'',0,9000,4,'',0,15500,4,'',0,10000,4,'',0,10000,4,'',0,9500,4,'',0,9500,4,'',0,10000,4,'',0,9500,4,'',0,10000,4,'',0,10500,4,'',0,10000,4,'',0
'20240801',162109,52000,4,'',0,9000,4,'',0,9000,4,'',0,5000,4,'',0,9000,4,'',0,9000,4,'',0,9000,4,'',0,9000,4,'',0,9000,4,'',0,15500,4,'',0,10000,4,'',0,10000,4,'',0,9500,4,'',0,9500,4,'',0,10000,4,'',0,9500,4,'',0,10000,4,'',0,10500,4,'',0,10000,4,'',0
'20240802',162109,52000,4,'',0,9000,4,'',0,9000,4,'',0,5000,4,'',0,9000,4,'',0,9000,4,'',0,9000,4,'',0,9000,4,'',0,9000,4,'',0,5000,4,'',0,10500,4,'',0,10000,4,'',0,10000,4,'',0,9500,4,'',0,9500,4,'',0,10000,4,'',0,9500,4,'',0,10000,4,'',0,10500,4,'',0,10000,4,'',0
'20240803',162109,61000,4,'',0,9000,4,'',0,5000,4,'',0,9000,4,'',0,9000,4,'',0,9000,4,'',0,9000,4,'',0,9000,4,'',0,5000,4,'',0,10500,4,'',0,10000,4,'',0,10000,4,'',0,9500,4,'',0,9500,4,'',0,10000,4,'',0,9500,4,'',0,10000,4,'',0,10500,4,'',0,10000,4,'',0
'20240804',162109,61000,4,'',0,9000,4,'',0,5000,4,'',0,9000,4,'',0,9000,4,'',0,9000,4,'',0,9000,4,'',0,9000,4,'',0,5000,4,'',0,10500,4,'',0,10000,4,'',0,10000,4,'',0,9500,4,'',0,9500,4,'',0,10000,4,'',0,9500,4,'',0,10000,4,'',0,10500,4,'',0,10000,4,'',0
'20240805',162109,52000,4,'',0,9000,4,'',0,9000,4,'',0,5000,4,'',0,9000,4,'',0,9000,4,'',0,9000,4,'',0,9000,4,'',0,9000,4,'',0,15500,4,'',0,10000,4,'',0,10000,4,'',0,9500,4,'',0,9500,4,'',0,10000,4,'',0,9500,4,'',0,10000,4,'',0,10500,4,'',0,10000,4,'',0
'20240806',162109,52000,4,'',0,9000,4,'',0,9000,4,'',0,5000,4,'',0,9000,4,'',0,9000,4,'',0,9000,4,'',0,9000,4,'',0,9000,4,'',0,15500,4,'',0,10000,4,'',0,10000,4,'',0,9500,4,'',0,9500,4,'',0,10000,4,'',0,9500,4,'',0,10000,4,'',0,10500,4,'',0,10000,4,'',0
'20240807',162109,52000,4,'',0,9000,4,'',0,9000,4,'',0,5000,4,'',0,9000,4,'',0,9000,4,'',0,9000,4,'',0,9000,4,'',0,9000,4,'',0,15500,4,'',0,10000,4,'',0,10000,4,'',0,9500,4,'',0,9500,4,'',0,10000,4,'',0,9500,4,'',0,10000,4,'',0,10500,4,'',0,10000,4,'',0
'20240808',162109,52000,4,'',0,9000,4,'',0,9000,4,'',0,5000,4,'',0,9000,4,'',0,9000,4,'',0,9000,4,'',0,9000,4,'',0,9000,4,'',0,15500,4,'',0,10000,4,'',0,10000,4,'',0,9500,4,'',0,9500,4,'',0,10000,4,'',0,9500,4,'',0,10000,4,'',0,10500,4,'',0,10000,4,'',0
'20240809',162109,52000,4,'',0,9000,4,'',0,9000,4,'',0,5000,4,'',0,9000,4,'',0,9000,4,'',0,9000,4,'',0,9000,4,'',0,9000,4,'',0,5000,4,'',0,10500,4,'',0,10000,4,'',0,10000,4,'',0,9500,4,'',0,9500,4,'',0,10000,4,'',0,9500,4,'',0,10000,4,'',0,10500,4,'',0,10000,4,'',0
'20240810',162109,61000,4,'',0,9000,4,'',0,5000,4,'',0,9000,4,'',0,9000,4,'',0,9000,4,'',0,9000,4,'',0,9000,4,'',0,5000,4,'',0,10500,4,'',0,10000,4,'',0,10000,4,'',0,9500,4,'',0,9500,4,'',0,10000,4,'',0,9500,4,'',0,10000,4,'',0,10500,4,'',0,10000,4,'',0
'20240811',162109,61000,4,'',0,9000,4,'',0,5000,4,'',0,9000,4,'',0,9000,4,'',0,9000,4,'',0,9000,4,'',0,9000,4,'',0,5000,4,'',0,10500,4,'',0,10000,4,'',0,10000,4,'',0,9500,4,'',0,9500,4,'',0,10000,4,'',0,9500,4,'',0,10000,4,'',0,10500,4,'',0,10000,4,'',0
'20240812',162109,52000,4,'',0,9000,4,'',0,9000,4,'',0,5000,4,'',0,9000,4,'',0,9000,4,'',0,9000,4,'',0,9000,4,'',0,9000,4,'',0,15500,4,'',0,10000,4,'',0,10000,4,'',0,9500,4,'',0,9500,4,'',0,10000,4,'',0,9500,4,'',0,10000,4,'',0,10500,4,'',0,10000,4,'',0
'20240813',162109,52000,4,'',0,9000,4,'',0,9000,4,'',0,5000,4,'',0,9000,4,'',0,9000,4,'',0,9000,4,'',0,9000,4,'',0,9000,4,'',0,15500,4,'',0,10000,4,'',0,10000,4,'',0,9500,4,'',0,9500,4,'',0,10000,4,'',0,9500,4,'',0,10000,4,'',0,10500,4,'',0,10000,4,'',0
'20240814',162109,52000,4,'',0,9000,4,'',0,9000,4,'',0,5000,4,'',0,9000,4,'',0,9000,4,'',0,9000,4,'',0,9000,4,'',0,9000,4,'',0,15500,4,'',0,10000,4,'',0,10000,4,'',0,9500,4,'',0,9500,4,'',0,10000,4,'',0,9500,4,'',0,10000,4,'',0,10500,4,'',0,10000,4,'',0
'20240815',162109,52000,4,'',0,9000,4,'',0,9000,4,'',0,5000,4,'',0,9000,4,'',0,9000,4,'',0,9000,4,'',0,9000,4,'',0,9000,4,'',0,15500,4,'',0,10000,4,'',0,10000,4,'',0,9500,4,'',0,9500,4,'',0,10000,4,'',0,9500,4,'',0,10000,4,'',0,10500,4,'',0,10000,4,'',0
'20240816',162109,52000,4,'',0,9000,4,'',0,9000,4,'',0,5000,4,'',0,9000,4,'',0,9000,4,'',0,9000,4,'',0,9000,4,'',0,9000,4,'',0,5000,4,'',0,10500,4,'',0,10000,4,'',0,10000,4,'',0,9500,4,'',0,9500,4,'',0,10000,4,'',0,9500,4,'',0,10000,4,'',0,10500,4,'',0,10000,4,'',0
'20240817',162109,61000,4,'',0,9000,4,'',0,5000,4,'',0,9000,4,'',0,9000,4,'',0,9000,4,'',0,9000,4,'',0,9000,4,'',0,5000,4,'',0,10500,4,'',0,10000,4,'',0,10000,4,'',0,9500,4,'',0,9500,4,'',0,10000,4,'',0,9500,4,'',0,10000,4,'',0,10500,4,'',0,10000,4,'',0
'20240818',162109,61000,4,'',0,9000,4,'',0,5000,4,'',0,9000,4,'',0,9000,4,'',0,9000,4,'',0,9000,4,'',0,9000,4,'',0,5000,4,'',0,10500,4,'',0,10000,4,'',0,10000,4,'',0,9500,4,'',0,9500,4,'',0,10000,4,'',0,9500,4,'',0,10000,4,'',0,10500,4,'',0,10000,4,'',0
'20240819',162109,52000,4,'',0,9000,4,'',0,9000,4,'',0,5000,4,'',0,9000,4,'',0,9000,4,'',0,9000,4,'',0,9000,4,'',0,9000,4,'',0,15500,4,'',0,10000,4,'',0,10000,4,'',0,9500,4,'',0,9500,4,'',0,10000,4,'',0,9500,4,'',0,10000,4,'',0,10500,4,'',0,10000,4,'',0
'20240820',162109,52000,4,'',0,9000,4,'',0,9000,4,'',0,5000,4,'',0,9000,4,'',0,9000,4,'',0,9000,4,'',0,9000,4,'',0,9000,4,'',0,15500,4,'',0,10000,4,'',0,10000,4,'',0,9500,4,'',0,9500,4,'',0,10000,4,'',0,9500,4,'',0,10000,4,'',0,10500,4,'',0,10000,4,'',0
'20240821',162109,52000,4,'',0,9000,4,'',0,9000,4,'',0,5000,4,'',0,9000,4,'',0,9000,4,'',0,9000,4,'',0,9000,4,'',0,9000,4,'',0,15500,4,'',0,10000,4,'',0,10000,4,'',0,9500,4,'',0,9500,4,'',0,10000,4,'',0,9500,4,'',0,10000,4,'',0,10500,4,'',0,10000,4,'',0
'20240822',162109,52000,4,'',0,9000,4,'',0,9000,4,'',0,5000,4,'',0,9000,4,'',0,9000,4,'',0,9000,4,'',0,9000,4,'',0,9000,4,'',0,15500,4,'',0,10000,4,'',0,10000,4,'',0,9500,4,'',0,9500,4,'',0,10000,4,'',0,9500,4,'',0,10000,4,'',0,10500,4,'',0,10000,4,'',0
'20240823',162109,52000,4,'',0,9000,4,'',0,9000,4,'',0,5000,4,'',0,9000,4,'',0,9000,4,'',0,9000,4,'',0,9000,4,'',0,9000,4,'',0,5000,4,'',0,10500,4,'',0,10000,4,'',0,10000,4,'',0,9500,4,'',0,9500,4,'',0,10000,4,'',0,9500,4,'',0,10000,4,'',0,10500,4,'',0,10000,4,'',0
'20240824',162109,61000,4,'',0,9000,4,'',0,5000,4,'',0,9000,4,'',0,9000,4,'',0,9000,4,'',0,9000,4,'',0,9000,4,'',0,5000,4,'',0,10500,4,'',0,10000,4,'',0,10000,4,'',0,9500,4,'',0,9500,4,'',0,10000,4,'',0,9500,4,'',0,10000,4,'',0,10500,4,'',0,10000,4,'',0
'20240825',162109,61000,4,'',0,9000,4,'',0,5000,4,'',0,9000,4,'',0,9000,4,'',0,9000,4,'',0,9000,4,'',0,9000,4,'',0,5000,4,'',0,10500,4,'',0,10000,4,'',0,10000,4,'',0,9500,4,'',0,9500,4,'',0,10000,4,'',0,9500,4,'',0,10000,4,'',0,10500,4,'',0,10000,4,'',0
'20240826',162109,52000,4,'',0,9000,4,'',0,9000,4,'',0,5000,4,'',0,9000,4,'',0,9000,4,'',0,9000,4,'',0,9000,4,'',0,9000,4,'',0,15500,4,'',0,10000,4,'',0,10000,4,'',0,9500,4,'',0,9500,4,'',0,10000,4,'',0,9500,4,'',0,10000,4,'',0,10500,4,'',0,10000,4,'',0
'20240827',162109,52000,4,'',0,9000,4,'',0,9000,4,'',0,5000,4,'',0,9000,4,'',0,9000,4,'',0,9000,4,'',0,9000,4,'',0,9000,4,'',0,15500,4,'',0,10000,4,'',0,10000,4,'',0,9500,4,'',0,9500,4,'',0,10000,4,'',0,9500,4,'',0,10000,4,'',0,10500,4,'',0,10000,4,'',0
'20240828',162109,52000,4,'',0,9000,4,'',0,9000,4,'',0,5000,4,'',0,9000,4,'',0,9000,4,'',0,9000,4,'',0,9000,4,'',0,9000,4,'',0,15500,4,'',0,10000,4,'',0,10000,4,'',0,9500,4,'',0,9500,4,'',0,10000,4,'',0,9500,4,'',0,10000,4,'',0,10500,4,'',0,10000,4,'',0
'20240829',162109,52000,4,'',0,9000,4,'',0,9000,4,'',0,5000,4,'',0,9000,4,'',0,9000,4,'',0,9000,4,'',0,9000,4,'',0,9000,4,'',0,15500,4,'',0,10000,4,'',0,10000,4,'',0,9500,4,'',0,9500,4,'',0,10000,4,'',0,9500,4,'',0,10000,4,'',0,10500,4,'',0,10000,4,'',0
'20240830',162109,52000,4,'',0,9000,4,'',0,9000,4,'',0,5000,4,'',0,9000,4,'',0,9000,4,'',0,9000,4,'',0,9000,4,'',0,9000,4,'',0,5000,4,'',0,10500,4,'',0,10000,4,'',0,10000,4,'',0,9500,4,'',0,9500,4,'',0,10000,4,'',0,9500,4,'',0,10000,4,'',0,10500,4,'',0,10000,4,'',0
'20240831',162109,61000,4,'',0,9000,4,'',0,5000,4,'',0,9000,4,'',0,9000,4,'',0,9000,4,'',0,9000,4,'',0,9000,4,'',0,5000,4,'',0,10500,4,'',0,10000,4,'',0,10000,4,'',0,9500,4,'',0,9500,4,'',0,10000,4,'',0,9500,4,'',0,10000,4,'',0,10500,4,'',0,10000,4,'',0
'20240901',162109,61000,4,'',0,9000,4,'',0,5000,4,'',0,9000,4,'',0,9000,4,'',0,9000,4,'',0,9000,4,'',0,9000,4,'',0,5000,4,'',0,10500,4,'',0,10000,4,'',0,10000,4,'',0,9500,4,'',0,9500,4,'',0,10000,4,'',0,9500,4,'',0,10000,4,'',0,10500,4,'',0,10000,4,'',0
'20240902',162109,52000,4,'',0,9000,4,'',0,9000,4,'',0,5000,4,'',0,9000,4,'',0,9000,4,'',0,9000,4,'',0,9000,4,'',0,9000,4,'',0,5000,4,'',0,10500,4,'',0,10000,4,'',0,10000,4,'',0,9500,4,'',0,9500,4,'',0,10000,4,'',0,9500,4,'',0,10000,4,'',0,10500,4,'',0,10000,4,'',0
'20240903',162109,52000,4,'',0,9000,4,'',0,9000,4,'',0,5000,4,'',0,9000,4,'',0,9000,4,'',0,9000,4,'',0,9000,4,'',0,9000,4,'',0,15500,4,'',0,10000,4,'',0,10000,4,'',0,9500,4,'',0,9500,4,'',0,10000,4,'',0,9500,4,'',0,10000,4,'',0,10500,4,'',0,10000,4,'',0
'20240904',162109,52000,4,'',0,9000,4,'',0,9000,4,'',0,5000,4,'',0,9000,4,'',0,9000,4,'',0,9000,4,'',0,9000,4,'',0,9000,4,'',0,15500,4,'',0,10000,4,'',0,10000,4,'',0,9500,4,'',0,9500,4,'',0,10000,4,'',0,9500,4,'',0,10000,4,'',0,10500,4,'',0,10000,4,'',0
'20240905',162109,52000,4,'',0,9000,4,'',0,9000,4,'',0,5000,4,'',0,9000,4,'',0,9000,4,'',0,9000,4,'',0,9000,4,'',0,9000,4,'',0,15500,4,'',0,10000,4,'',0,10000,4,'',0,9500,4,'',0,9500,4,'',0,10000,4,'',0,9500,4,'',0,10000,4,'',0,10500,4,'',0,10000,4,'',0
'20240906',162109,52000,4,'',0,9000,4,'',0,9000,4,'',0,5000,4,'',0,9000,4,'',0,9000,4,'',0,9000,4,'',0,9000,4,'',0,9000,4,'',0,5000,4,'',0,10500,4,'',0,10000,4,'',0,10000,4,'',0,9500,4,'',0,9500,4,'',0,10000,4,'',0,9500,4,'',0,10000,4,'',0,10500,4,'',0,10000,4,'',0
'20240907',162109,61000,4,'',0,9000,4,'',0,5000,4,'',0,9000,4,'',0,9000,4,'',0,9000,4,'',0,9000,4,'',0,9000,4,'',0,5000,4,'',0,10500,4,'',0,10000,4,'',0,10000,4,'',0,9500,4,'',0,9500,4,'',0,10000,4,'',0,9500,4,'',0,10000,4,'',0,10500,4,'',0,10000,4,'',0
'20240908',162109,61000,4,'',0,9000,4,'',0,5000,4,'',0,9000,4,'',0,9000,4,'',0,9000,4,'',0,9000,4,'',0,9000,4,'',0,5000,4,'',0,10500,4,'',0,10000,4,'',0,10000,4,'',0,9500,4,'',0,9500,4,'',0,10000,4,'',0,9500,4,'',0,10000,4,'',0,10500,4,'',0,10000,4,'',0
'20240909',162109,52000,4,'',0,9000,4,'',0,9000,4,'',0,5000,4,'',0,9000,4,'',0,9000,4,'',0,9000,4,'',0,9000,4,'',0,9000,4,'',0,15500,4,'',0,10000,4,'',0,10000,4,'',0,9500,4,'',0,9500,4,'',0,10000,4,'',0,9500,4,'',0,10000,4,'',0,10500,4,'',0,10000,4,'',0
'20240910',162109,52000,4,'',0,9000,4,'',0,9000,4,'',0,5000,4,'',0,9000,4,'',0,9000,4,'',0,9000,4,'',0,9000,4,'',0,9000,4,'',0,15500,4,'',0,10000,4,'',0,10000,4,'',0,9500,4,'',0,9500,4,'',0,10000,4,'',0,9500,4,'',0,10000,4,'',0,10500,4,'',0,10000,4,'',0
'20240911',162109,52000,4,'',0,9000,4,'',0,9000,4,'',0,5000,4,'',0,9000,4,'',0,9000,4,'',0,9000,4,'',0,9000,4,'',0,9000,4,'',0,15500,4,'',0,10000,4,'',0,10000,4,'',0,9500,4,'',0,9500,4,'',0,10000,4,'',0,9500,4,'',0,10000,4,'',0,10500,4,'',0,10000,4,'',0
'20240912',162109,52000,4,'',0,9000,4,'',0,9000,4,'',0,5000,4,'',0,9000,4,'',0,9000,4,'',0,9000,4,'',0,9000,4,'',0,9000,4,'',0,15500,4,'',0,10000,4,'',0,10000,4,'',0,9500,4,'',0,9500,4,'',0,10000,4,'',0,9500,4,'',0,10000,4,'',0,10500,4,'',0,10000,4,'',0
'20240913',162109,52000,4,'',0,9000,4,'',0,9000,4,'',0,5000,4,'',0,9000,4,'',0,9000,4,'',0,9000,4,'',0,9000,4,'',0,9000,4,'',0,5000,4,'',0,10500,4,'',0,10000,4,'',0,10000,4,'',0,9500,4,'',0,9500,4,'',0,10000,4,'',0,9500,4,'',0,10000,4,'',0,10500,4,'',0,10000,4,'',0
'20240914',162109,61000,4,'',0,9000,4,'',0,5000,4,'',0,9000,4,'',0,9000,4,'',0,9000,4,'',0,9000,4,'',0,9000,4,'',0,5000,4,'',0,10500,4,'',0,10000,4,'',0,10000,4,'',0,9500,4,'',0,9500,4,'',0,10000,4,'',0,9500,4,'',0,10000,4,'',0,10500,4,'',0,10000,4,'',0
'20240915',162109,61000,4,'',0,9000,4,'',0,5000,4,'',0,9000,4,'',0,9000,4,'',0,9000,4,'',0,9000,4,'',0,9000,4,'',0,5000,4,'',0,10500,4,'',0,10000,4,'',0,10000,4,'',0,9500,4,'',0,9500,4,'',0,10000,4,'',0,9500,4,'',0,10000,4,'',0,10500,4,'',0,10000,4,'',0
'20240916',162109,52000,4,'',0,9000,4,'',0,9000,4,'',0,5000,4,'',0,9000,4,'',0,9000,4,'',0,9000,4,'',0,9000,4,'',0,9000,4,'',0,15500,4,'',0,10000,4,'',0,10000,4,'',0,9500,4,'',0,9500,4,'',0,10000,4,'',0,9500,4,'',0,10000,4,'',0,10500,4,'',0,10000,4,'',0
'20240917',162109,52000,4,'',0,9000,4,'',0,9000,4,'',0,5000,4,'',0,9000,4,'',0,9000,4,'',0,9000,4,'',0,9000,4,'',0,9000,4,'',0,15500,4,'',0,10000,4,'',0,10000,4,'',0,9500,4,'',0,9500,4,'',0,10000,4,'',0,9500,4,'',0,10000,4,'',0,10500,4,'',0,10000,4,'',0
'20240918',162109,52000,4,'',0,9000,4,'',0,9000,4,'',0,5000,4,'',0,9000,4,'',0,9000,4,'',0,9000,4,'',0,9000,4,'',0,9000,4,'',0,15500,4,'',0,10000,4,'',0,10000,4,'',0,9500,4,'',0,9500,4,'',0,10000,4,'',0,9500,4,'',0,10000,4,'',0,10500,4,'',0,10000,4,'',0
'20240919',162109,52000,4,'',0,9000,4,'',0,9000,4,'',0,5000,4,'',0,9000,4,'',0,9000,4,'',0,9000,4,'',0,9000,4,'',0,9000,4,'',0,15500,4,'',0,10000,4,'',0,10000,4,'',0,9500,4,'',0,9500,4,'',0,10000,4,'',0,9500,4,'',0,10000,4,'',0,10500,4,'',0,10000,4,'',0
'20240920',162109,52000,4,'',0,9000,4,'',0,9000,4,'',0,5000,4,'',0,9000,4,'',0,9000,4,'',0,9000,4,'',0,9000,4,'',0,9000,4,'',0,5000,4,'',0,10500,4,'',0,10000,4,'',0,10000,4,'',0,9500,4,'',0,9500,4,'',0,10000,4,'',0,9500,4,'',0,10000,4,'',0,10500,4,'',0,10000,4,'',0
'20240921',162109,61000,4,'',0,9000,4,'',0,5000,4,'',0,9000,4,'',0,9000,4,'',0,9000,4,'',0,9000,4,'',0,9000,4,'',0,5000,4,'',0,10500,4,'',0,10000,4,'',0,10000,4,'',0,9500,4,'',0,9500,4,'',0,10000,4,'',0,9500,4,'',0,10000,4,'',0,10500,4,'',0,10000,4,'',0
'20240521',211609,53000,0,'''Pt Defiance''',0,9000,0,'''Pt Defiance''',0,9000,0,'''Pt Defiance''',0,9000,0,'''Pt Defiance''',0,5000,0,'''Pt Defiance''',0,9000,0,'''Pt Defiance''',0,9000,0,'''Pt Defiance''',0,9000,0,'''Pt Defiance''',0,9000,0,'''Pt Defiance''',0,20000,0,'''Pt Defiance''',0,10000,0,'''Pt Defiance''',0,9500,0,'''Pt Defiance''',0,9500,0,'''Pt Defiance''',0,10000,0,'''Pt Defiance''',0,10000,0,'''Pt Defiance''',0,10000,0,'''Pt Defiance''',0,10000,0,'''Pt Defiance''',0,10000,0,'''Pt Defiance''',0,5500,0,'''Pt Defiance''',0
'20240522',211609,53000,0,'''Pt Defiance''',0,9000,0,'''Pt Defiance''',0,9000,0,'''Pt Defiance''',0,9000,0,'''Pt Defiance''',0,5000,0,'''Pt Defiance''',0,9000,0,'''Pt Defiance''',0,9000,0,'''Pt Defiance''',0,9000,0,'''Pt Defiance''',0,9000,0,'''Pt Defiance''',0,20000,0,'''Pt Defiance''',0,10000,0,'''Pt Defiance''',0,9500,0,'''Pt Defiance''',0,9500,0,'''Pt Defiance''',0,10000,0,'''Pt Defiance''',0,10000,0,'''Pt Defiance''',0,10000,0,'''Pt Defiance''',0,10000,0,'''Pt Defiance''',0,10000,0,'''Pt Defiance''',0,5500,0,'''Pt Defiance''',0
'20240523',211609,53000,0,'''Pt Defiance''',0,9000,0,'''Pt Defiance''',0,9000,0,'''Pt Defiance''',0,9000,0,'''Pt Defiance''',0,5000,0,'''Pt Defiance''',0,9000,0,'''Pt Defiance''',0,9000,0,'''Pt Defiance''',0,9000,0,'''Pt Defiance''',0,9000,0,'''Pt Defiance''',0,20000,0,'''Pt Defiance''',0,10000,0,'''Pt Defiance''',0,9500,0,'''Pt Defiance''',0,9500,0,'''Pt Defiance''',0,10000,0,'''Pt Defiance''',0,10000,0,'''Pt Defiance''',0,10000,0,'''Pt Defiance''',0,10000,0,'''Pt Defiance''',0,10000,0,'''Pt Defiance''',0,5500,0,'''Pt Defiance''',0
'20240524',211609,53000,0,'''Pt Defiance''',0,9000,0,'''Pt Defiance''',0,9000,0,'''Pt Defiance''',0,9000,0,'''Pt Defiance''',0,5000,0,'''Pt Defiance''',0,9000,0,'''Pt Defiance''',0,9000,0,'''Pt Defiance''',0,9000,0,'''Pt Defiance''',0,9000,0,'''Pt Defiance''',0,9000,0,'''Pt Defiance''',0,11000,0,'''Pt Defiance''',0,10000,0,'''Pt Defiance''',0,9500,0,'''Pt Defiance''',0,9500,0,'''Pt Defiance''',0,10000,0,'''Pt Defiance''',0,10000,0,'''Pt Defiance''',0,10000,0,'''Pt Defiance''',0,10000,0,'''Pt Defiance''',0,10000,0,'''Pt Defiance''',0,5500,0,'''Pt Defiance''',0
'20240525',211609,62000,0,'''Pt Defiance''',0,9000,0,'''Pt Defiance''',0,9000,0,'''Pt Defiance''',0,5000,0,'''Pt Defiance''',0,9000,0,'''Pt Defiance''',0,9000,0,'''Pt Defiance''',0,9000,0,'''Pt Defiance''',0,9000,0,'''Pt Defiance''',0,9000,0,'''Pt Defiance''',0,11000,0,'''Pt Defiance''',0,10000,0,'''Pt Defiance''',0,9500,0,'''Pt Defiance''',0,9500,0,'''Pt Defiance''',0,10000,0,'''Pt Defiance''',0,10000,0,'''Pt Defiance''',0,10000,0,'''Pt Defiance''',0,10000,0,'''Pt Defiance''',0,10000,0,'''Pt Defiance''',0,5500,0,'''Pt Defiance''',0
'20240526',211609,62000,0,'''Pt Defiance''',0,9000,0,'''Pt Defiance''',0,9000,0,'''Pt Defiance''',0,5000,0,'''Pt Defiance''',0,9000,0,'''Pt Defiance''',0,9000,0,'''Pt Defiance''',0,9000,0,'''Pt Defiance''',0,9000,0,'''Pt Defiance''',0,9000,0,'''Pt Defiance''',0,11000,0,'''Pt Defiance''',0,10000,0,'''Pt Defiance''',0,9500,0,'''Pt Defiance''',0,9500,0,'''Pt Defiance''',0,10000,0,'''Pt Defiance''',0,10000,0,'''Pt Defiance''',0,10000,0,'''Pt Defiance''',0,10000,0,'''Pt Defiance''',0,10000,0,'''Pt Defiance''',0,5500,0,'''Pt Defiance''',0
'20240527',211609,62000,0,'''Pt Defiance''',0,9000,0,'''Pt Defiance''',0,9000,0,'''Pt Defiance''',0,5000,0,'''Pt Defiance''',0,9000,0,'''Pt Defiance''',0,9000,0,'''Pt Defiance''',0,9000,0,'''Pt Defiance''',0,9000,0,'''Pt Defiance''',0,9000,0,'''Pt Defiance''',0,11000,0,'''Pt Defiance''',0,10000,0,'''Pt Defiance''',0,9500,0,'''Pt Defiance''',0,9500,0,'''Pt Defiance''',0,10000,0,'''Pt Defiance''',0,10000,0,'''Pt Defiance''',0,10000,0,'''Pt Defiance''',0,10000,0,'''Pt Defiance''',0,10000,0,'''Pt Defiance''',0,5500,0,'''Pt Defiance''',0
'20240528',211609,53000,0,'''Pt Defiance''',0,9000,0,'''Pt Defiance''',0,9000,0,'''Pt Defiance''',0,9000,0,'''Pt Defiance''',0,5000,0,'''Pt Defiance''',0,9000,0,'''Pt Defiance''',0,9000,0,'''Pt Defiance''',0,9000,0,'''Pt Defiance''',0,9000,0,'''Pt Defiance''',0,20000,0,'''Pt Defiance''',0,10000,0,'''Pt Defiance''',0,9500,0,'''Pt Defiance''',0,9500,0,'''Pt Defiance''',0,10000,0,'''Pt Defiance''',0,10000,0,'''Pt Defiance''',0,10000,0,'''Pt Defiance''',0,10000,0,'''Pt Defiance''',0,10000,0,'''Pt Defiance''',0,5500,0,'''Pt Defiance''',0
'20240529',211609,53000,0,'''Pt Defiance''',0,9000,0,'''Pt Defiance''',0,9000,0,'''Pt Defiance''',0,9000,0,'''Pt Defiance''',0,5000,0,'''Pt Defiance''',0,9000,0,'''Pt Defiance''',0,9000,0,'''Pt Defiance''',0,9000,0,'''Pt Defiance''',0,9000,0,'''Pt Defiance''',0,20000,0,'''Pt Defiance''',0,10000,0,'''Pt Defiance''',0,9500,0,'''Pt Defiance''',0,9500,0,'''Pt Defiance''',0,10000,0,'''Pt Defiance''',0,10000,0,'''Pt Defiance''',0,10000,0,'''Pt Defiance''',0,10000,0,'''Pt Defiance''',0,10000,0,'''Pt Defiance''',0,5500,0,'''Pt Defiance''',0
'20240530',211609,53000,0,'''Pt Defiance''',0,9000,0,'''Pt Defiance''',0,9000,0,'''Pt Defiance''',0,9000,0,'''Pt Defiance''',0,5000,0,'''Pt Defiance''',0,9000,0,'''Pt Defiance''',0,9000,0,'''Pt Defiance''',0,9000,0,'''Pt Defiance''',0,9000,0,'''Pt Defiance''',0,20000,0,'''Pt Defiance''',0,10000,0,'''Pt Defiance''',0,9500,0,'''Pt Defiance''',0,9500,0,'''Pt Defiance''',0,10000,0,'''Pt Defiance''',0,10000,0,'''Pt Defiance''',0,10000,0,'''Pt Defiance''',0,10000,0,'''Pt Defiance''',0,10000,0,'''Pt Defiance''',0,5500,0,'''Pt Defiance''',0
'20240531',211609,53000,0,'''Pt Defiance''',0,9000,0,'''Pt Defiance''',0,9000,0,'''Pt Defiance''',0,9000,0,'''Pt Defiance''',0,5000,0,'''Pt Defiance''',0,9000,0,'''Pt Defiance''',0,9000,0,'''Pt Defiance''',0,9000,0,'''Pt Defiance''',0,9000,0,'''Pt Defiance''',0,9000,0,'''Pt Defiance''',0,11000,0,'''Pt Defiance''',0,10000,0,'''Pt Defiance''',0,9500,0,'''Pt Defiance''',0,9500,0,'''Pt Defiance''',0,10000,0,'''Pt Defiance''',0,10000,0,'''Pt Defiance''',0,10000,0,'''Pt Defiance''',0,10000,0,'''Pt Defiance''',0,10000,0,'''Pt Defiance''',0,5500,0,'''Pt Defiance''',0
'20240601',211609,62000,0,'''Pt Defiance''',0,9000,0,'''Pt Defiance''',0,9000,0,'''Pt Defiance''',0,5000,0,'''Pt Defiance''',0,9000,0,'''Pt Defiance''',0,9000,0,'''Pt Defiance''',0,9000,0,'''Pt Defiance''',0,9000,0,'''Pt Defiance''',0,9000,0,'''Pt Defiance''',0,11000,0,'''Pt Defiance''',0,10000,0,'''Pt Defiance''',0,9500,0,'''Pt Defiance''',0,9500,0,'''Pt Defiance''',0,10000,0,'''Pt Defiance''',0,10000,0,'''Pt Defiance''',0,10000,0,'''Pt Defiance''',0,10000,0,'''Pt Defiance''',0,10000,0,'''Pt Defiance''',0,5500,0,'''Pt Defiance''',0
'20240602',211609,62000,0,'''Pt Defiance''',0,9000,0,'''Pt Defiance''',0,9000,0,'''Pt Defiance''',0,5000,0,'''Pt Defiance''',0,9000,0,'''Pt Defiance''',0,9000,0,'''Pt Defiance''',0,9000,0,'''Pt Defiance''',0,9000,0,'''Pt Defiance''',0,9000,0,'''Pt Defiance''',0,11000,0,'''Pt Defiance''',0,10000,0,'''Pt Defiance''',0,9500,0,'''Pt Defiance''',0,9500,0,'''Pt Defiance''',0,10000,0,'''Pt Defiance''',0,10000,0,'''Pt Defiance''',0,10000,0,'''Pt Defiance''',0,10000,0,'''Pt Defiance''',0,10000,0,'''Pt Defiance''',0,5500,0,'''Pt Defiance''',0
'20240603',211609,53000,0,'''Pt Defiance''',0,9000,0,'''Pt Defiance''',0,9000,0,'''Pt Defiance''',0,9000,0,'''Pt Defiance''',0,5000,0,'''Pt Defiance''',0,9000,0,'''Pt Defiance''',0,9000,0,'''Pt Defiance''',0,9000,0,'''Pt Defiance''',0,9000,0,'''Pt Defiance''',0,20000,0,'''Pt Defiance''',0,10000,0,'''Pt Defiance''',0,9500,0,'''Pt Defiance''',0,9500,0,'''Pt Defiance''',0,10000,0,'''Pt Defiance''',0,10000,0,'''Pt Defiance''',0,10000,0,'''Pt Defiance''',0,10000,0,'''Pt Defiance''',0,10000,0,'''Pt Defiance''',0,5500,0,'''Pt Defiance''',0
'20240604',211609,53000,0,'''Pt Defiance''',0,9000,0,'''Pt Defiance''',0,9000,0,'''Pt Defiance''',0,9000,0,'''Pt Defiance''',0,5000,0,'''Pt Defiance''',0,9000,0,'''Pt Defiance''',0,9000,0,'''Pt Defiance''',0,9000,0,'''Pt Defiance''',0,9000,0,'''Pt Defiance''',0,20000,0,'''Pt Defiance''',0,10000,0,'''Pt Defiance''',0,9500,0,'''Pt Defiance''',0,9500,0,'''Pt Defiance''',0,10000,0,'''Pt Defiance''',0,10000,0,'''Pt Defiance''',0,10000,0,'''Pt Defiance''',0,10000,0,'''Pt Defiance''',0,10000,0,'''Pt Defiance''',0,5500,0,'''Pt Defiance''',0
'20240605',211609,53000,0,'''Pt Defiance''',0,9000,0,'''Pt Defiance''',0,9000,0,'''Pt Defiance''',0,9000,0,'''Pt Defiance''',0,5000,0,'''Pt Defiance''',0,9000,0,'''Pt Defiance''',0,9000,0,'''Pt Defiance''',0,9000,0,'''Pt Defiance''',0,9000,0,'''Pt Defiance''',0,20000,0,'''Pt Defiance''',0,10000,0,'''Pt Defiance''',0,9500,0,'''Pt Defiance''',0,9500,0,'''Pt Defiance''',0,10000,0,'''Pt Defiance''',0,10000,0,'''Pt Defiance''',0,10000,0,'''Pt Defiance''',0,10000,0,'''Pt Defiance''',0,10000,0,'''Pt Defiance''',0,5500,0,'''Pt Defiance''',0
'20240606',211609,53000,0,'''Pt Defiance''',0,9000,0,'''Pt Defiance''',0,9000,0,'''Pt Defiance''',0,9000,0,'''Pt Defiance''',0,5000,0,'''Pt Defiance''',0,9000,0,'''Pt Defiance''',0,9000,0,'''Pt Defiance''',0,9000,0,'''Pt Defiance''',0,9000,0,'''Pt Defiance''',0,20000,0,'''Pt Defiance''',0,10000,0,'''Pt Defiance''',0,9500,0,'''Pt Defiance''',0,9500,0,'''Pt Defiance''',0,10000,0,'''Pt Defiance''',0,10000,0,'''Pt Defiance''',0,10000,0,'''Pt Defiance''',0,10000,0,'''Pt Defiance''',0,10000,0,'''Pt Defiance''',0,5500,0,'''Pt Defiance''',0
'20240607',211609,53000,0,'''Pt Defiance''',0,9000,0,'''Pt Defiance''',0,9000,0,'''Pt Defiance''',0,9000,0,'''Pt Defiance''',0,5000,0,'''Pt Defiance''',0,9000,0,'''Pt Defiance''',0,9000,0,'''Pt Defiance''',0,9000,0,'''Pt Defiance''',0,9000,0,'''Pt Defiance''',0,9000,0,'''Pt Defiance''',0,11000,0,'''Pt Defiance''',0,10000,0,'''Pt Defiance''',0,9500,0,'''Pt Defiance''',0,9500,0,'''Pt Defiance''',0,10000,0,'''Pt Defiance''',0,10000,0,'''Pt Defiance''',0,10000,0,'''Pt Defiance''',0,10000,0,'''Pt Defiance''',0,10000,0,'''Pt Defiance''',0,5500,0,'''Pt Defiance''',0
'20240608',211609,62000,0,'''Pt Defiance''',0,9000,0,'''Pt Defiance''',0,9000,0,'''Pt Defiance''',0,5000,0,'''Pt Defiance''',0,9000,0,'''Pt Defiance''',0,9000,0,'''Pt Defiance''',0,9000,0,'''Pt Defiance''',0,9000,0,'''Pt Defiance''',0,9000,0,'''Pt Defiance''',0,11000,0,'''Pt Defiance''',0,10000,0,'''Pt Defiance''',0,9500,0,'''Pt Defiance''',0,9500,0,'''Pt Defiance''',0,10000,0,'''Pt Defiance''',0,10000,0,'''Pt Defiance''',0,10000,0,'''Pt Defiance''',0,10000,0,'''Pt Defiance''',0,10000,0,'''Pt Defiance''',0,5500,0,'''Pt Defiance''',0
'20240609',211609,62000,0,'''Pt Defiance''',0,9000,0,'''Pt Defiance''',0,9000,0,'''Pt Defiance''',0,5000,0,'''Pt Defiance''',0,9000,0,'''Pt Defiance''',0,9000,0,'''Pt Defiance''',0,9000,0,'''Pt Defiance''',0,9000,0,'''Pt Defiance''',0,9000,0,'''Pt Defiance''',0,11000,0,'''Pt Defiance''',0,10000,0,'''Pt Defiance''',0,9500,0,'''Pt Defiance''',0,9500,0,'''Pt Defiance''',0,10000,0,'''Pt Defiance''',0,10000,0,'''Pt Defiance''',0,10000,0,'''Pt Defiance''',0,10000,0,'''Pt Defiance''',0,10000,0,'''Pt Defiance''',0,5500,0,'''Pt Defiance''',0
'20240610',211609,53000,0,'''Pt Defiance''',0,9000,0,'''Pt Defiance''',0,9000,0,'''Pt Defiance''',0,9000,0,'''Pt Defiance''',0,5000,0,'''Pt Defiance''',0,9000,0,'''Pt Defiance''',0,9000,0,'''Pt Defiance''',0,9000,0,'''Pt Defiance''',0,9000,0,'''Pt Defiance''',0,20000,0,'''Pt Defiance''',0,10000,0,'''Pt Defiance''',0,9500,0,'''Pt Defiance''',0,9500,0,'''Pt Defiance''',0,10000,0,'''Pt Defiance''',0,10000,0,'''Pt Defiance''',0,10000,0,'''Pt Defiance''',0,10000,0,'''Pt Defiance''',0,10000,0,'''Pt Defiance''',0,5500,0,'''Pt Defiance''',0
'20240611',211609,53000,0,'''Pt Defiance''',0,9000,0,'''Pt Defiance''',0,9000,0,'''Pt Defiance''',0,9000,0,'''Pt Defiance''',0,5000,0,'''Pt Defiance''',0,9000,0,'''Pt Defiance''',0,9000,0,'''Pt Defiance''',0,9000,0,'''Pt Defiance''',0,9000,0,'''Pt Defiance''',0,20000,0,'''Pt Defiance''',0,10000,0,'''Pt Defiance''',0,9500,0,'''Pt Defiance''',0,9500,0,'''Pt Defiance''',0,10000,0,'''Pt Defiance''',0,10000,0,'''Pt Defiance''',0,10000,0,'''Pt Defiance''',0,10000,0,'''Pt Defiance''',0,10000,0,'''Pt Defiance''',0,5500,0,'''Pt Defiance''',0
'20240612',211609,53000,0,'''Pt Defiance''',0,9000,0,'''Pt Defiance''',0,9000,0,'''Pt Defiance''',0,9000,0,'''Pt Defiance''',0,5000,0,'''Pt Defiance''',0,9000,0,'''Pt Defiance''',0,9000,0,'''Pt Defiance''',0,9000,0,'''Pt Defiance''',0,9000,0,'''Pt Defiance''',0,20000,0,'''Pt Defiance''',0,10000,0,'''Pt Defiance''',0,9500,0,'''Pt Defiance''',0,9500,0,'''Pt Defiance''',0,10000,0,'''Pt Defiance''',0,10000,0,'''Pt Defiance''',0,10000,0,'''Pt Defiance''',0,10000,0,'''Pt Defiance''',0,10000,0,'''Pt Defiance''',0,5500,0,'''Pt Defiance''',0
'20240613',211609,53000,0,'''Pt Defiance''',0,9000,0,'''Pt Defiance''',0,9000,0,'''Pt Defiance''',0,9000,0,'''Pt Defiance''',0,5000,0,'''Pt Defiance''',0,9000,0,'''Pt Defiance''',0,9000,0,'''Pt Defiance''',0,9000,0,'''Pt Defiance''',0,9000,0,'''Pt Defiance''',0,20000,0,'''Pt Defiance''',0,10000,0,'''Pt Defiance''',0,9500,0,'''Pt Defiance''',0,9500,0,'''Pt Defiance''',0,10000,0,'''Pt Defiance''',0,10000,0,'''Pt Defiance''',0,10000,0,'''Pt Defiance''',0,10000,0,'''Pt Defiance''',0,10000,0,'''Pt Defiance''',0,5500,0,'''Pt Defiance''',0
'20240614',211609,53000,0,'''Pt Defiance''',0,9000,0,'''Pt Defiance''',0,9000,0,'''Pt Defiance''',0,9000,0,'''Pt Defiance''',0,5000,0,'''Pt Defiance''',0,9000,0,'''Pt Defiance''',0,9000,0,'''Pt Defiance''',0,9000,0,'''Pt Defiance''',0,9000,0,'''Pt Defiance''',0,9000,0,'''Pt Defiance''',0,11000,0,'''Pt Defiance''',0,10000,0,'''Pt Defiance''',0,9500,0,'''Pt Defiance''',0,9500,0,'''Pt Defiance''',0,10000,0,'''Pt Defiance''',0,10000,0,'''Pt Defiance''',0,10000,0,'''Pt Defiance''',0,10000,0,'''Pt Defiance''',0,10000,0,'''Pt Defiance''',0,5500,0,'''Pt Defiance''',0
'20240615',211609,62000,0,'''Pt Defiance''',0,9000,0,'''Pt Defiance''',0,9000,0,'''Pt Defiance''',0,5000,0,'''Pt Defiance''',0,9000,0,'''Pt Defiance''',0,9000,0,'''Pt Defiance''',0,9000,0,'''Pt Defiance''',0,9000,0,'''Pt Defiance''',0,9000,0,'''Pt Defiance''',0,11000,0,'''Pt Defiance''',0,10000,0,'''Pt Defiance''',0,9500,0,'''Pt Defiance''',0,9500,0,'''Pt Defiance''',0,10000,0,'''Pt Defiance''',0,10000,0,'''Pt Defiance''',0,10000,0,'''Pt Defiance''',0,10000,0,'''Pt Defiance''',0,10000,0,'''Pt Defiance''',0,5500,0,'''Pt Defiance''',0
'20240616',211609,62000,0,'''Pt Defiance''',0,9000,0,'''Pt Defiance''',0,9000,0,'''Pt Defiance''',0,5000,0,'''Pt Defiance''',0,9000,0,'''Pt Defiance''',0,9000,0,'''Pt Defiance''',0,9000,0,'''Pt Defiance''',0,9000,0,'''Pt Defiance''',0,9000,0,'''Pt Defiance''',0,11000,0,'''Pt Defiance''',0,10000,0,'''Pt Defiance''',0,9500,0,'''Pt Defiance''',0,9500,0,'''Pt Defiance''',0,10000,0,'''Pt Defiance''',0,10000,0,'''Pt Defiance''',0,10000,0,'''Pt Defiance''',0,10000,0,'''Pt Defiance''',0,10000,0,'''Pt Defiance''',0,5500,0,'''Pt Defiance''',0
'20240617',211609,53000,0,'''Pt Defiance''',0,9000,0,'''Pt Defiance''',0,9000,0,'''Pt Defiance''',0,9000,0,'''Pt Defiance''',0,5000,0,'''Pt Defiance''',0,9000,0,'''Pt Defiance''',0,9000,0,'''Pt Defiance''',0,9000,0,'''Pt Defiance''',0,9000,0,'''Pt Defiance''',0,20000,0,'''Pt Defiance''',0,10000,0,'''Pt Defiance''',0,9500,0,'''Pt Defiance''',0,9500,0,'''Pt Defiance''',0,10000,0,'''Pt Defiance''',0,10000,0,'''Pt Defiance''',0,10000,0,'''Pt Defiance''',0,10000,0,'''Pt Defiance''',0,10000,0,'''Pt Defiance''',0,5500,0,'''Pt Defiance''',0
'20240618',211609,53000,0,'''Pt Defiance''',0,9000,0,'''Pt Defiance''',0,9000,0,'''Pt Defiance''',0,9000,0,'''Pt Defiance''',0,5000,0,'''Pt Defiance''',0,9000,0,'''Pt Defiance''',0,9000,0,'''Pt Defiance''',0,9000,0,'''Pt Defiance''',0,9000,0,'''Pt Defiance''',0,20000,0,'''Pt Defiance''',0,10000,0,'''Pt Defiance''',0,9500,0,'''Pt Defiance''',0,9500,0,'''Pt Defiance''',0,10000,0,'''Pt Defiance''',0,10000,0,'''Pt Defiance''',0,10000,0,'''Pt Defiance''',0,10000,0,'''Pt Defiance''',0,10000,0,'''Pt Defiance''',0,5500,0,'''Pt Defiance''',0
'20240619',211609,53000,0,'''Pt Defiance''',0,9000,0,'''Pt Defiance''',0,9000,0,'''Pt Defiance''',0,9000,0,'''Pt Defiance''',0,5000,0,'''Pt Defiance''',0,9000,0,'''Pt Defiance''',0,9000,0,'''Pt Defiance''',0,9000,0,'''Pt Defiance''',0,9000,0,'''Pt Defiance''',0,20000,0,'''Pt Defiance''',0,10000,0,'''Pt Defiance''',0,9500,0,'''Pt Defiance''',0,9500,0,'''Pt Defiance''',0,10000,0,'''Pt Defiance''',0,10000,0,'''Pt Defiance''',0,10000,0,'''Pt Defiance''',0,10000,0,'''Pt Defiance''',0,10000,0,'''Pt Defiance''',0,5500,0,'''Pt Defiance''',0
'20240620',211609,53000,0,'''Pt Defiance''',0,9000,0,'''Pt Defiance''',0,9000,0,'''Pt Defiance''',0,9000,0,'''Pt Defiance''',0,5000,0,'''Pt Defiance''',0,9000,0,'''Pt Defiance''',0,9000,0,'''Pt Defiance''',0,9000,0,'''Pt Defiance''',0,9000,0,'''Pt Defiance''',0,20000,0,'''Pt Defiance''',0,10000,0,'''Pt Defiance''',0,9500,0,'''Pt Defiance''',0,9500,0,'''Pt Defiance''',0,10000,0,'''Pt Defiance''',0,10000,0,'''Pt Defiance''',0,10000,0,'''Pt Defiance''',0,10000,0,'''Pt Defiance''',0,10000,0,'''Pt Defiance''',0,5500,0,'''Pt Defiance''',0
'20240621',211609,53000,0,'''Pt Defiance''',0,9000,0,'''Pt Defiance''',0,9000,0,'''Pt Defiance''',0,9000,0,'''Pt Defiance''',0,5000,0,'''Pt Defiance''',0,9000,0,'''Pt Defiance''',0,9000,0,'''Pt Defiance''',0,9000,0,'''Pt Defiance''',0,9000,0,'''Pt Defiance''',0,9000,0,'''Pt Defiance''',0,11000,0,'''Pt Defiance''',0,10000,0,'''Pt Defiance''',0,9500,0,'''Pt Defiance''',0,9500,0,'''Pt Defiance''',0,10000,0,'''Pt Defiance''',0,10000,0,'''Pt Defiance''',0,10000,0,'''Pt Defiance''',0,10000,0,'''Pt Defiance''',0,10000,0,'''Pt Defiance''',0,5500,0,'''Pt Defiance''',0
'20240622',211609,62000,0,'''Pt Defiance''',0,9000,0,'''Pt Defiance''',0,9000,0,'''Pt Defiance''',0,5000,0,'''Pt Defiance''',0,9000,0,'''Pt Defiance''',0,9000,0,'''Pt Defiance''',0,9000,0,'''Pt Defiance''',0,9000,0,'''Pt Defiance''',0,9000,0,'''Pt Defiance''',0,11000,0,'''Pt Defiance''',0,10000,0,'''Pt Defiance''',0,9500,0,'''Pt Defiance''',0,9500,0,'''Pt Defiance''',0,10000,0,'''Pt Defiance''',0,10000,0,'''Pt Defiance''',0,10000,0,'''Pt Defiance''',0,10000,0,'''Pt Defiance''',0,10000,0,'''Pt Defiance''',0,5500,0,'''Pt Defiance''',0
'20240623',211609,62000,0,'''Pt Defiance''',0,9000,0,'''Pt Defiance''',0,9000,0,'''Pt Defiance''',0,5000,0,'''Pt Defiance''',0,9000,0,'''Pt Defiance''',0,9000,0,'''Pt Defiance''',0,9000,0,'''Pt Defiance''',0,9000,0,'''Pt Defiance''',0,9000,0,'''Pt Defiance''',0,11000,0,'''Pt Defiance''',0,10000,0,'''Pt Defiance''',0,9500,0,'''Pt Defiance''',0,9500,0,'''Pt Defiance''',0,10000,0,'''Pt Defiance''',0,10000,0,'''Pt Defiance''',0,10000,0,'''Pt Defiance''',0,10000,0,'''Pt Defiance''',0,10000,0,'''Pt Defiance''',0,5500,0,'''Pt Defiance''',0
'20240624',211609,53000,0,'''Pt Defiance''',0,9000,0,'''Pt Defiance''',0,9000,0,'''Pt Defiance''',0,9000,0,'''Pt Defiance''',0,5000,0,'''Pt Defiance''',0,9000,0,'''Pt Defiance''',0,9000,0,'''Pt Defiance''',0,9000,0,'''Pt Defiance''',0,9000,0,'''Pt Defiance''',0,20000,0,'''Pt Defiance''',0,10000,0,'''Pt Defiance''',0,9500,0,'''Pt Defiance''',0,9500,0,'''Pt Defiance''',0,10000,0,'''Pt Defiance''',0,10000,0,'''Pt Defiance''',0,10000,0,'''Pt Defiance''',0,10000,0,'''Pt Defiance''',0,10000,0,'''Pt Defiance''',0,5500,0,'''Pt Defiance''',0
'20240625',211609,53000,0,'''Pt Defiance''',0,9000,0,'''Pt Defiance''',0,9000,0,'''Pt Defiance''',0,9000,0,'''Pt Defiance''',0,5000,0,'''Pt Defiance''',0,9000,0,'''Pt Defiance''',0,9000,0,'''Pt Defiance''',0,9000,0,'''Pt Defiance''',0,9000,0,'''Pt Defiance''',0,20000,0,'''Pt Defiance''',0,10000,0,'''Pt Defiance''',0,9500,0,'''Pt Defiance''',0,9500,0,'''Pt Defiance''',0,10000,0,'''Pt Defiance''',0,10000,0,'''Pt Defiance''',0,10000,0,'''Pt Defiance''',0,10000,0,'''Pt Defiance''',0,10000,0,'''Pt Defiance''',0,5500,0,'''Pt Defiance''',0
'20240626',211609,53000,0,'''Pt Defiance''',0,9000,0,'''Pt Defiance''',0,9000,0,'''Pt Defiance''',0,9000,0,'''Pt Defiance''',0,5000,0,'''Pt Defiance''',0,9000,0,'''Pt Defiance''',0,9000,0,'''Pt Defiance''',0,9000,0,'''Pt Defiance''',0,9000,0,'''Pt Defiance''',0,20000,0,'''Pt Defiance''',0,10000,0,'''Pt Defiance''',0,9500,0,'''Pt Defiance''',0,9500,0,'''Pt Defiance''',0,10000,0,'''Pt Defiance''',0,10000,0,'''Pt Defiance''',0,10000,0,'''Pt Defiance''',0,10000,0,'''Pt Defiance''',0,10000,0,'''Pt Defiance''',0,5500,0,'''Pt Defiance''',0
'20240627',211609,53000,0,'''Pt Defiance''',0,9000,0,'''Pt Defiance''',0,9000,0,'''Pt Defiance''',0,9000,0,'''Pt Defiance''',0,5000,0,'''Pt Defiance''',0,9000,0,'''Pt Defiance''',0,9000,0,'''Pt Defiance''',0,9000,0,'''Pt Defiance''',0,9000,0,'''Pt Defiance''',0,20000,0,'''Pt Defiance''',0,10000,0,'''Pt Defiance''',0,9500,0,'''Pt Defiance''',0,9500,0,'''Pt Defiance''',0,10000,0,'''Pt Defiance''',0,10000,0,'''Pt Defiance''',0,10000,0,'''Pt Defiance''',0,10000,0,'''Pt Defiance''',0,10000,0,'''Pt Defiance''',0,5500,0,'''Pt Defiance''',0
'20240628',211609,53000,0,'''Pt Defiance''',0,9000,0,'''Pt Defiance''',0,9000,0,'''Pt Defiance''',0,9000,0,'''Pt Defiance''',0,5000,0,'''Pt Defiance''',0,9000,0,'''Pt Defiance''',0,9000,0,'''Pt Defiance''',0,9000,0,'''Pt Defiance''',0,9000,0,'''Pt Defiance''',0,9000,0,'''Pt Defiance''',0,11000,0,'''Pt Defiance''',0,10000,0,'''Pt Defiance''',0,9500,0,'''Pt Defiance''',0,9500,0,'''Pt Defiance''',0,10000,0,'''Pt Defiance''',0,10000,0,'''Pt Defiance''',0,10000,0,'''Pt Defiance''',0,10000,0,'''Pt Defiance''',0,10000,0,'''Pt Defiance''',0,5500,0,'''Pt Defiance''',0
'20240629',211609,62000,0,'''Pt Defiance''',0,9000,0,'''Pt Defiance''',0,9000,0,'''Pt Defiance''',0,5000,0,'''Pt Defiance''',0,9000,0,'''Pt Defiance''',0,9000,0,'''Pt Defiance''',0,9000,0,'''Pt Defiance''',0,9000,0,'''Pt Defiance''',0,9000,0,'''Pt Defiance''',0,11000,0,'''Pt Defiance''',0,10000,0,'''Pt Defiance''',0,9500,0,'''Pt Defiance''',0,9500,0,'''Pt Defiance''',0,10000,0,'''Pt Defiance''',0,10000,0,'''Pt Defiance''',0,10000,0,'''Pt Defiance''',0,10000,0,'''Pt Defiance''',0,10000,0,'''Pt Defiance''',0,5500,0,'''Pt Defiance''',0
'20240630',211609,62000,0,'''Pt Defiance''',0,9000,0,'''Pt Defiance''',0,9000,0,'''Pt Defiance''',0,5000,0,'''Pt Defiance''',0,9000,0,'''Pt Defiance''',0,9000,0,'''Pt Defiance''',0,9000,0,'''Pt Defiance''',0,9000,0,'''Pt Defiance''',0,9000,0,'''Pt Defiance''',0,11000,0,'''Pt Defiance''',0,10000,0,'''Pt Defiance''',0,9500,0,'''Pt Defiance''',0,9500,0,'''Pt Defiance''',0,10000,0,'''Pt Defiance''',0,10000,0,'''Pt Defiance''',0,10000,0,'''Pt Defiance''',0,10000,0,'''Pt Defiance''',0,10000,0,'''Pt Defiance''',0,5500,0,'''Pt Defiance''',0
'20240701',211609,53000,0,'''Pt Defiance''',0,9000,0,'''Pt Defiance''',0,9000,0,'''Pt Defiance''',0,9000,0,'''Pt Defiance''',0,5000,0,'''Pt Defiance''',0,9000,0,'''Pt Defiance''',0,9000,0,'''Pt Defiance''',0,9000,0,'''Pt Defiance''',0,9000,0,'''Pt Defiance''',0,20000,0,'''Pt Defiance''',0,10000,0,'''Pt Defiance''',0,9500,0,'''Pt Defiance''',0,9500,0,'''Pt Defiance''',0,10000,0,'''Pt Defiance''',0,10000,0,'''Pt Defiance''',0,10000,0,'''Pt Defiance''',0,10000,0,'''Pt Defiance''',0,10000,0,'''Pt Defiance''',0,5500,0,'''Pt Defiance''',0
'20240702',211609,53000,0,'''Pt Defiance''',0,9000,0,'''Pt Defiance''',0,9000,0,'''Pt Defiance''',0,9000,0,'''Pt Defiance''',0,5000,0,'''Pt Defiance''',0,9000,0,'''Pt Defiance''',0,9000,0,'''Pt Defiance''',0,9000,0,'''Pt Defiance''',0,9000,0,'''Pt Defiance''',0,20000,0,'''Pt Defiance''',0,10000,0,'''Pt Defiance''',0,9500,0,'''Pt Defiance''',0,9500,0,'''Pt Defiance''',0,10000,0,'''Pt Defiance''',0,10000,0,'''Pt Defiance''',0,10000,0,'''Pt Defiance''',0,10000,0,'''Pt Defiance''',0,10000,0,'''Pt Defiance''',0,5500,0,'''Pt Defiance''',0
'20240703',211609,53000,0,'''Pt Defiance''',0,9000,0,'''Pt Defiance''',0,9000,0,'''Pt Defiance''',0,9000,0,'''Pt Defiance''',0,5000,0,'''Pt Defiance''',0,9000,0,'''Pt Defiance''',0,9000,0,'''Pt Defiance''',0,9000,0,'''Pt Defiance''',0,9000,0,'''Pt Defiance''',0,20000,0,'''Pt Defiance''',0,10000,0,'''Pt Defiance''',0,9500,0,'''Pt Defiance''',0,9500,0,'''Pt Defiance''',0,10000,0,'''Pt Defiance''',0,10000,0,'''Pt Defiance''',0,10000,0,'''Pt Defiance''',0,10000,0,'''Pt Defiance''',0,10000,0,'''Pt Defiance''',0,5500,0,'''Pt Defiance''',0
'20240704',211609,53000,0,'''Pt Defiance''',0,9000,0,'''Pt Defiance''',0,9000,0,'''Pt Defiance''',0,9000,0,'''Pt Defiance''',0,5000,0,'''Pt Defiance''',0,9000,0,'''Pt Defiance''',0,9000,0,'''Pt Defiance''',0,9000,0,'''Pt Defiance''',0,9000,0,'''Pt Defiance''',0,9000,0,'''Pt Defiance''',0,11000,0,'''Pt Defiance''',0,10000,0,'''Pt Defiance''',0,9500,0,'''Pt Defiance''',0,9500,0,'''Pt Defiance''',0,10000,0,'''Pt Defiance''',0,10000,0,'''Pt Defiance''',0,10000,0,'''Pt Defiance''',0,10000,0,'''Pt Defiance''',0,10000,0,'''Pt Defiance''',0,5500,0,'''Pt Defiance''',0
'20240705',211609,53000,0,'''Pt Defiance''',0,9000,0,'''Pt Defiance''',0,9000,0,'''Pt Defiance''',0,9000,0,'''Pt Defiance''',0,5000,0,'''Pt Defiance''',0,9000,0,'''Pt Defiance''',0,9000,0,'''Pt Defiance''',0,9000,0,'''Pt Defiance''',0,9000,0,'''Pt Defiance''',0,9000,0,'''Pt Defiance''',0,11000,0,'''Pt Defiance''',0,10000,0,'''Pt Defiance''',0,9500,0,'''Pt Defiance''',0,9500,0,'''Pt Defiance''',0,10000,0,'''Pt Defiance''',0,10000,0,'''Pt Defiance''',0,10000,0,'''Pt Defiance''',0,10000,0,'''Pt Defiance''',0,10000,0,'''Pt Defiance''',0,5500,0,'''Pt Defiance''',0
'20240706',211609,62000,0,'''Pt Defiance''',0,9000,0,'''Pt Defiance''',0,9000,0,'''Pt Defiance''',0,5000,0,'''Pt Defiance''',0,9000,0,'''Pt Defiance''',0,9000,0,'''Pt Defiance''',0,9000,0,'''Pt Defiance''',0,9000,0,'''Pt Defiance''',0,9000,0,'''Pt Defiance''',0,11000,0,'''Pt Defiance''',0,10000,0,'''Pt Defiance''',0,9500,0,'''Pt Defiance''',0,9500,0,'''Pt Defiance''',0,10000,0,'''Pt Defiance''',0,10000,0,'''Pt Defiance''',0,10000,0,'''Pt Defiance''',0,10000,0,'''Pt Defiance''',0,10000,0,'''Pt Defiance''',0,5500,0,'''Pt Defiance''',0
'20240707',211609,62000,0,'''Pt Defiance''',0,9000,0,'''Pt Defiance''',0,9000,0,'''Pt Defiance''',0,5000,0,'''Pt Defiance''',0,9000,0,'''Pt Defiance''',0,9000,0,'''Pt Defiance''',0,9000,0,'''Pt Defiance''',0,9000,0,'''Pt Defiance''',0,9000,0,'''Pt Defiance''',0,11000,0,'''Pt Defiance''',0,10000,0,'''Pt Defiance''',0,9500,0,'''Pt Defiance''',0,9500,0,'''Pt Defiance''',0,10000,0,'''Pt Defiance''',0,10000,0,'''Pt Defiance''',0,10000,0,'''Pt Defiance''',0,10000,0,'''Pt Defiance''',0,10000,0,'''Pt Defiance''',0,5500,0,'''Pt Defiance''',0
'20240708',211609,53000,0,'''Pt Defiance''',0,9000,0,'''Pt Defiance''',0,9000,0,'''Pt Defiance''',0,9000,0,'''Pt Defiance''',0,5000,0,'''Pt Defiance''',0,9000,0,'''Pt Defiance''',0,9000,0,'''Pt Defiance''',0,9000,0,'''Pt Defiance''',0,9000,0,'''Pt Defiance''',0,20000,0,'''Pt Defiance''',0,10000,0,'''Pt Defiance''',0,9500,0,'''Pt Defiance''',0,9500,0,'''Pt Defiance''',0,10000,0,'''Pt Defiance''',0,10000,0,'''Pt Defiance''',0,10000,0,'''Pt Defiance''',0,10000,0,'''Pt Defiance''',0,10000,0,'''Pt Defiance''',0,5500,0,'''Pt Defiance''',0
'20240709',211609,53000,0,'''Pt Defiance''',0,9000,0,'''Pt Defiance''',0,9000,0,'''Pt Defiance''',0,9000,0,'''Pt Defiance''',0,5000,0,'''Pt Defiance''',0,9000,0,'''Pt Defiance''',0,9000,0,'''Pt Defiance''',0,9000,0,'''Pt Defiance''',0,9000,0,'''Pt Defiance''',0,20000,0,'''Pt Defiance''',0,10000,0,'''Pt Defiance''',0,9500,0,'''Pt Defiance''',0,9500,0,'''Pt Defiance''',0,10000,0,'''Pt Defiance''',0,10000,0,'''Pt Defiance''',0,10000,0,'''Pt Defiance''',0,10000,0,'''Pt Defiance''',0,10000,0,'''Pt Defiance''',0,5500,0,'''Pt Defiance''',0
'20240710',211609,53000,0,'''Pt Defiance''',0,9000,0,'''Pt Defiance''',0,9000,0,'''Pt Defiance''',0,9000,0,'''Pt Defiance''',0,5000,0,'''Pt Defiance''',0,9000,0,'''Pt Defiance''',0,9000,0,'''Pt Defiance''',0,9000,0,'''Pt Defiance''',0,9000,0,'''Pt Defiance''',0,20000,0,'''Pt Defiance''',0,10000,0,'''Pt Defiance''',0,9500,0,'''Pt Defiance''',0,9500,0,'''Pt Defiance''',0,10000,0,'''Pt Defiance''',0,10000,0,'''Pt Defiance''',0,10000,0,'''Pt Defiance''',0,10000,0,'''Pt Defiance''',0,10000,0,'''Pt Defiance''',0,5500,0,'''Pt Defiance''',0
'20240711',211609,53000,0,'''Pt Defiance''',0,9000,0,'''Pt Defiance''',0,9000,0,'''Pt Defiance''',0,9000,0,'''Pt Defiance''',0,5000,0,'''Pt Defiance''',0,9000,0,'''Pt Defiance''',0,9000,0,'''Pt Defiance''',0,9000,0,'''Pt Defiance''',0,9000,0,'''Pt Defiance''',0,20000,0,'''Pt Defiance''',0,10000,0,'''Pt Defiance''',0,9500,0,'''Pt Defiance''',0,9500,0,'''Pt Defiance''',0,10000,0,'''Pt Defiance''',0,10000,0,'''Pt Defiance''',0,10000,0,'''Pt Defiance''',0,10000,0,'''Pt Defiance''',0,10000,0,'''Pt Defiance''',0,5500,0,'''Pt Defiance''',0
'20240712',211609,53000,0,'''Pt Defiance''',0,9000,0,'''Pt Defiance''',0,9000,0,'''Pt Defiance''',0,9000,0,'''Pt Defiance''',0,5000,0,'''Pt Defiance''',0,9000,0,'''Pt Defiance''',0,9000,0,'''Pt Defiance''',0,9000,0,'''Pt Defiance''',0,9000,0,'''Pt Defiance''',0,9000,0,'''Pt Defiance''',0,11000,0,'''Pt Defiance''',0,10000,0,'''Pt Defiance''',0,9500,0,'''Pt Defiance''',0,9500,0,'''Pt Defiance''',0,10000,0,'''Pt Defiance''',0,10000,0,'''Pt Defiance''',0,10000,0,'''Pt Defiance''',0,10000,0,'''Pt Defiance''',0,10000,0,'''Pt Defiance''',0,5500,0,'''Pt Defiance''',0
'20240713',211609,62000,0,'''Pt Defiance''',0,9000,0,'''Pt Defiance''',0,9000,0,'''Pt Defiance''',0,5000,0,'''Pt Defiance''',0,9000,0,'''Pt Defiance''',0,9000,0,'''Pt Defiance''',0,9000,0,'''Pt Defiance''',0,9000,0,'''Pt Defiance''',0,9000,0,'''Pt Defiance''',0,11000,0,'''Pt Defiance''',0,10000,0,'''Pt Defiance''',0,9500,0,'''Pt Defiance''',0,9500,0,'''Pt Defiance''',0,10000,0,'''Pt Defiance''',0,10000,0,'''Pt Defiance''',0,10000,0,'''Pt Defiance''',0,10000,0,'''Pt Defiance''',0,10000,0,'''Pt Defiance''',0,5500,0,'''Pt Defiance''',0
'20240714',211609,62000,0,'''Pt Defiance''',0,9000,0,'''Pt Defiance''',0,9000,0,'''Pt Defiance''',0,5000,0,'''Pt Defiance''',0,9000,0,'''Pt Defiance''',0,9000,0,'''Pt Defiance''',0,9000,0,'''Pt Defiance''',0,9000,0,'''Pt Defiance''',0,9000,0,'''Pt Defiance''',0,11000,0,'''Pt Defiance''',0,10000,0,'''Pt Defiance''',0,9500,0,'''Pt Defiance''',0,9500,0,'''Pt Defiance''',0,10000,0,'''Pt Defiance''',0,10000,0,'''Pt Defiance''',0,10000,0,'''Pt Defiance''',0,10000,0,'''Pt Defiance''',0,10000,0,'''Pt Defiance''',0,5500,0,'''Pt Defiance''',0
'20240715',211609,53000,0,'''Pt Defiance''',0,9000,0,'''Pt Defiance''',0,9000,0,'''Pt Defiance''',0,9000,0,'''Pt Defiance''',0,5000,0,'''Pt Defiance''',0,9000,0,'''Pt Defiance''',0,9000,0,'''Pt Defiance''',0,9000,0,'''Pt Defiance''',0,9000,0,'''Pt Defiance''',0,20000,0,'''Pt Defiance''',0,10000,0,'''Pt Defiance''',0,9500,0,'''Pt Defiance''',0,9500,0,'''Pt Defiance''',0,10000,0,'''Pt Defiance''',0,10000,0,'''Pt Defiance''',0,10000,0,'''Pt Defiance''',0,10000,0,'''Pt Defiance''',0,10000,0,'''Pt Defiance''',0,5500,0,'''Pt Defiance''',0
'20240716',211609,53000,0,'''Pt Defiance''',0,9000,0,'''Pt Defiance''',0,9000,0,'''Pt Defiance''',0,9000,0,'''Pt Defiance''',0,5000,0,'''Pt Defiance''',0,9000,0,'''Pt Defiance''',0,9000,0,'''Pt Defiance''',0,9000,0,'''Pt Defiance''',0,9000,0,'''Pt Defiance''',0,20000,0,'''Pt Defiance''',0,10000,0,'''Pt Defiance''',0,9500,0,'''Pt Defiance''',0,9500,0,'''Pt Defiance''',0,10000,0,'''Pt Defiance''',0,10000,0,'''Pt Defiance''',0,10000,0,'''Pt Defiance''',0,10000,0,'''Pt Defiance''',0,10000,0,'''Pt Defiance''',0,5500,0,'''Pt Defiance''',0
'20240717',211609,53000,0,'''Pt Defiance''',0,9000,0,'''Pt Defiance''',0,9000,0,'''Pt Defiance''',0,9000,0,'''Pt Defiance''',0,5000,0,'''Pt Defiance''',0,9000,0,'''Pt Defiance''',0,9000,0,'''Pt Defiance''',0,9000,0,'''Pt Defiance''',0,9000,0,'''Pt Defiance''',0,20000,0,'''Pt Defiance''',0,10000,0,'''Pt Defiance''',0,9500,0,'''Pt Defiance''',0,9500,0,'''Pt Defiance''',0,10000,0,'''Pt Defiance''',0,10000,0,'''Pt Defiance''',0,10000,0,'''Pt Defiance''',0,10000,0,'''Pt Defiance''',0,10000,0,'''Pt Defiance''',0,5500,0,'''Pt Defiance''',0
'20240718',211609,53000,0,'''Pt Defiance''',0,9000,0,'''Pt Defiance''',0,9000,0,'''Pt Defiance''',0,9000,0,'''Pt Defiance''',0,5000,0,'''Pt Defiance''',0,9000,0,'''Pt Defiance''',0,9000,0,'''Pt Defiance''',0,9000,0,'''Pt Defiance''',0,9000,0,'''Pt Defiance''',0,20000,0,'''Pt Defiance''',0,10000,0,'''Pt Defiance''',0,9500,0,'''Pt Defiance''',0,9500,0,'''Pt Defiance''',0,10000,0,'''Pt Defiance''',0,10000,0,'''Pt Defiance''',0,10000,0,'''Pt Defiance''',0,10000,0,'''Pt Defiance''',0,10000,0,'''Pt Defiance''',0,5500,0,'''Pt Defiance''',0
'20240719',211609,53000,0,'''Pt Defiance''',0,9000,0,'''Pt Defiance''',0,9000,0,'''Pt Defiance''',0,9000,0,'''Pt Defiance''',0,5000,0,'''Pt Defiance''',0,9000,0,'''Pt Defiance''',0,9000,0,'''Pt Defiance''',0,9000,0,'''Pt Defiance''',0,9000,0,'''Pt Defiance''',0,9000,0,'''Pt Defiance''',0,11000,0,'''Pt Defiance''',0,10000,0,'''Pt Defiance''',0,9500,0,'''Pt Defiance''',0,9500,0,'''Pt Defiance''',0,10000,0,'''Pt Defiance''',0,10000,0,'''Pt Defiance''',0,10000,0,'''Pt Defiance''',0,10000,0,'''Pt Defiance''',0,10000,0,'''Pt Defiance''',0,5500,0,'''Pt Defiance''',0
'20240720',211609,62000,0,'''Pt Defiance''',0,9000,0,'''Pt Defiance''',0,9000,0,'''Pt Defiance''',0,5000,0,'''Pt Defiance''',0,9000,0,'''Pt Defiance''',0,9000,0,'''Pt Defiance''',0,9000,0,'''Pt Defiance''',0,9000,0,'''Pt Defiance''',0,9000,0,'''Pt Defiance''',0,11000,0,'''Pt Defiance''',0,10000,0,'''Pt Defiance''',0,9500,0,'''Pt Defiance''',0,9500,0,'''Pt Defiance''',0,10000,0,'''Pt Defiance''',0,10000,0,'''Pt Defiance''',0,10000,0,'''Pt Defiance''',0,10000,0,'''Pt Defiance''',0,10000,0,'''Pt Defiance''',0,5500,0,'''Pt Defiance''',0
'20240721',211609,62000,0,'''Pt Defiance''',0,9000,0,'''Pt Defiance''',0,9000,0,'''Pt Defiance''',0,5000,0,'''Pt Defiance''',0,9000,0,'''Pt Defiance''',0,9000,0,'''Pt Defiance''',0,9000,0,'''Pt Defiance''',0,9000,0,'''Pt Defiance''',0,9000,0,'''Pt Defiance''',0,11000,0,'''Pt Defiance''',0,10000,0,'''Pt Defiance''',0,9500,0,'''Pt Defiance''',0,9500,0,'''Pt Defiance''',0,10000,0,'''Pt Defiance''',0,10000,0,'''Pt Defiance''',0,10000,0,'''Pt Defiance''',0,10000,0,'''Pt Defiance''',0,10000,0,'''Pt Defiance''',0,5500,0,'''Pt Defiance''',0
'20240722',211609,53000,0,'''Pt Defiance''',0,9000,0,'''Pt Defiance''',0,9000,0,'''Pt Defiance''',0,9000,0,'''Pt Defiance''',0,5000,0,'''Pt Defiance''',0,9000,0,'''Pt Defiance''',0,9000,0,'''Pt Defiance''',0,9000,0,'''Pt Defiance''',0,9000,0,'''Pt Defiance''',0,20000,0,'''Pt Defiance''',0,10000,0,'''Pt Defiance''',0,9500,0,'''Pt Defiance''',0,9500,0,'''Pt Defiance''',0,10000,0,'''Pt Defiance''',0,10000,0,'''Pt Defiance''',0,10000,0,'''Pt Defiance''',0,10000,0,'''Pt Defiance''',0,10000,0,'''Pt Defiance''',0,5500,0,'''Pt Defiance''',0
'20240723',211609,53000,0,'''Pt Defiance''',0,9000,0,'''Pt Defiance''',0,9000,0,'''Pt Defiance''',0,9000,0,'''Pt Defiance''',0,5000,0,'''Pt Defiance''',0,9000,0,'''Pt Defiance''',0,9000,0,'''Pt Defiance''',0,9000,0,'''Pt Defiance''',0,9000,0,'''Pt Defiance''',0,20000,0,'''Pt Defiance''',0,10000,0,'''Pt Defiance''',0,9500,0,'''Pt Defiance''',0,9500,0,'''Pt Defiance''',0,10000,0,'''Pt Defiance''',0,10000,0,'''Pt Defiance''',0,10000,0,'''Pt Defiance''',0,10000,0,'''Pt Defiance''',0,10000,0,'''Pt Defiance''',0,5500,0,'''Pt Defiance''',0
'20240724',211609,53000,0,'''Pt Defiance''',0,9000,0,'''Pt Defiance''',0,9000,0,'''Pt Defiance''',0,9000,0,'''Pt Defiance''',0,5000,0,'''Pt Defiance''',0,9000,0,'''Pt Defiance''',0,9000,0,'''Pt Defiance''',0,9000,0,'''Pt Defiance''',0,9000,0,'''Pt Defiance''',0,20000,0,'''Pt Defiance''',0,10000,0,'''Pt Defiance''',0,9500,0,'''Pt Defiance''',0,9500,0,'''Pt Defiance''',0,10000,0,'''Pt Defiance''',0,10000,0,'''Pt Defiance''',0,10000,0,'''Pt Defiance''',0,10000,0,'''Pt Defiance''',0,10000,0,'''Pt Defiance''',0,5500,0,'''Pt Defiance''',0
'20240725',211609,53000,0,'''Pt Defiance''',0,9000,0,'''Pt Defiance''',0,9000,0,'''Pt Defiance''',0,9000,0,'''Pt Defiance''',0,5000,0,'''Pt Defiance''',0,9000,0,'''Pt Defiance''',0,9000,0,'''Pt Defiance''',0,9000,0,'''Pt Defiance''',0,9000,0,'''Pt Defiance''',0,20000,0,'''Pt Defiance''',0,10000,0,'''Pt Defiance''',0,9500,0,'''Pt Defiance''',0,9500,0,'''Pt Defiance''',0,10000,0,'''Pt Defiance''',0,10000,0,'''Pt Defiance''',0,10000,0,'''Pt Defiance''',0,10000,0,'''Pt Defiance''',0,10000,0,'''Pt Defiance''',0,5500,0,'''Pt Defiance''',0
'20240726',211609,53000,0,'''Pt Defiance''',0,9000,0,'''Pt Defiance''',0,9000,0,'''Pt Defiance''',0,9000,0,'''Pt Defiance''',0,5000,0,'''Pt Defiance''',0,9000,0,'''Pt Defiance''',0,9000,0,'''Pt Defiance''',0,9000,0,'''Pt Defiance''',0,9000,0,'''Pt Defiance''',0,9000,0,'''Pt Defiance''',0,11000,0,'''Pt Defiance''',0,10000,0,'''Pt Defiance''',0,9500,0,'''Pt Defiance''',0,9500,0,'''Pt Defiance''',0,10000,0,'''Pt Defiance''',0,10000,0,'''Pt Defiance''',0,10000,0,'''Pt Defiance''',0,10000,0,'''Pt Defiance''',0,10000,0,'''Pt Defiance''',0,5500,0,'''Pt Defiance''',0
'20240727',211609,62000,0,'''Pt Defiance''',0,9000,0,'''Pt Defiance''',0,9000,0,'''Pt Defiance''',0,5000,0,'''Pt Defiance''',0,9000,0,'''Pt Defiance''',0,9000,0,'''Pt Defiance''',0,9000,0,'''Pt Defiance''',0,9000,0,'''Pt Defiance''',0,9000,0,'''Pt Defiance''',0,11000,0,'''Pt Defiance''',0,10000,0,'''Pt Defiance''',0,9500,0,'''Pt Defiance''',0,9500,0,'''Pt Defiance''',0,10000,0,'''Pt Defiance''',0,10000,0,'''Pt Defiance''',0,10000,0,'''Pt Defiance''',0,10000,0,'''Pt Defiance''',0,10000,0,'''Pt Defiance''',0,5500,0,'''Pt Defiance''',0
'20240728',211609,62000,0,'''Pt Defiance''',0,9000,0,'''Pt Defiance''',0,9000,0,'''Pt Defiance''',0,5000,0,'''Pt Defiance''',0,9000,0,'''Pt Defiance''',0,9000,0,'''Pt Defiance''',0,9000,0,'''Pt Defiance''',0,9000,0,'''Pt Defiance''',0,9000,0,'''Pt Defiance''',0,11000,0,'''Pt Defiance''',0,10000,0,'''Pt Defiance''',0,9500,0,'''Pt Defiance''',0,9500,0,'''Pt Defiance''',0,10000,0,'''Pt Defiance''',0,10000,0,'''Pt Defiance''',0,10000,0,'''Pt Defiance''',0,10000,0,'''Pt Defiance''',0,10000,0,'''Pt Defiance''',0,5500,0,'''Pt Defiance''',0
'20240729',211609,53000,0,'''Pt Defiance''',0,9000,0,'''Pt Defiance''',0,9000,0,'''Pt Defiance''',0,9000,0,'''Pt Defiance''',0,5000,0,'''Pt Defiance''',0,9000,0,'''Pt Defiance''',0,9000,0,'''Pt Defiance''',0,9000,0,'''Pt Defiance''',0,9000,0,'''Pt Defiance''',0,20000,0,'''Pt Defiance''',0,10000,0,'''Pt Defiance''',0,9500,0,'''Pt Defiance''',0,9500,0,'''Pt Defiance''',0,10000,0,'''Pt Defiance''',0,10000,0,'''Pt Defiance''',0,10000,0,'''Pt Defiance''',0,10000,0,'''Pt Defiance''',0,10000,0,'''Pt Defiance''',0,5500,0,'''Pt Defiance''',0
'20240730',211609,53000,0,'''Pt Defiance''',0,9000,0,'''Pt Defiance''',0,9000,0,'''Pt Defiance''',0,9000,0,'''Pt Defiance''',0,5000,0,'''Pt Defiance''',0,9000,0,'''Pt Defiance''',0,9000,0,'''Pt Defiance''',0,9000,0,'''Pt Defiance''',0,9000,0,'''Pt Defiance''',0,20000,0,'''Pt Defiance''',0,10000,0,'''Pt Defiance''',0,9500,0,'''Pt Defiance''',0,9500,0,'''Pt Defiance''',0,10000,0,'''Pt Defiance''',0,10000,0,'''Pt Defiance''',0,10000,0,'''Pt Defiance''',0,10000,0,'''Pt Defiance''',0,10000,0,'''Pt Defiance''',0,5500,0,'''Pt Defiance''',0
'20240731',211609,53000,0,'''Pt Defiance''',0,9000,0,'''Pt Defiance''',0,9000,0,'''Pt Defiance''',0,9000,0,'''Pt Defiance''',0,5000,0,'''Pt Defiance''',0,9000,0,'''Pt Defiance''',0,9000,0,'''Pt Defiance''',0,9000,0,'''Pt Defiance''',0,9000,0,'''Pt Defiance''',0,20000,0,'''Pt Defiance''',0,10000,0,'''Pt Defiance''',0,9500,0,'''Pt Defiance''',0,9500,0,'''Pt Defiance''',0,10000,0,'''Pt Defiance''',0,10000,0,'''Pt Defiance''',0,10000,0,'''Pt Defiance''',0,10000,0,'''Pt Defiance''',0,10000,0,'''Pt Defiance''',0,5500,0,'''Pt Defiance''',0
'20240801',211609,53000,0,'''Pt Defiance''',0,9000,0,'''Pt Defiance''',0,9000,0,'''Pt Defiance''',0,9000,0,'''Pt Defiance''',0,5000,0,'''Pt Defiance''',0,9000,0,'''Pt Defiance''',0,9000,0,'''Pt Defiance''',0,9000,0,'''Pt Defiance''',0,9000,0,'''Pt Defiance''',0,20000,0,'''Pt Defiance''',0,10000,0,'''Pt Defiance''',0,9500,0,'''Pt Defiance''',0,9500,0,'''Pt Defiance''',0,10000,0,'''Pt Defiance''',0,10000,0,'''Pt Defiance''',0,10000,0,'''Pt Defiance''',0,10000,0,'''Pt Defiance''',0,10000,0,'''Pt Defiance''',0,5500,0,'''Pt Defiance''',0
'20240802',211609,53000,0,'''Pt Defiance''',0,9000,0,'''Pt Defiance''',0,9000,0,'''Pt Defiance''',0,9000,0,'''Pt Defiance''',0,5000,0,'''Pt Defiance''',0,9000,0,'''Pt Defiance''',0,9000,0,'''Pt Defiance''',0,9000,0,'''Pt Defiance''',0,9000,0,'''Pt Defiance''',0,9000,0,'''Pt Defiance''',0,11000,0,'''Pt Defiance''',0,10000,0,'''Pt Defiance''',0,9500,0,'''Pt Defiance''',0,9500,0,'''Pt Defiance''',0,10000,0,'''Pt Defiance''',0,10000,0,'''Pt Defiance''',0,10000,0,'''Pt Defiance''',0,10000,0,'''Pt Defiance''',0,10000,0,'''Pt Defiance''',0,5500,0,'''Pt Defiance''',0
'20240803',211609,62000,0,'''Pt Defiance''',0,9000,0,'''Pt Defiance''',0,9000,0,'''Pt Defiance''',0,5000,0,'''Pt Defiance''',0,9000,0,'''Pt Defiance''',0,9000,0,'''Pt Defiance''',0,9000,0,'''Pt Defiance''',0,9000,0,'''Pt Defiance''',0,9000,0,'''Pt Defiance''',0,11000,0,'''Pt Defiance''',0,10000,0,'''Pt Defiance''',0,9500,0,'''Pt Defiance''',0,9500,0,'''Pt Defiance''',0,10000,0,'''Pt Defiance''',0,10000,0,'''Pt Defiance''',0,10000,0,'''Pt Defiance''',0,10000,0,'''Pt Defiance''',0,10000,0,'''Pt Defiance''',0,5500,0,'''Pt Defiance''',0
'20240804',211609,62000,0,'''Pt Defiance''',0,9000,0,'''Pt Defiance''',0,9000,0,'''Pt Defiance''',0,5000,0,'''Pt Defiance''',0,9000,0,'''Pt Defiance''',0,9000,0,'''Pt Defiance''',0,9000,0,'''Pt Defiance''',0,9000,0,'''Pt Defiance''',0,9000,0,'''Pt Defiance''',0,11000,0,'''Pt Defiance''',0,10000,0,'''Pt Defiance''',0,9500,0,'''Pt Defiance''',0,9500,0,'''Pt Defiance''',0,10000,0,'''Pt Defiance''',0,10000,0,'''Pt Defiance''',0,10000,0,'''Pt Defiance''',0,10000,0,'''Pt Defiance''',0,10000,0,'''Pt Defiance''',0,5500,0,'''Pt Defiance''',0
'20240805',211609,53000,0,'''Pt Defiance''',0,9000,0,'''Pt Defiance''',0,9000,0,'''Pt Defiance''',0,9000,0,'''Pt Defiance''',0,5000,0,'''Pt Defiance''',0,9000,0,'''Pt Defiance''',0,9000,0,'''Pt Defiance''',0,9000,0,'''Pt Defiance''',0,9000,0,'''Pt Defiance''',0,20000,0,'''Pt Defiance''',0,10000,0,'''Pt Defiance''',0,9500,0,'''Pt Defiance''',0,9500,0,'''Pt Defiance''',0,10000,0,'''Pt Defiance''',0,10000,0,'''Pt Defiance''',0,10000,0,'''Pt Defiance''',0,10000,0,'''Pt Defiance''',0,10000,0,'''Pt Defiance''',0,5500,0,'''Pt Defiance''',0
'20240806',211609,53000,0,'''Pt Defiance''',0,9000,0,'''Pt Defiance''',0,9000,0,'''Pt Defiance''',0,9000,0,'''Pt Defiance''',0,5000,0,'''Pt Defiance''',0,9000,0,'''Pt Defiance''',0,9000,0,'''Pt Defiance''',0,9000,0,'''Pt Defiance''',0,9000,0,'''Pt Defiance''',0,20000,0,'''Pt Defiance''',0,10000,0,'''Pt Defiance''',0,9500,0,'''Pt Defiance''',0,9500,0,'''Pt Defiance''',0,10000,0,'''Pt Defiance''',0,10000,0,'''Pt Defiance''',0,10000,0,'''Pt Defiance''',0,10000,0,'''Pt Defiance''',0,10000,0,'''Pt Defiance''',0,5500,0,'''Pt Defiance''',0
'20240807',211609,53000,0,'''Pt Defiance''',0,9000,0,'''Pt Defiance''',0,9000,0,'''Pt Defiance''',0,9000,0,'''Pt Defiance''',0,5000,0,'''Pt Defiance''',0,9000,0,'''Pt Defiance''',0,9000,0,'''Pt Defiance''',0,9000,0,'''Pt Defiance''',0,9000,0,'''Pt Defiance''',0,20000,0,'''Pt Defiance''',0,10000,0,'''Pt Defiance''',0,9500,0,'''Pt Defiance''',0,9500,0,'''Pt Defiance''',0,10000,0,'''Pt Defiance''',0,10000,0,'''Pt Defiance''',0,10000,0,'''Pt Defiance''',0,10000,0,'''Pt Defiance''',0,10000,0,'''Pt Defiance''',0,5500,0,'''Pt Defiance''',0
'20240808',211609,53000,0,'''Pt Defiance''',0,9000,0,'''Pt Defiance''',0,9000,0,'''Pt Defiance''',0,9000,0,'''Pt Defiance''',0,5000,0,'''Pt Defiance''',0,9000,0,'''Pt Defiance''',0,9000,0,'''Pt Defiance''',0,9000,0,'''Pt Defiance''',0,9000,0,'''Pt Defiance''',0,20000,0,'''Pt Defiance''',0,10000,0,'''Pt Defiance''',0,9500,0,'''Pt Defiance''',0,9500,0,'''Pt Defiance''',0,10000,0,'''Pt Defiance''',0,10000,0,'''Pt Defiance''',0,10000,0,'''Pt Defiance''',0,10000,0,'''Pt Defiance''',0,10000,0,'''Pt Defiance''',0,5500,0,'''Pt Defiance''',0
'20240809',211609,53000,0,'''Pt Defiance''',0,9000,0,'''Pt Defiance''',0,9000,0,'''Pt Defiance''',0,9000,0,'''Pt Defiance''',0,5000,0,'''Pt Defiance''',0,9000,0,'''Pt Defiance''',0,9000,0,'''Pt Defiance''',0,9000,0,'''Pt Defiance''',0,9000,0,'''Pt Defiance''',0,9000,0,'''Pt Defiance''',0,11000,0,'''Pt Defiance''',0,10000,0,'''Pt Defiance''',0,9500,0,'''Pt Defiance''',0,9500,0,'''Pt Defiance''',0,10000,0,'''Pt Defiance''',0,10000,0,'''Pt Defiance''',0,10000,0,'''Pt Defiance''',0,10000,0,'''Pt Defiance''',0,10000,0,'''Pt Defiance''',0,5500,0,'''Pt Defiance''',0
'20240810',211609,62000,0,'''Pt Defiance''',0,9000,0,'''Pt Defiance''',0,9000,0,'''Pt Defiance''',0,5000,0,'''Pt Defiance''',0,9000,0,'''Pt Defiance''',0,9000,0,'''Pt Defiance''',0,9000,0,'''Pt Defiance''',0,9000,0,'''Pt Defiance''',0,9000,0,'''Pt Defiance''',0,11000,0,'''Pt Defiance''',0,10000,0,'''Pt Defiance''',0,9500,0,'''Pt Defiance''',0,9500,0,'''Pt Defiance''',0,10000,0,'''Pt Defiance''',0,10000,0,'''Pt Defiance''',0,10000,0,'''Pt Defiance''',0,10000,0,'''Pt Defiance''',0,10000,0,'''Pt Defiance''',0,5500,0,'''Pt Defiance''',0
'20240811',211609,62000,0,'''Pt Defiance''',0,9000,0,'''Pt Defiance''',0,9000,0,'''Pt Defiance''',0,5000,0,'''Pt Defiance''',0,9000,0,'''Pt Defiance''',0,9000,0,'''Pt Defiance''',0,9000,0,'''Pt Defiance''',0,9000,0,'''Pt Defiance''',0,9000,0,'''Pt Defiance''',0,11000,0,'''Pt Defiance''',0,10000,0,'''Pt Defiance''',0,9500,0,'''Pt Defiance''',0,9500,0,'''Pt Defiance''',0,10000,0,'''Pt Defiance''',0,10000,0,'''Pt Defiance''',0,10000,0,'''Pt Defiance''',0,10000,0,'''Pt Defiance''',0,10000,0,'''Pt Defiance''',0,5500,0,'''Pt Defiance''',0
'20240812',211609,53000,0,'''Pt Defiance''',0,9000,0,'''Pt Defiance''',0,9000,0,'''Pt Defiance''',0,9000,0,'''Pt Defiance''',0,5000,0,'''Pt Defiance''',0,9000,0,'''Pt Defiance''',0,9000,0,'''Pt Defiance''',0,9000,0,'''Pt Defiance''',0,9000,0,'''Pt Defiance''',0,20000,0,'''Pt Defiance''',0,10000,0,'''Pt Defiance''',0,9500,0,'''Pt Defiance''',0,9500,0,'''Pt Defiance''',0,10000,0,'''Pt Defiance''',0,10000,0,'''Pt Defiance''',0,10000,0,'''Pt Defiance''',0,10000,0,'''Pt Defiance''',0,10000,0,'''Pt Defiance''',0,5500,0,'''Pt Defiance''',0
'20240813',211609,53000,0,'''Pt Defiance''',0,9000,0,'''Pt Defiance''',0,9000,0,'''Pt Defiance''',0,9000,0,'''Pt Defiance''',0,5000,0,'''Pt Defiance''',0,9000,0,'''Pt Defiance''',0,9000,0,'''Pt Defiance''',0,9000,0,'''Pt Defiance''',0,9000,0,'''Pt Defiance''',0,20000,0,'''Pt Defiance''',0,10000,0,'''Pt Defiance''',0,9500,0,'''Pt Defiance''',0,9500,0,'''Pt Defiance''',0,10000,0,'''Pt Defiance''',0,10000,0,'''Pt Defiance''',0,10000,0,'''Pt Defiance''',0,10000,0,'''Pt Defiance''',0,10000,0,'''Pt Defiance''',0,5500,0,'''Pt Defiance''',0
'20240814',211609,53000,0,'''Pt Defiance''',0,9000,0,'''Pt Defiance''',0,9000,0,'''Pt Defiance''',0,9000,0,'''Pt Defiance''',0,5000,0,'''Pt Defiance''',0,9000,0,'''Pt Defiance''',0,9000,0,'''Pt Defiance''',0,9000,0,'''Pt Defiance''',0,9000,0,'''Pt Defiance''',0,20000,0,'''Pt Defiance''',0,10000,0,'''Pt Defiance''',0,9500,0,'''Pt Defiance''',0,9500,0,'''Pt Defiance''',0,10000,0,'''Pt Defiance''',0,10000,0,'''Pt Defiance''',0,10000,0,'''Pt Defiance''',0,10000,0,'''Pt Defiance''',0,10000,0,'''Pt Defiance''',0,5500,0,'''Pt Defiance''',0
'20240815',211609,53000,0,'''Pt Defiance''',0,9000,0,'''Pt Defiance''',0,9000,0,'''Pt Defiance''',0,9000,0,'''Pt Defiance''',0,5000,0,'''Pt Defiance''',0,9000,0,'''Pt Defiance''',0,9000,0,'''Pt Defiance''',0,9000,0,'''Pt Defiance''',0,9000,0,'''Pt Defiance''',0,20000,0,'''Pt Defiance''',0,10000,0,'''Pt Defiance''',0,9500,0,'''Pt Defiance''',0,9500,0,'''Pt Defiance''',0,10000,0,'''Pt Defiance''',0,10000,0,'''Pt Defiance''',0,10000,0,'''Pt Defiance''',0,10000,0,'''Pt Defiance''',0,10000,0,'''Pt Defiance''',0,5500,0,'''Pt Defiance''',0
'20240816',211609,53000,0,'''Pt Defiance''',0,9000,0,'''Pt Defiance''',0,9000,0,'''Pt Defiance''',0,9000,0,'''Pt Defiance''',0,5000,0,'''Pt Defiance''',0,9000,0,'''Pt Defiance''',0,9000,0,'''Pt Defiance''',0,9000,0,'''Pt Defiance''',0,9000,0,'''Pt Defiance''',0,9000,0,'''Pt Defiance''',0,11000,0,'''Pt Defiance''',0,10000,0,'''Pt Defiance''',0,9500,0,'''Pt Defiance''',0,9500,0,'''Pt Defiance''',0,10000,0,'''Pt Defiance''',0,10000,0,'''Pt Defiance''',0,10000,0,'''Pt Defiance''',0,10000,0,'''Pt Defiance''',0,10000,0,'''Pt Defiance''',0,5500,0,'''Pt Defiance''',0
'20240817',211609,62000,0,'''Pt Defiance''',0,9000,0,'''Pt Defiance''',0,9000,0,'''Pt Defiance''',0,5000,0,'''Pt Defiance''',0,9000,0,'''Pt Defiance''',0,9000,0,'''Pt Defiance''',0,9000,0,'''Pt Defiance''',0,9000,0,'''Pt Defiance''',0,9000,0,'''Pt Defiance''',0,11000,0,'''Pt Defiance''',0,10000,0,'''Pt Defiance''',0,9500,0,'''Pt Defiance''',0,9500,0,'''Pt Defiance''',0,10000,0,'''Pt Defiance''',0,10000,0,'''Pt Defiance''',0,10000,0,'''Pt Defiance''',0,10000,0,'''Pt Defiance''',0,10000,0,'''Pt Defiance''',0,5500,0,'''Pt Defiance''',0
'20240818',211609,62000,0,'''Pt Defiance''',0,9000,0,'''Pt Defiance''',0,9000,0,'''Pt Defiance''',0,5000,0,'''Pt Defiance''',0,9000,0,'''Pt Defiance''',0,9000,0,'''Pt Defiance''',0,9000,0,'''Pt Defiance''',0,9000,0,'''Pt Defiance''',0,9000,0,'''Pt Defiance''',0,11000,0,'''Pt Defiance''',0,10000,0,'''Pt Defiance''',0,9500,0,'''Pt Defiance''',0,9500,0,'''Pt Defiance''',0,10000,0,'''Pt Defiance''',0,10000,0,'''Pt Defiance''',0,10000,0,'''Pt Defiance''',0,10000,0,'''Pt Defiance''',0,10000,0,'''Pt Defiance''',0,5500,0,'''Pt Defiance''',0
'20240819',211609,53000,0,'''Pt Defiance''',0,9000,0,'''Pt Defiance''',0,9000,0,'''Pt Defiance''',0,9000,0,'''Pt Defiance''',0,5000,0,'''Pt Defiance''',0,9000,0,'''Pt Defiance''',0,9000,0,'''Pt Defiance''',0,9000,0,'''Pt Defiance''',0,9000,0,'''Pt Defiance''',0,20000,0,'''Pt Defiance''',0,10000,0,'''Pt Defiance''',0,9500,0,'''Pt Defiance''',0,9500,0,'''Pt Defiance''',0,10000,0,'''Pt Defiance''',0,10000,0,'''Pt Defiance''',0,10000,0,'''Pt Defiance''',0,10000,0,'''Pt Defiance''',0,10000,0,'''Pt Defiance''',0,5500,0,'''Pt Defiance''',0
'20240820',211609,53000,0,'''Pt Defiance''',0,9000,0,'''Pt Defiance''',0,9000,0,'''Pt Defiance''',0,9000,0,'''Pt Defiance''',0,5000,0,'''Pt Defiance''',0,9000,0,'''Pt Defiance''',0,9000,0,'''Pt Defiance''',0,9000,0,'''Pt Defiance''',0,9000,0,'''Pt Defiance''',0,20000,0,'''Pt Defiance''',0,10000,0,'''Pt Defiance''',0,9500,0,'''Pt Defiance''',0,9500,0,'''Pt Defiance''',0,10000,0,'''Pt Defiance''',0,10000,0,'''Pt Defiance''',0,10000,0,'''Pt Defiance''',0,10000,0,'''Pt Defiance''',0,10000,0,'''Pt Defiance''',0,5500,0,'''Pt Defiance''',0
'20240821',211609,53000,0,'''Pt Defiance''',0,9000,0,'''Pt Defiance''',0,9000,0,'''Pt Defiance''',0,9000,0,'''Pt Defiance''',0,5000,0,'''Pt Defiance''',0,9000,0,'''Pt Defiance''',0,9000,0,'''Pt Defiance''',0,9000,0,'''Pt Defiance''',0,9000,0,'''Pt Defiance''',0,20000,0,'''Pt Defiance''',0,10000,0,'''Pt Defiance''',0,9500,0,'''Pt Defiance''',0,9500,0,'''Pt Defiance''',0,10000,0,'''Pt Defiance''',0,10000,0,'''Pt Defiance''',0,10000,0,'''Pt Defiance''',0,10000,0,'''Pt Defiance''',0,10000,0,'''Pt Defiance''',0,5500,0,'''Pt Defiance''',0
'20240822',211609,53000,0,'''Pt Defiance''',0,9000,0,'''Pt Defiance''',0,9000,0,'''Pt Defiance''',0,9000,0,'''Pt Defiance''',0,5000,0,'''Pt Defiance''',0,9000,0,'''Pt Defiance''',0,9000,0,'''Pt Defiance''',0,9000,0,'''Pt Defiance''',0,9000,0,'''Pt Defiance''',0,20000,0,'''Pt Defiance''',0,10000,0,'''Pt Defiance''',0,9500,0,'''Pt Defiance''',0,9500,0,'''Pt Defiance''',0,10000,0,'''Pt Defiance''',0,10000,0,'''Pt Defiance''',0,10000,0,'''Pt Defiance''',0,10000,0,'''Pt Defiance''',0,10000,0,'''Pt Defiance''',0,5500,0,'''Pt Defiance''',0
'20240823',211609,53000,0,'''Pt Defiance''',0,9000,0,'''Pt Defiance''',0,9000,0,'''Pt Defiance''',0,9000,0,'''Pt Defiance''',0,5000,0,'''Pt Defiance''',0,9000,0,'''Pt Defiance''',0,9000,0,'''Pt Defiance''',0,9000,0,'''Pt Defiance''',0,9000,0,'''Pt Defiance''',0,9000,0,'''Pt Defiance''',0,11000,0,'''Pt Defiance''',0,10000,0,'''Pt Defiance''',0,9500,0,'''Pt Defiance''',0,9500,0,'''Pt Defiance''',0,10000,0,'''Pt Defiance''',0,10000,0,'''Pt Defiance''',0,10000,0,'''Pt Defiance''',0,10000,0,'''Pt Defiance''',0,10000,0,'''Pt Defiance''',0,5500,0,'''Pt Defiance''',0
'20240824',211609,62000,0,'''Pt Defiance''',0,9000,0,'''Pt Defiance''',0,9000,0,'''Pt Defiance''',0,5000,0,'''Pt Defiance''',0,9000,0,'''Pt Defiance''',0,9000,0,'''Pt Defiance''',0,9000,0,'''Pt Defiance''',0,9000,0,'''Pt Defiance''',0,9000,0,'''Pt Defiance''',0,11000,0,'''Pt Defiance''',0,10000,0,'''Pt Defiance''',0,9500,0,'''Pt Defiance''',0,9500,0,'''Pt Defiance''',0,10000,0,'''Pt Defiance''',0,10000,0,'''Pt Defiance''',0,10000,0,'''Pt Defiance''',0,10000,0,'''Pt Defiance''',0,10000,0,'''Pt Defiance''',0,5500,0,'''Pt Defiance''',0
'20240825',211609,62000,0,'''Pt Defiance''',0,9000,0,'''Pt Defiance''',0,9000,0,'''Pt Defiance''',0,5000,0,'''Pt Defiance''',0,9000,0,'''Pt Defiance''',0,9000,0,'''Pt Defiance''',0,9000,0,'''Pt Defiance''',0,9000,0,'''Pt Defiance''',0,9000,0,'''Pt Defiance''',0,11000,0,'''Pt Defiance''',0,10000,0,'''Pt Defiance''',0,9500,0,'''Pt Defiance''',0,9500,0,'''Pt Defiance''',0,10000,0,'''Pt Defiance''',0,10000,0,'''Pt Defiance''',0,10000,0,'''Pt Defiance''',0,10000,0,'''Pt Defiance''',0,10000,0,'''Pt Defiance''',0,5500,0,'''Pt Defiance''',0
'20240826',211609,53000,0,'''Pt Defiance''',0,9000,0,'''Pt Defiance''',0,9000,0,'''Pt Defiance''',0,9000,0,'''Pt Defiance''',0,5000,0,'''Pt Defiance''',0,9000,0,'''Pt Defiance''',0,9000,0,'''Pt Defiance''',0,9000,0,'''Pt Defiance''',0,9000,0,'''Pt Defiance''',0,20000,0,'''Pt Defiance''',0,10000,0,'''Pt Defiance''',0,9500,0,'''Pt Defiance''',0,9500,0,'''Pt Defiance''',0,10000,0,'''Pt Defiance''',0,10000,0,'''Pt Defiance''',0,10000,0,'''Pt Defiance''',0,10000,0,'''Pt Defiance''',0,10000,0,'''Pt Defiance''',0,5500,0,'''Pt Defiance''',0
'20240827',211609,53000,0,'''Pt Defiance''',0,9000,0,'''Pt Defiance''',0,9000,0,'''Pt Defiance''',0,9000,0,'''Pt Defiance''',0,5000,0,'''Pt Defiance''',0,9000,0,'''Pt Defiance''',0,9000,0,'''Pt Defiance''',0,9000,0,'''Pt Defiance''',0,9000,0,'''Pt Defiance''',0,20000,0,'''Pt Defiance''',0,10000,0,'''Pt Defiance''',0,9500,0,'''Pt Defiance''',0,9500,0,'''Pt Defiance''',0,10000,0,'''Pt Defiance''',0,10000,0,'''Pt Defiance''',0,10000,0,'''Pt Defiance''',0,10000,0,'''Pt Defiance''',0,10000,0,'''Pt Defiance''',0,5500,0,'''Pt Defiance''',0
'20240828',211609,53000,0,'''Pt Defiance''',0,9000,0,'''Pt Defiance''',0,9000,0,'''Pt Defiance''',0,9000,0,'''Pt Defiance''',0,5000,0,'''Pt Defiance''',0,9000,0,'''Pt Defiance''',0,9000,0,'''Pt Defiance''',0,9000,0,'''Pt Defiance''',0,9000,0,'''Pt Defiance''',0,20000,0,'''Pt Defiance''',0,10000,0,'''Pt Defiance''',0,9500,0,'''Pt Defiance''',0,9500,0,'''Pt Defiance''',0,10000,0,'''Pt Defiance''',0,10000,0,'''Pt Defiance''',0,10000,0,'''Pt Defiance''',0,10000,0,'''Pt Defiance''',0,10000,0,'''Pt Defiance''',0,5500,0,'''Pt Defiance''',0
'20240829',211609,53000,0,'''Pt Defiance''',0,9000,0,'''Pt Defiance''',0,9000,0,'''Pt Defiance''',0,9000,0,'''Pt Defiance''',0,5000,0,'''Pt Defiance''',0,9000,0,'''Pt Defiance''',0,9000,0,'''Pt Defiance''',0,9000,0,'''Pt Defiance''',0,9000,0,'''Pt Defiance''',0,20000,0,'''Pt Defiance''',0,10000,0,'''Pt Defiance''',0,9500,0,'''Pt Defiance''',0,9500,0,'''Pt Defiance''',0,10000,0,'''Pt Defiance''',0,10000,0,'''Pt Defiance''',0,10000,0,'''Pt Defiance''',0,10000,0,'''Pt Defiance''',0,10000,0,'''Pt Defiance''',0,5500,0,'''Pt Defiance''',0
'20240830',211609,53000,0,'''Pt Defiance''',0,9000,0,'''Pt Defiance''',0,9000,0,'''Pt Defiance''',0,9000,0,'''Pt Defiance''',0,5000,0,'''Pt Defiance''',0,9000,0,'''Pt Defiance''',0,9000,0,'''Pt Defiance''',0,9000,0,'''Pt Defiance''',0,9000,0,'''Pt Defiance''',0,9000,0,'''Pt Defiance''',0,11000,0,'''Pt Defiance''',0,10000,0,'''Pt Defiance''',0,9500,0,'''Pt Defiance''',0,9500,0,'''Pt Defiance''',0,10000,0,'''Pt Defiance''',0,10000,0,'''Pt Defiance''',0,10000,0,'''Pt Defiance''',0,10000,0,'''Pt Defiance''',0,10000,0,'''Pt Defiance''',0,5500,0,'''Pt Defiance''',0
'20240831',211609,62000,0,'''Pt Defiance''',0,9000,0,'''Pt Defiance''',0,9000,0,'''Pt Defiance''',0,5000,0,'''Pt Defiance''',0,9000,0,'''Pt Defiance''',0,9000,0,'''Pt Defiance''',0,9000,0,'''Pt Defiance''',0,9000,0,'''Pt Defiance''',0,9000,0,'''Pt Defiance''',0,11000,0,'''Pt Defiance''',0,10000,0,'''Pt Defiance''',0,9500,0,'''Pt Defiance''',0,9500,0,'''Pt Defiance''',0,10000,0,'''Pt Defiance''',0,10000,0,'''Pt Defiance''',0,10000,0,'''Pt Defiance''',0,10000,0,'''Pt Defiance''',0,10000,0,'''Pt Defiance''',0,5500,0,'''Pt Defiance''',0
'20240901',211609,62000,0,'''Pt Defiance''',0,9000,0,'''Pt Defiance''',0,9000,0,'''Pt Defiance''',0,5000,0,'''Pt Defiance''',0,9000,0,'''Pt Defiance''',0,9000,0,'''Pt Defiance''',0,9000,0,'''Pt Defiance''',0,9000,0,'''Pt Defiance''',0,9000,0,'''Pt Defiance''',0,11000,0,'''Pt Defiance''',0,10000,0,'''Pt Defiance''',0,9500,0,'''Pt Defiance''',0,9500,0,'''Pt Defiance''',0,10000,0,'''Pt Defiance''',0,10000,0,'''Pt Defiance''',0,10000,0,'''Pt Defiance''',0,10000,0,'''Pt Defiance''',0,10000,0,'''Pt Defiance''',0,5500,0,'''Pt Defiance''',0
'20240902',211609,53000,0,'''Pt Defiance''',0,9000,0,'''Pt Defiance''',0,9000,0,'''Pt Defiance''',0,9000,0,'''Pt Defiance''',0,5000,0,'''Pt Defiance''',0,9000,0,'''Pt Defiance''',0,9000,0,'''Pt Defiance''',0,9000,0,'''Pt Defiance''',0,9000,0,'''Pt Defiance''',0,9000,0,'''Pt Defiance''',0,11000,0,'''Pt Defiance''',0,10000,0,'''Pt Defiance''',0,9500,0,'''Pt Defiance''',0,9500,0,'''Pt Defiance''',0,10000,0,'''Pt Defiance''',0,10000,0,'''Pt Defiance''',0,10000,0,'''Pt Defiance''',0,10000,0,'''Pt Defiance''',0,10000,0,'''Pt Defiance''',0,5500,0,'''Pt Defiance''',0
'20240903',211609,53000,0,'''Pt Defiance''',0,9000,0,'''Pt Defiance''',0,9000,0,'''Pt Defiance''',0,9000,0,'''Pt Defiance''',0,5000,0,'''Pt Defiance''',0,9000,0,'''Pt Defiance''',0,9000,0,'''Pt Defiance''',0,9000,0,'''Pt Defiance''',0,9000,0,'''Pt Defiance''',0,20000,0,'''Pt Defiance''',0,10000,0,'''Pt Defiance''',0,9500,0,'''Pt Defiance''',0,9500,0,'''Pt Defiance''',0,10000,0,'''Pt Defiance''',0,10000,0,'''Pt Defiance''',0,10000,0,'''Pt Defiance''',0,10000,0,'''Pt Defiance''',0,10000,0,'''Pt Defiance''',0,5500,0,'''Pt Defiance''',0
'20240904',211609,53000,0,'''Pt Defiance''',0,9000,0,'''Pt Defiance''',0,9000,0,'''Pt Defiance''',0,9000,0,'''Pt Defiance''',0,5000,0,'''Pt Defiance''',0,9000,0,'''Pt Defiance''',0,9000,0,'''Pt Defiance''',0,9000,0,'''Pt Defiance''',0,9000,0,'''Pt Defiance''',0,20000,0,'''Pt Defiance''',0,10000,0,'''Pt Defiance''',0,9500,0,'''Pt Defiance''',0,9500,0,'''Pt Defiance''',0,10000,0,'''Pt Defiance''',0,10000,0,'''Pt Defiance''',0,10000,0,'''Pt Defiance''',0,10000,0,'''Pt Defiance''',0,10000,0,'''Pt Defiance''',0,5500,0,'''Pt Defiance''',0
'20240905',211609,53000,0,'''Pt Defiance''',0,9000,0,'''Pt Defiance''',0,9000,0,'''Pt Defiance''',0,9000,0,'''Pt Defiance''',0,5000,0,'''Pt Defiance''',0,9000,0,'''Pt Defiance''',0,9000,0,'''Pt Defiance''',0,9000,0,'''Pt Defiance''',0,9000,0,'''Pt Defiance''',0,20000,0,'''Pt Defiance''',0,10000,0,'''Pt Defiance''',0,9500,0,'''Pt Defiance''',0,9500,0,'''Pt Defiance''',0,10000,0,'''Pt Defiance''',0,10000,0,'''Pt Defiance''',0,10000,0,'''Pt Defiance''',0,10000,0,'''Pt Defiance''',0,10000,0,'''Pt Defiance''',0,5500,0,'''Pt Defiance''',0
'20240906',211609,53000,0,'''Pt Defiance''',0,9000,0,'''Pt Defiance''',0,9000,0,'''Pt Defiance''',0,9000,0,'''Pt Defiance''',0,5000,0,'''Pt Defiance''',0,9000,0,'''Pt Defiance''',0,9000,0,'''Pt Defiance''',0,9000,0,'''Pt Defiance''',0,9000,0,'''Pt Defiance''',0,9000,0,'''Pt Defiance''',0,11000,0,'''Pt Defiance''',0,10000,0,'''Pt Defiance''',0,9500,0,'''Pt Defiance''',0,9500,0,'''Pt Defiance''',0,10000,0,'''Pt Defiance''',0,10000,0,'''Pt Defiance''',0,10000,0,'''Pt Defiance''',0,10000,0,'''Pt Defiance''',0,10000,0,'''Pt Defiance''',0,5500,0,'''Pt Defiance''',0
'20240907',211609,62000,0,'''Pt Defiance''',0,9000,0,'''Pt Defiance''',0,9000,0,'''Pt Defiance''',0,5000,0,'''Pt Defiance''',0,9000,0,'''Pt Defiance''',0,9000,0,'''Pt Defiance''',0,9000,0,'''Pt Defiance''',0,9000,0,'''Pt Defiance''',0,9000,0,'''Pt Defiance''',0,11000,0,'''Pt Defiance''',0,10000,0,'''Pt Defiance''',0,9500,0,'''Pt Defiance''',0,9500,0,'''Pt Defiance''',0,10000,0,'''Pt Defiance''',0,10000,0,'''Pt Defiance''',0,10000,0,'''Pt Defiance''',0,10000,0,'''Pt Defiance''',0,10000,0,'''Pt Defiance''',0,5500,0,'''Pt Defiance''',0
'20240908',211609,62000,0,'''Pt Defiance''',0,9000,0,'''Pt Defiance''',0,9000,0,'''Pt Defiance''',0,5000,0,'''Pt Defiance''',0,9000,0,'''Pt Defiance''',0,9000,0,'''Pt Defiance''',0,9000,0,'''Pt Defiance''',0,9000,0,'''Pt Defiance''',0,9000,0,'''Pt Defiance''',0,11000,0,'''Pt Defiance''',0,10000,0,'''Pt Defiance''',0,9500,0,'''Pt Defiance''',0,9500,0,'''Pt Defiance''',0,10000,0,'''Pt Defiance''',0,10000,0,'''Pt Defiance''',0,10000,0,'''Pt Defiance''',0,10000,0,'''Pt Defiance''',0,10000,0,'''Pt Defiance''',0,5500,0,'''Pt Defiance''',0
'20240909',211609,53000,0,'''Pt Defiance''',0,9000,0,'''Pt Defiance''',0,9000,0,'''Pt Defiance''',0,9000,0,'''Pt Defiance''',0,5000,0,'''Pt Defiance''',0,9000,0,'''Pt Defiance''',0,9000,0,'''Pt Defiance''',0,9000,0,'''Pt Defiance''',0,9000,0,'''Pt Defiance''',0,20000,0,'''Pt Defiance''',0,10000,0,'''Pt Defiance''',0,9500,0,'''Pt Defiance''',0,9500,0,'''Pt Defiance''',0,10000,0,'''Pt Defiance''',0,10000,0,'''Pt Defiance''',0,10000,0,'''Pt Defiance''',0,10000,0,'''Pt Defiance''',0,10000,0,'''Pt Defiance''',0,5500,0,'''Pt Defiance''',0
'20240910',211609,53000,0,'''Pt Defiance''',0,9000,0,'''Pt Defiance''',0,9000,0,'''Pt Defiance''',0,9000,0,'''Pt Defiance''',0,5000,0,'''Pt Defiance''',0,9000,0,'''Pt Defiance''',0,9000,0,'''Pt Defiance''',0,9000,0,'''Pt Defiance''',0,9000,0,'''Pt Defiance''',0,20000,0,'''Pt Defiance''',0,10000,0,'''Pt Defiance''',0,9500,0,'''Pt Defiance''',0,9500,0,'''Pt Defiance''',0,10000,0,'''Pt Defiance''',0,10000,0,'''Pt Defiance''',0,10000,0,'''Pt Defiance''',0,10000,0,'''Pt Defiance''',0,10000,0,'''Pt Defiance''',0,5500,0,'''Pt Defiance''',0
'20240911',211609,53000,0,'''Pt Defiance''',0,9000,0,'''Pt Defiance''',0,9000,0,'''Pt Defiance''',0,9000,0,'''Pt Defiance''',0,5000,0,'''Pt Defiance''',0,9000,0,'''Pt Defiance''',0,9000,0,'''Pt Defiance''',0,9000,0,'''Pt Defiance''',0,9000,0,'''Pt Defiance''',0,20000,0,'''Pt Defiance''',0,10000,0,'''Pt Defiance''',0,9500,0,'''Pt Defiance''',0,9500,0,'''Pt Defiance''',0,10000,0,'''Pt Defiance''',0,10000,0,'''Pt Defiance''',0,10000,0,'''Pt Defiance''',0,10000,0,'''Pt Defiance''',0,10000,0,'''Pt Defiance''',0,5500,0,'''Pt Defiance''',0
'20240912',211609,53000,0,'''Pt Defiance''',0,9000,0,'''Pt Defiance''',0,9000,0,'''Pt Defiance''',0,9000,0,'''Pt Defiance''',0,5000,0,'''Pt Defiance''',0,9000,0,'''Pt Defiance''',0,9000,0,'''Pt Defiance''',0,9000,0,'''Pt Defiance''',0,9000,0,'''Pt Defiance''',0,20000,0,'''Pt Defiance''',0,10000,0,'''Pt Defiance''',0,9500,0,'''Pt Defiance''',0,9500,0,'''Pt Defiance''',0,10000,0,'''Pt Defiance''',0,10000,0,'''Pt Defiance''',0,10000,0,'''Pt Defiance''',0,10000,0,'''Pt Defiance''',0,10000,0,'''Pt Defiance''',0,5500,0,'''Pt Defiance''',0
'20240913',211609,53000,0,'''Pt Defiance''',0,9000,0,'''Pt Defiance''',0,9000,0,'''Pt Defiance''',0,9000,0,'''Pt Defiance''',0,5000,0,'''Pt Defiance''',0,9000,0,'''Pt Defiance''',0,9000,0,'''Pt Defiance''',0,9000,0,'''Pt Defiance''',0,9000,0,'''Pt Defiance''',0,9000,0,'''Pt Defiance''',0,11000,0,'''Pt Defiance''',0,10000,0,'''Pt Defiance''',0,9500,0,'''Pt Defiance''',0,9500,0,'''Pt Defiance''',0,10000,0,'''Pt Defiance''',0,10000,0,'''Pt Defiance''',0,10000,0,'''Pt Defiance''',0,10000,0,'''Pt Defiance''',0,10000,0,'''Pt Defiance''',0,5500,0,'''Pt Defiance''',0
'20240914',211609,62000,0,'''Pt Defiance''',0,9000,0,'''Pt Defiance''',0,9000,0,'''Pt Defiance''',0,5000,0,'''Pt Defiance''',0,9000,0,'''Pt Defiance''',0,9000,0,'''Pt Defiance''',0,9000,0,'''Pt Defiance''',0,9000,0,'''Pt Defiance''',0,9000,0,'''Pt Defiance''',0,11000,0,'''Pt Defiance''',0,10000,0,'''Pt Defiance''',0,9500,0,'''Pt Defiance''',0,9500,0,'''Pt Defiance''',0,10000,0,'''Pt Defiance''',0,10000,0,'''Pt Defiance''',0,10000,0,'''Pt Defiance''',0,10000,0,'''Pt Defiance''',0,10000,0,'''Pt Defiance''',0,5500,0,'''Pt Defiance''',0
'20240915',211609,62000,0,'''Pt Defiance''',0,9000,0,'''Pt Defiance''',0,9000,0,'''Pt Defiance''',0,5000,0,'''Pt Defiance''',0,9000,0,'''Pt Defiance''',0,9000,0,'''Pt Defiance''',0,9000,0,'''Pt Defiance''',0,9000,0,'''Pt Defiance''',0,9000,0,'''Pt Defiance''',0,11000,0,'''Pt Defiance''',0,10000,0,'''Pt Defiance''',0,9500,0,'''Pt Defiance''',0,9500,0,'''Pt Defiance''',0,10000,0,'''Pt Defiance''',0,10000,0,'''Pt Defiance''',0,10000,0,'''Pt Defiance''',0,10000,0,'''Pt Defiance''',0,10000,0,'''Pt Defiance''',0,5500,0,'''Pt Defiance''',0
'20240916',211609,53000,0,'''Pt Defiance''',0,9000,0,'''Pt Defiance''',0,9000,0,'''Pt Defiance''',0,9000,0,'''Pt Defiance''',0,5000,0,'''Pt Defiance''',0,9000,0,'''Pt Defiance''',0,9000,0,'''Pt Defiance''',0,9000,0,'''Pt Defiance''',0,9000,0,'''Pt Defiance''',0,20000,0,'''Pt Defiance''',0,10000,0,'''Pt Defiance''',0,9500,0,'''Pt Defiance''',0,9500,0,'''Pt Defiance''',0,10000,0,'''Pt Defiance''',0,10000,0,'''Pt Defiance''',0,10000,0,'''Pt Defiance''',0,10000,0,'''Pt Defiance''',0,10000,0,'''Pt Defiance''',0,5500,0,'''Pt Defiance''',0
'20240917',211609,53000,0,'''Pt Defiance''',0,9000,0,'''Pt Defiance''',0,9000,0,'''Pt Defiance''',0,9000,0,'''Pt Defiance''',0,5000,0,'''Pt Defiance''',0,9000,0,'''Pt Defiance''',0,9000,0,'''Pt Defiance''',0,9000,0,'''Pt Defiance''',0,9000,0,'''Pt Defiance''',0,20000,0,'''Pt Defiance''',0,10000,0,'''Pt Defiance''',0,9500,0,'''Pt Defiance''',0,9500,0,'''Pt Defiance''',0,10000,0,'''Pt Defiance''',0,10000,0,'''Pt Defiance''',0,10000,0,'''Pt Defiance''',0,10000,0,'''Pt Defiance''',0,10000,0,'''Pt Defiance''',0,5500,0,'''Pt Defiance''',0
'20240918',211609,53000,0,'''Pt Defiance''',0,9000,0,'''Pt Defiance''',0,9000,0,'''Pt Defiance''',0,9000,0,'''Pt Defiance''',0,5000,0,'''Pt Defiance''',0,9000,0,'''Pt Defiance''',0,9000,0,'''Pt Defiance''',0,9000,0,'''Pt Defiance''',0,9000,0,'''Pt Defiance''',0,20000,0,'''Pt Defiance''',0,10000,0,'''Pt Defiance''',0,9500,0,'''Pt Defiance''',0,9500,0,'''Pt Defiance''',0,10000,0,'''Pt Defiance''',0,10000,0,'''Pt Defiance''',0,10000,0,'''Pt Defiance''',0,10000,0,'''Pt Defiance''',0,10000,0,'''Pt Defiance''',0,5500,0,'''Pt Defiance''',0
'20240919',211609,53000,0,'''Pt Defiance''',0,9000,0,'''Pt Defiance''',0,9000,0,'''Pt Defiance''',0,9000,0,'''Pt Defiance''',0,5000,0,'''Pt Defiance''',0,9000,0,'''Pt Defiance''',0,9000,0,'''Pt Defiance''',0,9000,0,'''Pt Defiance''',0,9000,0,'''Pt Defiance''',0,20000,0,'''Pt Defiance''',0,10000,0,'''Pt Defiance''',0,9500,0,'''Pt Defiance''',0,9500,0,'''Pt Defiance''',0,10000,0,'''Pt Defiance''',0,10000,0,'''Pt Defiance''',0,10000,0,'''Pt Defiance''',0,10000,0,'''Pt Defiance''',0,10000,0,'''Pt Defiance''',0,5500,0,'''Pt Defiance''',0
'20240920',211609,53000,0,'''Pt Defiance''',0,9000,0,'''Pt Defiance''',0,9000,0,'''Pt Defiance''',0,9000,0,'''Pt Defiance''',0,5000,0,'''Pt Defiance''',0,9000,0,'''Pt Defiance''',0,9000,0,'''Pt Defiance''',0,9000,0,'''Pt Defiance''',0,9000,0,'''Pt Defiance''',0,9000,0,'''Pt Defiance''',0,11000,0,'''Pt Defiance''',0,10000,0,'''Pt Defiance''',0,9500,0,'''Pt Defiance''',0,9500,0,'''Pt Defiance''',0,10000,0,'''Pt Defiance''',0,10000,0,'''Pt Defiance''',0,10000,0,'''Pt Defiance''',0,10000,0,'''Pt Defiance''',0,10000,0,'''Pt Defiance''',0,5500,0,'''Pt Defiance''',0
'20240921',211609,62000,0,'''Pt Defiance''',0,9000,0,'''Pt Defiance''',0,9000,0,'''Pt Defiance''',0,5000,0,'''Pt Defiance''',0,9000,0,'''Pt Defiance''',0,9000,0,'''Pt Defiance''',0,9000,0,'''Pt Defiance''',0,9000,0,'''Pt Defiance''',0,9000,0,'''Pt Defiance''',0,11000,0,'''Pt Defiance''',0,10000,0,'''Pt Defiance''',0,9500,0,'''Pt Defiance''',0,9500,0,'''Pt Defiance''',0,10000,0,'''Pt Defiance''',0,10000,0,'''Pt Defiance''',0,10000,0,'''Pt Defiance''',0,10000,0,'''Pt Defiance''',0,10000,0,'''Pt Defiance''',0,5500,0,'''Pt Defiance''',0
