'20240423',162109,50500,0,'''Tahlequah''',0,5000,0,'''Tahlequah''',0,9000,0,'''Tahlequah''',0,9000,0,'''Tahlequah''',0,9000,0,'''Tahlequah''',0,9000,0,'''Tahlequah''',0,9000,0,'''Tahlequah''',0,5000,0,'''Tahlequah''',0,9000,0,'''Tahlequah''',0,19500,0,'''Tahlequah''',0,10000,0,'''Tahlequah''',0,10000,0,'''Tahlequah''',0,9500,0,'''Tahlequah''',0,9500,0,'''Tahlequah''',0,10000,0,'''Tahlequah''',0,9500,0,'''Tahlequah''',0,10000,0,'''Tahlequah''',0,10500,0,'''Tahlequah''',0,10000,0,'''Tahlequah''',0
'20240424',162109,50500,0,'''Tahlequah''',0,5000,0,'''Tahlequah''',0,9000,0,'''Tahlequah''',0,9000,0,'''Tahlequah''',0,9000,0,'''Tahlequah''',0,9000,0,'''Tahlequah''',0,9000,0,'''Tahlequah''',0,5000,0,'''Tahlequah''',0,9000,0,'''Tahlequah''',0,19500,0,'''Tahlequah''',0,10000,0,'''Tahlequah''',0,10000,0,'''Tahlequah''',0,9500,0,'''Tahlequah''',0,9500,0,'''Tahlequah''',0,10000,0,'''Tahlequah''',0,9500,0,'''Tahlequah''',0,10000,0,'''Tahlequah''',0,10500,0,'''Tahlequah''',0,10000,0,'''Tahlequah''',0
'20240425',162109,50500,0,'''Tahlequah''',0,5000,0,'''Tahlequah''',0,9000,0,'''Tahlequah''',0,9000,0,'''Tahlequah''',0,9000,0,'''Tahlequah''',0,9000,0,'''Tahlequah''',0,9000,0,'''Tahlequah''',0,5000,0,'''Tahlequah''',0,9000,0,'''Tahlequah''',0,19500,0,'''Tahlequah''',0,10000,0,'''Tahlequah''',0,10000,0,'''Tahlequah''',0,9500,0,'''Tahlequah''',0,9500,0,'''Tahlequah''',0,10000,0,'''Tahlequah''',0,9500,0,'''Tahlequah''',0,10000,0,'''Tahlequah''',0,10500,0,'''Tahlequah''',0,10000,0,'''Tahlequah''',0
'20240426',162109,50500,0,'''Tahlequah''',0,5000,0,'''Tahlequah''',0,9000,0,'''Tahlequah''',0,9000,0,'''Tahlequah''',0,9000,0,'''Tahlequah''',0,9000,0,'''Tahlequah''',0,9000,0,'''Tahlequah''',0,5000,0,'''Tahlequah''',0,9000,0,'''Tahlequah''',0,9000,0,'''Tahlequah''',0,10500,0,'''Tahlequah''',0,10000,0,'''Tahlequah''',0,10000,0,'''Tahlequah''',0,9500,0,'''Tahlequah''',0,9500,0,'''Tahlequah''',0,10000,0,'''Tahlequah''',0,9500,0,'''Tahlequah''',0,10000,0,'''Tahlequah''',0,10500,0,'''Tahlequah''',0,10000,0,'''Tahlequah''',0
'20240427',162109,55500,0,'''Tahlequah''',0,9000,0,'''Tahlequah''',0,9000,0,'''Tahlequah''',0,9000,0,'''Tahlequah''',0,9000,0,'''Tahlequah''',0,9000,0,'''Tahlequah''',0,5000,0,'''Tahlequah''',0,9000,0,'''Tahlequah''',0,9000,0,'''Tahlequah''',0,10500,0,'''Tahlequah''',0,10000,0,'''Tahlequah''',0,10000,0,'''Tahlequah''',0,9500,0,'''Tahlequah''',0,9500,0,'''Tahlequah''',0,10000,0,'''Tahlequah''',0,9500,0,'''Tahlequah''',0,10000,0,'''Tahlequah''',0,10500,0,'''Tahlequah''',0,10000,0,'''Tahlequah''',0
'20240428',162109,55500,0,'''Tahlequah''',0,9000,0,'''Tahlequah''',0,9000,0,'''Tahlequah''',0,9000,0,'''Tahlequah''',0,9000,0,'''Tahlequah''',0,9000,0,'''Tahlequah''',0,5000,0,'''Tahlequah''',0,9000,0,'''Tahlequah''',0,9000,0,'''Tahlequah''',0,10500,0,'''Tahlequah''',0,10000,0,'''Tahlequah''',0,10000,0,'''Tahlequah''',0,9500,0,'''Tahlequah''',0,9500,0,'''Tahlequah''',0,10000,0,'''Tahlequah''',0,9500,0,'''Tahlequah''',0,10000,0,'''Tahlequah''',0,10500,0,'''Tahlequah''',0,10000,0,'''Tahlequah''',0
'20240423',211609,54500,4,'',0,9000,4,'',0,9000,4,'',0,9000,4,'',0,9000,4,'',0,5000,4,'',0,9000,4,'',0,9000,4,'',0,9000,4,'',0,20000,4,'',0,10000,4,'',0,9500,4,'',0,9500,4,'',0,10000,4,'',0,10000,4,'',0,10000,4,'',0,10000,4,'',0,10000,4,'',0,9500,4,'',0
'20240424',211609,54500,4,'',0,9000,4,'',0,9000,4,'',0,9000,4,'',0,9000,4,'',0,5000,4,'',0,9000,4,'',0,9000,4,'',0,9000,4,'',0,20000,4,'',0,10000,4,'',0,9500,4,'',0,9500,4,'',0,10000,4,'',0,10000,4,'',0,10000,4,'',0,10000,4,'',0,10000,4,'',0,9500,4,'',0
'20240425',211609,54500,4,'',0,9000,4,'',0,9000,4,'',0,9000,4,'',0,9000,4,'',0,5000,4,'',0,9000,4,'',0,9000,4,'',0,9000,4,'',0,20000,4,'',0,10000,4,'',0,9500,4,'',0,9500,4,'',0,10000,4,'',0,10000,4,'',0,10000,4,'',0,10000,4,'',0,10000,4,'',0,9500,4,'',0
'20240426',211609,54500,4,'',0,9000,4,'',0,9000,4,'',0,9000,4,'',0,9000,4,'',0,5000,4,'',0,9000,4,'',0,9000,4,'',0,9000,4,'',0,9000,4,'',0,11000,4,'',0,10000,4,'',0,9500,4,'',0,9500,4,'',0,10000,4,'',0,10000,4,'',0,10000,4,'',0,10000,4,'',0,10000,4,'',0,9500,4,'',0
'20240427',211609,63500,4,'',0,9000,4,'',0,9000,4,'',0,9000,4,'',0,5000,4,'',0,9000,4,'',0,9000,4,'',0,9000,4,'',0,9000,4,'',0,11000,4,'',0,10000,4,'',0,9500,4,'',0,9500,4,'',0,10000,4,'',0,10000,4,'',0,10000,4,'',0,10000,4,'',0,10000,4,'',0,9500,4,'',0
'20240428',211609,63500,4,'',0,9000,4,'',0,9000,4,'',0,9000,4,'',0,5000,4,'',0,9000,4,'',0,9000,4,'',0,9000,4,'',0,9000,4,'',0,11000,4,'',0,10000,4,'',0,9500,4,'',0,9500,4,'',0,10000,4,'',0,10000,4,'',0,10000,4,'',0,10000,4,'',0,10000,4,'',0,9500,4,'',0
