'20240416',12809,51500,4,'',0,8500,4,'',0,5500,4,'',0,7500,4,'',0,9500,4,'',0,8500,4,'',0,9500,4,'',0,4500,4,'',0,8500,4,'',0,9000,4,'',0,9000,4,'',0,8500,4,'',0,10000,4,'',0,4000,4,'',0,9000,4,'',0,8000,4,'',0,9000,4,'',0,4000,4,'',0,9000,4,'',0,8500,4,'',0,3500,4,'',0,16000,4,'',0,13000,4,'',0
'20240417',12809,51500,4,'',0,8500,4,'',0,5500,4,'',0,7500,4,'',0,9500,4,'',0,8500,4,'',0,9500,4,'',0,4500,4,'',0,8500,4,'',0,9000,4,'',0,9000,4,'',0,8500,4,'',0,10000,4,'',0,4000,4,'',0,9000,4,'',0,8000,4,'',0,9000,4,'',0,4000,4,'',0,9000,4,'',0,8500,4,'',0,3500,4,'',0,16000,4,'',0,13000,4,'',0
'20240418',12809,51500,4,'',0,8500,4,'',0,5500,4,'',0,7500,4,'',0,9500,4,'',0,8500,4,'',0,9500,4,'',0,4500,4,'',0,8500,4,'',0,9000,4,'',0,9000,4,'',0,8500,4,'',0,10000,4,'',0,4000,4,'',0,9000,4,'',0,8000,4,'',0,9000,4,'',0,4000,4,'',0,9000,4,'',0,8500,4,'',0,3500,4,'',0,16000,4,'',0,13000,4,'',0
'20240419',12809,51500,4,'',0,8500,4,'',0,5500,4,'',0,7500,4,'',0,9500,4,'',0,8500,4,'',0,9500,4,'',0,4500,4,'',0,8500,4,'',0,9000,4,'',0,9000,4,'',0,8500,4,'',0,10000,4,'',0,4000,4,'',0,9000,4,'',0,8000,4,'',0,9000,4,'',0,4000,4,'',0,9000,4,'',0,8500,4,'',0,3500,4,'',0,9000,4,'',0,7000,4,'',0,9000,4,'',0,4000,4,'',0
'20240420',12809,51500,4,'',0,8500,4,'',0,5500,4,'',0,7500,4,'',0,9500,4,'',0,8500,4,'',0,9500,4,'',0,4500,4,'',0,8500,4,'',0,9000,4,'',0,9000,4,'',0,8500,4,'',0,10000,4,'',0,4000,4,'',0,9000,4,'',0,8000,4,'',0,9000,4,'',0,4000,4,'',0,9000,4,'',0,8500,4,'',0,3500,4,'',0,9000,4,'',0,7000,4,'',0,13000,4,'',0
'20240421',12809,65500,4,'',0,7500,4,'',0,9500,4,'',0,8500,4,'',0,9500,4,'',0,4500,4,'',0,8500,4,'',0,9000,4,'',0,9000,4,'',0,8500,4,'',0,10000,4,'',0,4000,4,'',0,9000,4,'',0,8000,4,'',0,9000,4,'',0,4000,4,'',0,9000,4,'',0,8500,4,'',0,3500,4,'',0,9000,4,'',0,7000,4,'',0,9000,4,'',0,4000,4,'',0
'20240416',81209,53500,0,'''Kingston''',0,8000,0,'''Kingston''',0,9500,0,'''Kingston''',0,4500,0,'''Kingston''',0,9500,0,'''Kingston''',0,8500,0,'''Kingston''',0,8500,0,'''Kingston''',0,8500,0,'''Kingston''',0,5000,0,'''Kingston''',0,8500,0,'''Kingston''',0,9500,0,'''Kingston''',0,9000,0,'''Kingston''',0,9000,0,'''Kingston''',0,4000,0,'''Kingston''',0,9000,0,'''Kingston''',0,8000,0,'''Kingston''',0,9000,0,'''Kingston''',0,8500,0,'''Kingston''',0,4000,0,'''Kingston''',0,9000,0,'''Kingston''',0,7500,0,'''Kingston''',0,12000,0,'''Kingston''',0,12000,0,'''Kingston''',0
'20240417',81209,53500,0,'''Kingston''',0,8000,0,'''Kingston''',0,9500,0,'''Kingston''',0,4500,0,'''Kingston''',0,9500,0,'''Kingston''',0,8500,0,'''Kingston''',0,8500,0,'''Kingston''',0,8500,0,'''Kingston''',0,5000,0,'''Kingston''',0,8500,0,'''Kingston''',0,9500,0,'''Kingston''',0,9000,0,'''Kingston''',0,9000,0,'''Kingston''',0,4000,0,'''Kingston''',0,9000,0,'''Kingston''',0,8000,0,'''Kingston''',0,9000,0,'''Kingston''',0,8500,0,'''Kingston''',0,4000,0,'''Kingston''',0,9000,0,'''Kingston''',0,7500,0,'''Kingston''',0,12000,0,'''Kingston''',0,12000,0,'''Kingston''',0
'20240418',81209,53500,0,'''Kingston''',0,8000,0,'''Kingston''',0,9500,0,'''Kingston''',0,4500,0,'''Kingston''',0,9500,0,'''Kingston''',0,8500,0,'''Kingston''',0,8500,0,'''Kingston''',0,8500,0,'''Kingston''',0,5000,0,'''Kingston''',0,8500,0,'''Kingston''',0,9500,0,'''Kingston''',0,9000,0,'''Kingston''',0,9000,0,'''Kingston''',0,4000,0,'''Kingston''',0,9000,0,'''Kingston''',0,8000,0,'''Kingston''',0,9000,0,'''Kingston''',0,8500,0,'''Kingston''',0,4000,0,'''Kingston''',0,9000,0,'''Kingston''',0,7500,0,'''Kingston''',0,12000,0,'''Kingston''',0,12000,0,'''Kingston''',0
'20240419',81209,53500,0,'''Kingston''',0,8000,0,'''Kingston''',0,9500,0,'''Kingston''',0,4500,0,'''Kingston''',0,9500,0,'''Kingston''',0,8500,0,'''Kingston''',0,8500,0,'''Kingston''',0,8500,0,'''Kingston''',0,5000,0,'''Kingston''',0,8500,0,'''Kingston''',0,9500,0,'''Kingston''',0,9000,0,'''Kingston''',0,9000,0,'''Kingston''',0,4000,0,'''Kingston''',0,9000,0,'''Kingston''',0,8000,0,'''Kingston''',0,9000,0,'''Kingston''',0,8500,0,'''Kingston''',0,4000,0,'''Kingston''',0,9000,0,'''Kingston''',0,7500,0,'''Kingston''',0,4500,0,'''Kingston''',0,7500,0,'''Kingston''',0,8500,0,'''Kingston''',0,3500,0,'''Kingston''',0
'20240420',81209,53500,0,'''Kingston''',0,8000,0,'''Kingston''',0,9500,0,'''Kingston''',0,4500,0,'''Kingston''',0,9500,0,'''Kingston''',0,8500,0,'''Kingston''',0,8500,0,'''Kingston''',0,8500,0,'''Kingston''',0,5000,0,'''Kingston''',0,8500,0,'''Kingston''',0,9500,0,'''Kingston''',0,9000,0,'''Kingston''',0,9000,0,'''Kingston''',0,4000,0,'''Kingston''',0,9000,0,'''Kingston''',0,8000,0,'''Kingston''',0,9000,0,'''Kingston''',0,8500,0,'''Kingston''',0,4000,0,'''Kingston''',0,9000,0,'''Kingston''',0,7500,0,'''Kingston''',0,4500,0,'''Kingston''',0,7500,0,'''Kingston''',0,12000,0,'''Kingston''',0
'20240421',81209,71000,0,'''Kingston''',0,4500,0,'''Kingston''',0,9500,0,'''Kingston''',0,8500,0,'''Kingston''',0,8500,0,'''Kingston''',0,8500,0,'''Kingston''',0,5000,0,'''Kingston''',0,8500,0,'''Kingston''',0,9500,0,'''Kingston''',0,9000,0,'''Kingston''',0,9000,0,'''Kingston''',0,4000,0,'''Kingston''',0,9000,0,'''Kingston''',0,8000,0,'''Kingston''',0,9000,0,'''Kingston''',0,8500,0,'''Kingston''',0,4000,0,'''Kingston''',0,9000,0,'''Kingston''',0,7500,0,'''Kingston''',0,4500,0,'''Kingston''',0,7500,0,'''Kingston''',0,8500,0,'''Kingston''',0,3500,0,'''Kingston''',0
