'20231121',11309,71000,4,'',0,41500,4,'',0,12000,4,'',0,7000,4,'',0,40500,4,'',0,13000,4,'',0,26500,4,'',0
'20231122',11309,71000,4,'',0,41500,4,'',0,12000,4,'',0,7000,4,'',0,40500,4,'',0,13000,4,'',0,26500,4,'',0
'20231123',11309,71000,4,'',0,41500,4,'',0,12000,4,'',0,7000,4,'',0,40500,4,'',0,13000,4,'',0,26500,4,'',0
'20231124',11309,71000,4,'',0,41500,4,'',0,12000,4,'',0,7000,4,'',0,40500,4,'',0,13000,4,'',0,26500,4,'',0,31000,4,'',0
'20231125',11309,71000,4,'',0,41500,4,'',0,12000,4,'',0,7000,4,'',0,40500,4,'',0,13000,4,'',0,26500,4,'',0
'20231126',11309,71000,4,'',0,41500,4,'',0,12000,4,'',0,7000,4,'',0,40500,4,'',0,13000,4,'',0,26500,4,'',0
'20231127',11309,71000,4,'',0,41500,4,'',0,12000,4,'',0,7000,4,'',0,40500,4,'',0,13000,4,'',0,26500,4,'',0
'20231128',11309,71000,4,'',0,41500,4,'',0,12000,4,'',0,7000,4,'',0,40500,4,'',0,13000,4,'',0,26500,4,'',0
'20231129',11309,71000,4,'',0,41500,4,'',0,12000,4,'',0,7000,4,'',0,40500,4,'',0,13000,4,'',0,26500,4,'',0
'20231130',11309,71000,4,'',0,41500,4,'',0,12000,4,'',0,7000,4,'',0,40500,4,'',0,13000,4,'',0,26500,4,'',0
'20231201',11309,71000,4,'',0,41500,4,'',0,12000,4,'',0,7000,4,'',0,40500,4,'',0,13000,4,'',0,26500,4,'',0,31000,4,'',0
'20231202',11309,71000,4,'',0,41500,4,'',0,12000,4,'',0,7000,4,'',0,40500,4,'',0,13000,4,'',0,26500,4,'',0
'20231203',11309,71000,4,'',0,41500,4,'',0,12000,4,'',0,7000,4,'',0,40500,4,'',0,13000,4,'',0,26500,4,'',0
'20231204',11309,71000,4,'',0,41500,4,'',0,12000,4,'',0,7000,4,'',0,40500,4,'',0,13000,4,'',0,26500,4,'',0
'20231205',11309,71000,4,'',0,41500,4,'',0,12000,4,'',0,7000,4,'',0,40500,4,'',0,13000,4,'',0,26500,4,'',0
'20231206',11309,71000,4,'',0,41500,4,'',0,12000,4,'',0,7000,4,'',0,40500,4,'',0,13000,4,'',0,26500,4,'',0
'20231207',11309,71000,4,'',0,41500,4,'',0,12000,4,'',0,7000,4,'',0,40500,4,'',0,13000,4,'',0,26500,4,'',0
'20231208',11309,71000,4,'',0,41500,4,'',0,12000,4,'',0,7000,4,'',0,40500,4,'',0,13000,4,'',0,26500,4,'',0,31000,4,'',0
'20231209',11309,71000,4,'',0,41500,4,'',0,12000,4,'',0,7000,4,'',0,40500,4,'',0,13000,4,'',0,26500,4,'',0
'20231210',11309,71000,4,'',0,41500,4,'',0,12000,4,'',0,7000,4,'',0,40500,4,'',0,13000,4,'',0,26500,4,'',0
'20231211',11309,71000,4,'',0,41500,4,'',0,12000,4,'',0,7000,4,'',0,40500,4,'',0,13000,4,'',0,26500,4,'',0
'20231212',11309,71000,4,'',0,41500,4,'',0,12000,4,'',0,7000,4,'',0,40500,4,'',0,13000,4,'',0,26500,4,'',0
'20231213',11309,71000,4,'',0,41500,4,'',0,12000,4,'',0,7000,4,'',0,40500,4,'',0,13000,4,'',0,26500,4,'',0
'20231214',11309,71000,4,'',0,41500,4,'',0,12000,4,'',0,7000,4,'',0,40500,4,'',0,13000,4,'',0,26500,4,'',0
'20231215',11309,71000,4,'',0,41500,4,'',0,12000,4,'',0,7000,4,'',0,40500,4,'',0,13000,4,'',0,26500,4,'',0,31000,4,'',0
'20231216',11309,71000,4,'',0,41500,4,'',0,12000,4,'',0,7000,4,'',0,40500,4,'',0,13000,4,'',0,26500,4,'',0
'20231217',11309,71000,4,'',0,41500,4,'',0,12000,4,'',0,7000,4,'',0,40500,4,'',0,13000,4,'',0,26500,4,'',0
'20231218',11309,71000,4,'',0,41500,4,'',0,12000,4,'',0,7000,4,'',0,40500,4,'',0,13000,4,'',0,26500,4,'',0
'20231219',11309,71000,4,'',0,41500,4,'',0,12000,4,'',0,7000,4,'',0,40500,4,'',0,13000,4,'',0,26500,4,'',0
'20231220',11309,71000,4,'',0,41500,4,'',0,12000,4,'',0,7000,4,'',0,40500,4,'',0,13000,4,'',0,26500,4,'',0
'20231221',11309,71000,4,'',0,41500,4,'',0,12000,4,'',0,7000,4,'',0,40500,4,'',0,13000,4,'',0,26500,4,'',0
'20231222',11309,71000,4,'',0,41500,4,'',0,12000,4,'',0,7000,4,'',0,40500,4,'',0,13000,4,'',0,26500,4,'',0,31000,4,'',0
'20231223',11309,71000,4,'',0,41500,4,'',0,12000,4,'',0,7000,4,'',0,40500,4,'',0,13000,4,'',0,26500,4,'',0
'20231224',11309,71000,4,'',0,41500,4,'',0,12000,4,'',0,7000,4,'',0,40500,4,'',0,13000,4,'',0,26500,4,'',0
'20231225',11309,71000,4,'',0,41500,4,'',0,12000,4,'',0,7000,4,'',0,40500,4,'',0,13000,4,'',0,26500,4,'',0
'20231226',11309,71000,4,'',0,41500,4,'',0,12000,4,'',0,7000,4,'',0,40500,4,'',0,13000,4,'',0,26500,4,'',0
'20231227',11309,71000,4,'',0,41500,4,'',0,12000,4,'',0,7000,4,'',0,40500,4,'',0,13000,4,'',0,26500,4,'',0
'20231228',11309,71000,4,'',0,41500,4,'',0,12000,4,'',0,7000,4,'',0,40500,4,'',0,13000,4,'',0,26500,4,'',0
'20231229',11309,71000,4,'',0,41500,4,'',0,12000,4,'',0,7000,4,'',0,40500,4,'',0,13000,4,'',0,26500,4,'',0,31000,4,'',0
'20231230',11309,71000,4,'',0,41500,4,'',0,12000,4,'',0,7000,4,'',0,40500,4,'',0,13000,4,'',0,26500,4,'',0
'20231231',11309,62000,4,'',0,39500,4,'',0,31500,4,'',0,11000,4,'',0,37000,4,'',0,3500,4,'',0,26000,4,'',0,3500,4,'',0
'20240101',11309,62000,4,'',0,9000,4,'',0,29500,4,'',0,10500,4,'',0,44500,4,'',0,24500,4,'',0,23500,4,'',0,11500,4,'',0
'20240102',11309,62000,4,'',0,9000,4,'',0,29500,4,'',0,10500,4,'',0,44500,4,'',0,24500,4,'',0,35000,4,'',0
'20240103',11309,62000,4,'',0,9000,4,'',0,29500,4,'',0,10500,4,'',0,44500,4,'',0,24500,4,'',0,35000,4,'',0
'20240104',11309,62000,4,'',0,9000,4,'',0,29500,4,'',0,10500,4,'',0,44500,4,'',0,24500,4,'',0,35000,4,'',0
'20240105',11309,62000,4,'',0,9000,4,'',0,29500,4,'',0,10500,4,'',0,44500,4,'',0,24500,4,'',0,23500,4,'',0,11500,4,'',0
'20240106',11309,62000,4,'',0,39500,4,'',0,31500,4,'',0,11000,4,'',0,37000,4,'',0,3500,4,'',0,26000,4,'',0,3500,4,'',0
'20240107',11309,62000,4,'',0,39500,4,'',0,31500,4,'',0,11000,4,'',0,37000,4,'',0,3500,4,'',0,26000,4,'',0,3500,4,'',0
'20240108',11309,62000,4,'',0,9000,4,'',0,29500,4,'',0,10500,4,'',0,44500,4,'',0,24500,4,'',0,35000,4,'',0
'20240109',11309,62000,4,'',0,9000,4,'',0,29500,4,'',0,10500,4,'',0,44500,4,'',0,24500,4,'',0,35000,4,'',0
'20240110',11309,62000,4,'',0,9000,4,'',0,29500,4,'',0,10500,4,'',0,44500,4,'',0,24500,4,'',0,35000,4,'',0
'20240111',11309,62000,4,'',0,9000,4,'',0,29500,4,'',0,10500,4,'',0,44500,4,'',0,24500,4,'',0,35000,4,'',0
'20240112',11309,62000,4,'',0,9000,4,'',0,29500,4,'',0,10500,4,'',0,44500,4,'',0,24500,4,'',0,23500,4,'',0,11500,4,'',0
'20240113',11309,62000,4,'',0,39500,4,'',0,31500,4,'',0,11000,4,'',0,37000,4,'',0,3500,4,'',0,26000,4,'',0,3500,4,'',0
'20240114',11309,62000,4,'',0,39500,4,'',0,31500,4,'',0,11000,4,'',0,37000,4,'',0,3500,4,'',0,26000,4,'',0,3500,4,'',0
'20240115',11309,62000,4,'',0,9000,4,'',0,29500,4,'',0,10500,4,'',0,44500,4,'',0,24500,4,'',0,35000,4,'',0
'20240116',11309,62000,4,'',0,9000,4,'',0,29500,4,'',0,10500,4,'',0,44500,4,'',0,24500,4,'',0,35000,4,'',0
'20240117',11309,62000,4,'',0,9000,4,'',0,29500,4,'',0,10500,4,'',0,44500,4,'',0,24500,4,'',0,35000,4,'',0
'20240118',11309,62000,4,'',0,9000,4,'',0,29500,4,'',0,10500,4,'',0,44500,4,'',0,24500,4,'',0,35000,4,'',0
'20240119',11309,62000,4,'',0,9000,4,'',0,29500,4,'',0,10500,4,'',0,44500,4,'',0,24500,4,'',0,23500,4,'',0,11500,4,'',0
'20240120',11309,62000,4,'',0,39500,4,'',0,31500,4,'',0,11000,4,'',0,37000,4,'',0,3500,4,'',0,26000,4,'',0,3500,4,'',0
'20240121',11309,62000,4,'',0,39500,4,'',0,31500,4,'',0,11000,4,'',0,37000,4,'',0,3500,4,'',0,26000,4,'',0,3500,4,'',0
'20240122',11309,62000,4,'',0,9000,4,'',0,29500,4,'',0,10500,4,'',0,44500,4,'',0,24500,4,'',0,35000,4,'',0
'20240123',11309,62000,4,'',0,9000,4,'',0,29500,4,'',0,10500,4,'',0,44500,4,'',0,24500,4,'',0,35000,4,'',0
'20240124',11309,62000,4,'',0,9000,4,'',0,29500,4,'',0,10500,4,'',0,44500,4,'',0,24500,4,'',0,35000,4,'',0
'20240125',11309,62000,4,'',0,9000,4,'',0,29500,4,'',0,10500,4,'',0,44500,4,'',0,24500,4,'',0,35000,4,'',0
'20240126',11309,62000,4,'',0,9000,4,'',0,29500,4,'',0,10500,4,'',0,44500,4,'',0,24500,4,'',0,23500,4,'',0,11500,4,'',0
'20240127',11309,62000,4,'',0,39500,4,'',0,31500,4,'',0,11000,4,'',0,37000,4,'',0,3500,4,'',0,26000,4,'',0,3500,4,'',0
'20240128',11309,62000,4,'',0,39500,4,'',0,31500,4,'',0,11000,4,'',0,37000,4,'',0,3500,4,'',0,26000,4,'',0,3500,4,'',0
'20240129',11309,62000,4,'',0,9000,4,'',0,29500,4,'',0,10500,4,'',0,44500,4,'',0,24500,4,'',0,35000,4,'',0
'20240130',11309,62000,4,'',0,9000,4,'',0,29500,4,'',0,10500,4,'',0,44500,4,'',0,24500,4,'',0,35000,4,'',0
'20240131',11309,62000,4,'',0,9000,4,'',0,29500,4,'',0,10500,4,'',0,44500,4,'',0,24500,4,'',0,35000,4,'',0
'20240201',11309,62000,4,'',0,9000,4,'',0,29500,4,'',0,10500,4,'',0,44500,4,'',0,24500,4,'',0,35000,4,'',0
'20240202',11309,62000,4,'',0,9000,4,'',0,29500,4,'',0,10500,4,'',0,44500,4,'',0,24500,4,'',0,23500,4,'',0,11500,4,'',0
'20240203',11309,62000,4,'',0,39500,4,'',0,31500,4,'',0,11000,4,'',0,37000,4,'',0,3500,4,'',0,26000,4,'',0,3500,4,'',0
'20240204',11309,62000,4,'',0,39500,4,'',0,31500,4,'',0,11000,4,'',0,37000,4,'',0,3500,4,'',0,26000,4,'',0,3500,4,'',0
'20240205',11309,62000,4,'',0,9000,4,'',0,29500,4,'',0,10500,4,'',0,44500,4,'',0,24500,4,'',0,35000,4,'',0
'20240206',11309,62000,4,'',0,9000,4,'',0,29500,4,'',0,10500,4,'',0,44500,4,'',0,24500,4,'',0,35000,4,'',0
'20240207',11309,62000,4,'',0,9000,4,'',0,29500,4,'',0,10500,4,'',0,44500,4,'',0,24500,4,'',0,35000,4,'',0
'20240208',11309,62000,4,'',0,9000,4,'',0,29500,4,'',0,10500,4,'',0,44500,4,'',0,24500,4,'',0,35000,4,'',0
'20240209',11309,62000,4,'',0,9000,4,'',0,29500,4,'',0,10500,4,'',0,44500,4,'',0,24500,4,'',0,23500,4,'',0,11500,4,'',0
'20240210',11309,62000,4,'',0,39500,4,'',0,31500,4,'',0,11000,4,'',0,37000,4,'',0,3500,4,'',0,26000,4,'',0,3500,4,'',0
'20240211',11309,62000,4,'',0,39500,4,'',0,31500,4,'',0,11000,4,'',0,37000,4,'',0,3500,4,'',0,26000,4,'',0,3500,4,'',0
'20240212',11309,62000,4,'',0,9000,4,'',0,29500,4,'',0,10500,4,'',0,44500,4,'',0,24500,4,'',0,35000,4,'',0
'20240213',11309,62000,4,'',0,9000,4,'',0,29500,4,'',0,10500,4,'',0,44500,4,'',0,24500,4,'',0,35000,4,'',0
'20240214',11309,62000,4,'',0,9000,4,'',0,29500,4,'',0,10500,4,'',0,44500,4,'',0,24500,4,'',0,35000,4,'',0
'20240215',11309,62000,4,'',0,9000,4,'',0,29500,4,'',0,10500,4,'',0,44500,4,'',0,24500,4,'',0,35000,4,'',0
'20240216',11309,62000,4,'',0,9000,4,'',0,29500,4,'',0,10500,4,'',0,44500,4,'',0,24500,4,'',0,23500,4,'',0,11500,4,'',0
'20240217',11309,62000,4,'',0,39500,4,'',0,31500,4,'',0,11000,4,'',0,37000,4,'',0,3500,4,'',0,26000,4,'',0,3500,4,'',0
'20240218',11309,62000,4,'',0,39500,4,'',0,31500,4,'',0,11000,4,'',0,37000,4,'',0,3500,4,'',0,26000,4,'',0,3500,4,'',0
'20240219',11309,62000,4,'',0,9000,4,'',0,29500,4,'',0,10500,4,'',0,44500,4,'',0,24500,4,'',0,35000,4,'',0
'20240220',11309,62000,4,'',0,9000,4,'',0,29500,4,'',0,10500,4,'',0,44500,4,'',0,24500,4,'',0,35000,4,'',0
'20240221',11309,62000,4,'',0,9000,4,'',0,29500,4,'',0,10500,4,'',0,44500,4,'',0,24500,4,'',0,35000,4,'',0
'20240222',11309,62000,4,'',0,9000,4,'',0,29500,4,'',0,10500,4,'',0,44500,4,'',0,24500,4,'',0,35000,4,'',0
'20240223',11309,62000,4,'',0,9000,4,'',0,29500,4,'',0,10500,4,'',0,44500,4,'',0,24500,4,'',0,23500,4,'',0,11500,4,'',0
'20240224',11309,62000,4,'',0,39500,4,'',0,31500,4,'',0,11000,4,'',0,37000,4,'',0,3500,4,'',0,26000,4,'',0,3500,4,'',0
'20240225',11309,62000,4,'',0,39500,4,'',0,31500,4,'',0,11000,4,'',0,37000,4,'',0,3500,4,'',0,26000,4,'',0,3500,4,'',0
'20240226',11309,62000,4,'',0,9000,4,'',0,29500,4,'',0,10500,4,'',0,44500,4,'',0,24500,4,'',0,35000,4,'',0
'20240227',11309,62000,4,'',0,9000,4,'',0,29500,4,'',0,10500,4,'',0,44500,4,'',0,24500,4,'',0,35000,4,'',0
'20240228',11309,62000,4,'',0,9000,4,'',0,29500,4,'',0,10500,4,'',0,44500,4,'',0,24500,4,'',0,35000,4,'',0
'20240229',11309,62000,4,'',0,9000,4,'',0,29500,4,'',0,10500,4,'',0,44500,4,'',0,24500,4,'',0,35000,4,'',0
'20240301',11309,62000,4,'',0,9000,4,'',0,29500,4,'',0,10500,4,'',0,44500,4,'',0,24500,4,'',0,23500,4,'',0,11500,4,'',0
'20240302',11309,62000,4,'',0,39500,4,'',0,31500,4,'',0,11000,4,'',0,37000,4,'',0,3500,4,'',0,26000,4,'',0,3500,4,'',0
'20240303',11309,62000,4,'',0,39500,4,'',0,31500,4,'',0,11000,4,'',0,37000,4,'',0,3500,4,'',0,26000,4,'',0,3500,4,'',0
'20240304',11309,62000,4,'',0,9000,4,'',0,29500,4,'',0,10500,4,'',0,44500,4,'',0,24500,4,'',0,35000,4,'',0
'20240305',11309,62000,4,'',0,9000,4,'',0,29500,4,'',0,10500,4,'',0,44500,4,'',0,24500,4,'',0,35000,4,'',0
'20240306',11309,62000,4,'',0,9000,4,'',0,29500,4,'',0,10500,4,'',0,44500,4,'',0,24500,4,'',0,35000,4,'',0
'20240307',11309,62000,4,'',0,9000,4,'',0,29500,4,'',0,10500,4,'',0,44500,4,'',0,24500,4,'',0,35000,4,'',0
'20240308',11309,62000,4,'',0,9000,4,'',0,29500,4,'',0,10500,4,'',0,44500,4,'',0,24500,4,'',0,23500,4,'',0,11500,4,'',0
'20240309',11309,62000,4,'',0,39500,4,'',0,31500,4,'',0,11000,4,'',0,37000,4,'',0,3500,4,'',0,26000,4,'',0,3500,4,'',0
'20240310',11309,62000,4,'',0,39500,4,'',0,31500,4,'',0,11000,4,'',0,37000,4,'',0,3500,4,'',0,26000,4,'',0,3500,4,'',0
'20240311',11309,62000,4,'',0,9000,4,'',0,29500,4,'',0,10500,4,'',0,44500,4,'',0,24500,4,'',0,35000,4,'',0
'20240312',11309,62000,4,'',0,9000,4,'',0,29500,4,'',0,10500,4,'',0,44500,4,'',0,24500,4,'',0,35000,4,'',0
'20240313',11309,62000,4,'',0,9000,4,'',0,29500,4,'',0,10500,4,'',0,44500,4,'',0,24500,4,'',0,35000,4,'',0
'20240314',11309,62000,4,'',0,9000,4,'',0,29500,4,'',0,10500,4,'',0,44500,4,'',0,24500,4,'',0,35000,4,'',0
'20240315',11309,62000,4,'',0,9000,4,'',0,29500,4,'',0,10500,4,'',0,44500,4,'',0,24500,4,'',0,23500,4,'',0,11500,4,'',0
'20240316',11309,62000,4,'',0,39500,4,'',0,31500,4,'',0,11000,4,'',0,37000,4,'',0,3500,4,'',0,26000,4,'',0,3500,4,'',0
'20240317',11309,62000,4,'',0,39500,4,'',0,31500,4,'',0,11000,4,'',0,37000,4,'',0,3500,4,'',0,26000,4,'',0,3500,4,'',0
'20240318',11309,62000,4,'',0,9000,4,'',0,29500,4,'',0,10500,4,'',0,44500,4,'',0,24500,4,'',0,35000,4,'',0
'20240319',11309,62000,4,'',0,9000,4,'',0,29500,4,'',0,10500,4,'',0,44500,4,'',0,24500,4,'',0,35000,4,'',0
'20240320',11309,62000,4,'',0,9000,4,'',0,29500,4,'',0,10500,4,'',0,44500,4,'',0,24500,4,'',0,35000,4,'',0
'20240321',11309,62000,4,'',0,9000,4,'',0,29500,4,'',0,10500,4,'',0,44500,4,'',0,24500,4,'',0,35000,4,'',0
'20240322',11309,62000,4,'',0,9000,4,'',0,29500,4,'',0,10500,4,'',0,44500,4,'',0,24500,4,'',0,23500,4,'',0,11500,4,'',0
'20240323',11309,62000,4,'',0,39500,4,'',0,31500,4,'',0,11000,4,'',0,37000,4,'',0,3500,4,'',0,26000,4,'',0,3500,4,'',0
'20231121',13109,63000,,'',0,10000,,'',0,20000,,'',0,11000,,'',0,29500,,'',0,36500,,'',0,21000,,'',0,11500,,'',0
'20231122',13109,63000,,'',0,10000,,'',0,20000,,'',0,11000,,'',0,29500,,'',0,36500,,'',0,21000,,'',0,11500,,'',0
'20231123',13109,63000,,'',0,10000,,'',0,20000,,'',0,11000,,'',0,29500,,'',0,36500,,'',0,21000,,'',0,11500,,'',0
'20231124',13109,63000,,'',0,10000,,'',0,20000,,'',0,11000,,'',0,29500,,'',0,36500,,'',0,21000,,'',0,11500,,'',0
'20231125',13109,63000,,'',0,10000,,'',0,20000,,'',0,11000,,'',0,29500,,'',0,36500,,'',0,21000,,'',0,11500,,'',0
'20231126',13109,63000,,'',0,10000,,'',0,20000,,'',0,11000,,'',0,29500,,'',0,17000,,'',0,19500,,'',0,21000,,'',0,11500,,'',0
'20231127',13109,63000,,'',0,10000,,'',0,20000,,'',0,11000,,'',0,29500,,'',0,36500,,'',0,21000,,'',0,11500,,'',0
'20231128',13109,63000,,'',0,10000,,'',0,20000,,'',0,11000,,'',0,29500,,'',0,36500,,'',0,21000,,'',0,11500,,'',0
'20231129',13109,63000,,'',0,10000,,'',0,20000,,'',0,11000,,'',0,29500,,'',0,36500,,'',0,21000,,'',0,11500,,'',0
'20231130',13109,63000,,'',0,10000,,'',0,20000,,'',0,11000,,'',0,29500,,'',0,36500,,'',0,21000,,'',0,11500,,'',0
'20231201',13109,63000,,'',0,10000,,'',0,20000,,'',0,11000,,'',0,29500,,'',0,36500,,'',0,21000,,'',0,11500,,'',0
'20231202',13109,63000,,'',0,10000,,'',0,20000,,'',0,11000,,'',0,29500,,'',0,36500,,'',0,21000,,'',0,11500,,'',0
'20231203',13109,63000,,'',0,10000,,'',0,20000,,'',0,11000,,'',0,29500,,'',0,17000,,'',0,19500,,'',0,21000,,'',0,11500,,'',0
'20231204',13109,63000,,'',0,10000,,'',0,20000,,'',0,11000,,'',0,29500,,'',0,36500,,'',0,21000,,'',0,11500,,'',0
'20231205',13109,63000,,'',0,10000,,'',0,20000,,'',0,11000,,'',0,29500,,'',0,36500,,'',0,21000,,'',0,11500,,'',0
'20231206',13109,63000,,'',0,10000,,'',0,20000,,'',0,11000,,'',0,29500,,'',0,36500,,'',0,21000,,'',0,11500,,'',0
'20231207',13109,63000,,'',0,10000,,'',0,20000,,'',0,11000,,'',0,29500,,'',0,36500,,'',0,21000,,'',0,11500,,'',0
'20231208',13109,63000,,'',0,10000,,'',0,20000,,'',0,11000,,'',0,29500,,'',0,36500,,'',0,21000,,'',0,11500,,'',0
'20231209',13109,63000,,'',0,10000,,'',0,20000,,'',0,11000,,'',0,29500,,'',0,36500,,'',0,21000,,'',0,11500,,'',0
'20231210',13109,63000,,'',0,10000,,'',0,20000,,'',0,11000,,'',0,29500,,'',0,17000,,'',0,19500,,'',0,21000,,'',0,11500,,'',0
'20231211',13109,63000,,'',0,10000,,'',0,20000,,'',0,11000,,'',0,29500,,'',0,36500,,'',0,21000,,'',0,11500,,'',0
'20231212',13109,63000,,'',0,10000,,'',0,20000,,'',0,11000,,'',0,29500,,'',0,36500,,'',0,21000,,'',0,11500,,'',0
'20231213',13109,63000,,'',0,10000,,'',0,20000,,'',0,11000,,'',0,29500,,'',0,36500,,'',0,21000,,'',0,11500,,'',0
'20231214',13109,63000,,'',0,10000,,'',0,20000,,'',0,11000,,'',0,29500,,'',0,36500,,'',0,21000,,'',0,11500,,'',0
'20231215',13109,63000,,'',0,10000,,'',0,20000,,'',0,11000,,'',0,29500,,'',0,36500,,'',0,21000,,'',0,11500,,'',0
'20231216',13109,63000,,'',0,10000,,'',0,20000,,'',0,11000,,'',0,29500,,'',0,36500,,'',0,21000,,'',0,11500,,'',0
'20231217',13109,63000,,'',0,10000,,'',0,20000,,'',0,11000,,'',0,29500,,'',0,17000,,'',0,19500,,'',0,21000,,'',0,11500,,'',0
'20231218',13109,63000,,'',0,10000,,'',0,20000,,'',0,11000,,'',0,29500,,'',0,36500,,'',0,21000,,'',0,11500,,'',0
'20231219',13109,63000,,'',0,10000,,'',0,20000,,'',0,11000,,'',0,29500,,'',0,36500,,'',0,21000,,'',0,11500,,'',0
'20231220',13109,63000,,'',0,10000,,'',0,20000,,'',0,11000,,'',0,29500,,'',0,36500,,'',0,21000,,'',0,11500,,'',0
'20231221',13109,63000,,'',0,10000,,'',0,20000,,'',0,11000,,'',0,29500,,'',0,36500,,'',0,21000,,'',0,11500,,'',0
'20231222',13109,63000,,'',0,10000,,'',0,20000,,'',0,11000,,'',0,29500,,'',0,36500,,'',0,21000,,'',0,11500,,'',0
'20231223',13109,63000,,'',0,10000,,'',0,20000,,'',0,11000,,'',0,29500,,'',0,36500,,'',0,21000,,'',0,11500,,'',0
'20231224',13109,63000,,'',0,10000,,'',0,20000,,'',0,11000,,'',0,29500,,'',0,17000,,'',0,19500,,'',0,21000,,'',0,11500,,'',0
'20231225',13109,63000,,'',0,10000,,'',0,20000,,'',0,11000,,'',0,29500,,'',0,17000,,'',0,19500,,'',0,21000,,'',0,11500,,'',0
'20231226',13109,63000,,'',0,10000,,'',0,20000,,'',0,11000,,'',0,29500,,'',0,36500,,'',0,21000,,'',0,11500,,'',0
'20231227',13109,63000,,'',0,10000,,'',0,20000,,'',0,11000,,'',0,29500,,'',0,36500,,'',0,21000,,'',0,11500,,'',0
'20231228',13109,63000,,'',0,10000,,'',0,20000,,'',0,11000,,'',0,29500,,'',0,36500,,'',0,21000,,'',0,11500,,'',0
'20231229',13109,63000,,'',0,10000,,'',0,20000,,'',0,11000,,'',0,29500,,'',0,36500,,'',0,21000,,'',0,11500,,'',0
'20231230',13109,63000,,'',0,10000,,'',0,20000,,'',0,11000,,'',0,29500,,'',0,36500,,'',0,21000,,'',0,11500,,'',0
'20231231',13109,80000,,'',0,11500,,'',0,33000,,'',0,37500,,'',0,28000,,'',0,4500,,'',0,37000,,'',0
'20240101',13109,64000,,'',0,10500,,'',0,27500,,'',0,23500,,'',0,36500,,'',0,19000,,'',0,20000,,'',0,4000,,'',0
'20240102',13109,64000,,'',0,10500,,'',0,27500,,'',0,23500,,'',0,36500,,'',0,19000,,'',0,20000,,'',0,4000,,'',0
'20240103',13109,64000,,'',0,10500,,'',0,27500,,'',0,23500,,'',0,36500,,'',0,19000,,'',0,20000,,'',0,4000,,'',0
'20240104',13109,64000,,'',0,10500,,'',0,27500,,'',0,23500,,'',0,36500,,'',0,19000,,'',0,20000,,'',0,4000,,'',0
'20240105',13109,64000,,'',0,10500,,'',0,27500,,'',0,23500,,'',0,36500,,'',0,19000,,'',0,20000,,'',0,4000,,'',0
'20240106',13109,80000,,'',0,11500,,'',0,33000,,'',0,37500,,'',0,28000,,'',0,4500,,'',0,37000,,'',0
'20240107',13109,80000,,'',0,11500,,'',0,33000,,'',0,37500,,'',0,28000,,'',0,4500,,'',0,37000,,'',0
'20240108',13109,64000,,'',0,10500,,'',0,27500,,'',0,23500,,'',0,36500,,'',0,19000,,'',0,20000,,'',0,4000,,'',0
'20240109',13109,64000,,'',0,10500,,'',0,27500,,'',0,23500,,'',0,36500,,'',0,19000,,'',0,20000,,'',0,4000,,'',0
'20240110',13109,64000,,'',0,10500,,'',0,27500,,'',0,23500,,'',0,36500,,'',0,19000,,'',0,20000,,'',0,4000,,'',0
'20240111',13109,64000,,'',0,10500,,'',0,27500,,'',0,23500,,'',0,36500,,'',0,19000,,'',0,20000,,'',0,4000,,'',0
'20240112',13109,64000,,'',0,10500,,'',0,27500,,'',0,23500,,'',0,36500,,'',0,19000,,'',0,20000,,'',0,4000,,'',0
'20240113',13109,80000,,'',0,11500,,'',0,33000,,'',0,37500,,'',0,28000,,'',0,4500,,'',0,37000,,'',0
'20240114',13109,80000,,'',0,11500,,'',0,33000,,'',0,37500,,'',0,28000,,'',0,4500,,'',0,37000,,'',0
'20240115',13109,64000,,'',0,10500,,'',0,27500,,'',0,23500,,'',0,36500,,'',0,19000,,'',0,20000,,'',0,4000,,'',0
'20240116',13109,64000,,'',0,10500,,'',0,27500,,'',0,23500,,'',0,36500,,'',0,19000,,'',0,20000,,'',0,4000,,'',0
'20240117',13109,64000,,'',0,10500,,'',0,27500,,'',0,23500,,'',0,36500,,'',0,19000,,'',0,20000,,'',0,4000,,'',0
'20240118',13109,64000,,'',0,10500,,'',0,27500,,'',0,23500,,'',0,36500,,'',0,19000,,'',0,20000,,'',0,4000,,'',0
'20240119',13109,64000,,'',0,10500,,'',0,27500,,'',0,23500,,'',0,36500,,'',0,19000,,'',0,20000,,'',0,4000,,'',0
'20240120',13109,80000,,'',0,11500,,'',0,33000,,'',0,37500,,'',0,28000,,'',0,4500,,'',0,37000,,'',0
'20240121',13109,80000,,'',0,11500,,'',0,33000,,'',0,37500,,'',0,28000,,'',0,4500,,'',0,37000,,'',0
'20240122',13109,64000,,'',0,10500,,'',0,27500,,'',0,23500,,'',0,36500,,'',0,19000,,'',0,20000,,'',0,4000,,'',0
'20240123',13109,64000,,'',0,10500,,'',0,27500,,'',0,23500,,'',0,36500,,'',0,19000,,'',0,20000,,'',0,4000,,'',0
'20240124',13109,64000,,'',0,10500,,'',0,27500,,'',0,23500,,'',0,36500,,'',0,19000,,'',0,20000,,'',0,4000,,'',0
'20240125',13109,64000,,'',0,10500,,'',0,27500,,'',0,23500,,'',0,36500,,'',0,19000,,'',0,20000,,'',0,4000,,'',0
'20240126',13109,64000,,'',0,10500,,'',0,27500,,'',0,23500,,'',0,36500,,'',0,19000,,'',0,20000,,'',0,4000,,'',0
'20240127',13109,80000,,'',0,11500,,'',0,33000,,'',0,37500,,'',0,28000,,'',0,4500,,'',0,37000,,'',0
'20240128',13109,80000,,'',0,11500,,'',0,33000,,'',0,37500,,'',0,28000,,'',0,4500,,'',0,37000,,'',0
'20240129',13109,64000,,'',0,10500,,'',0,27500,,'',0,23500,,'',0,36500,,'',0,19000,,'',0,20000,,'',0,4000,,'',0
'20240130',13109,64000,,'',0,10500,,'',0,27500,,'',0,23500,,'',0,36500,,'',0,19000,,'',0,20000,,'',0,4000,,'',0
'20240131',13109,64000,,'',0,10500,,'',0,27500,,'',0,23500,,'',0,36500,,'',0,19000,,'',0,20000,,'',0,4000,,'',0
'20240201',13109,64000,,'',0,10500,,'',0,27500,,'',0,23500,,'',0,36500,,'',0,19000,,'',0,20000,,'',0,4000,,'',0
'20240202',13109,64000,,'',0,10500,,'',0,27500,,'',0,23500,,'',0,36500,,'',0,19000,,'',0,20000,,'',0,4000,,'',0
'20240203',13109,80000,,'',0,11500,,'',0,33000,,'',0,37500,,'',0,28000,,'',0,4500,,'',0,37000,,'',0
'20240204',13109,80000,,'',0,11500,,'',0,33000,,'',0,37500,,'',0,28000,,'',0,4500,,'',0,37000,,'',0
'20240205',13109,64000,,'',0,10500,,'',0,27500,,'',0,23500,,'',0,36500,,'',0,19000,,'',0,20000,,'',0,4000,,'',0
'20240206',13109,64000,,'',0,10500,,'',0,27500,,'',0,23500,,'',0,36500,,'',0,19000,,'',0,20000,,'',0,4000,,'',0
'20240207',13109,64000,,'',0,10500,,'',0,27500,,'',0,23500,,'',0,36500,,'',0,19000,,'',0,20000,,'',0,4000,,'',0
'20240208',13109,64000,,'',0,10500,,'',0,27500,,'',0,23500,,'',0,36500,,'',0,19000,,'',0,20000,,'',0,4000,,'',0
'20240209',13109,64000,,'',0,10500,,'',0,27500,,'',0,23500,,'',0,36500,,'',0,19000,,'',0,20000,,'',0,4000,,'',0
'20240210',13109,80000,,'',0,11500,,'',0,33000,,'',0,37500,,'',0,28000,,'',0,4500,,'',0,37000,,'',0
'20240211',13109,80000,,'',0,11500,,'',0,33000,,'',0,37500,,'',0,28000,,'',0,4500,,'',0,37000,,'',0
'20240212',13109,64000,,'',0,10500,,'',0,27500,,'',0,23500,,'',0,36500,,'',0,19000,,'',0,20000,,'',0,4000,,'',0
'20240213',13109,64000,,'',0,10500,,'',0,27500,,'',0,23500,,'',0,36500,,'',0,19000,,'',0,20000,,'',0,4000,,'',0
'20240214',13109,64000,,'',0,10500,,'',0,27500,,'',0,23500,,'',0,36500,,'',0,19000,,'',0,20000,,'',0,4000,,'',0
'20240215',13109,64000,,'',0,10500,,'',0,27500,,'',0,23500,,'',0,36500,,'',0,19000,,'',0,20000,,'',0,4000,,'',0
'20240216',13109,64000,,'',0,10500,,'',0,27500,,'',0,23500,,'',0,36500,,'',0,19000,,'',0,20000,,'',0,4000,,'',0
'20240217',13109,80000,,'',0,11500,,'',0,33000,,'',0,37500,,'',0,28000,,'',0,4500,,'',0,37000,,'',0
'20240218',13109,80000,,'',0,11500,,'',0,33000,,'',0,37500,,'',0,28000,,'',0,4500,,'',0,37000,,'',0
'20240219',13109,64000,,'',0,10500,,'',0,27500,,'',0,23500,,'',0,36500,,'',0,19000,,'',0,20000,,'',0,4000,,'',0
'20240220',13109,64000,,'',0,10500,,'',0,27500,,'',0,23500,,'',0,36500,,'',0,19000,,'',0,20000,,'',0,4000,,'',0
'20240221',13109,64000,,'',0,10500,,'',0,27500,,'',0,23500,,'',0,36500,,'',0,19000,,'',0,20000,,'',0,4000,,'',0
'20240222',13109,64000,,'',0,10500,,'',0,27500,,'',0,23500,,'',0,36500,,'',0,19000,,'',0,20000,,'',0,4000,,'',0
'20240223',13109,64000,,'',0,10500,,'',0,27500,,'',0,23500,,'',0,36500,,'',0,19000,,'',0,20000,,'',0,4000,,'',0
'20240224',13109,80000,,'',0,11500,,'',0,33000,,'',0,37500,,'',0,28000,,'',0,4500,,'',0,37000,,'',0
'20240225',13109,80000,,'',0,11500,,'',0,33000,,'',0,37500,,'',0,28000,,'',0,4500,,'',0,37000,,'',0
'20240226',13109,64000,,'',0,10500,,'',0,27500,,'',0,23500,,'',0,36500,,'',0,19000,,'',0,20000,,'',0,4000,,'',0
'20240227',13109,64000,,'',0,10500,,'',0,27500,,'',0,23500,,'',0,36500,,'',0,19000,,'',0,20000,,'',0,4000,,'',0
'20240228',13109,64000,,'',0,10500,,'',0,27500,,'',0,23500,,'',0,36500,,'',0,19000,,'',0,20000,,'',0,4000,,'',0
'20240229',13109,64000,,'',0,10500,,'',0,27500,,'',0,23500,,'',0,36500,,'',0,19000,,'',0,20000,,'',0,4000,,'',0
'20240301',13109,64000,,'',0,10500,,'',0,27500,,'',0,23500,,'',0,36500,,'',0,19000,,'',0,20000,,'',0,4000,,'',0
'20240302',13109,80000,,'',0,11500,,'',0,33000,,'',0,37500,,'',0,28000,,'',0,4500,,'',0,37000,,'',0
'20240303',13109,80000,,'',0,11500,,'',0,33000,,'',0,37500,,'',0,28000,,'',0,4500,,'',0,37000,,'',0
'20240304',13109,64000,,'',0,10500,,'',0,27500,,'',0,23500,,'',0,36500,,'',0,19000,,'',0,20000,,'',0,4000,,'',0
'20240305',13109,64000,,'',0,10500,,'',0,27500,,'',0,23500,,'',0,36500,,'',0,19000,,'',0,20000,,'',0,4000,,'',0
'20240306',13109,64000,,'',0,10500,,'',0,27500,,'',0,23500,,'',0,36500,,'',0,19000,,'',0,20000,,'',0,4000,,'',0
'20240307',13109,64000,,'',0,10500,,'',0,27500,,'',0,23500,,'',0,36500,,'',0,19000,,'',0,20000,,'',0,4000,,'',0
'20240308',13109,64000,,'',0,10500,,'',0,27500,,'',0,23500,,'',0,36500,,'',0,19000,,'',0,20000,,'',0,4000,,'',0
'20240309',13109,80000,,'',0,11500,,'',0,33000,,'',0,37500,,'',0,28000,,'',0,4500,,'',0,37000,,'',0
'20240310',13109,80000,,'',0,11500,,'',0,33000,,'',0,37500,,'',0,28000,,'',0,4500,,'',0,37000,,'',0
'20240311',13109,64000,,'',0,10500,,'',0,27500,,'',0,23500,,'',0,36500,,'',0,19000,,'',0,20000,,'',0,4000,,'',0
'20240312',13109,64000,,'',0,10500,,'',0,27500,,'',0,23500,,'',0,36500,,'',0,19000,,'',0,20000,,'',0,4000,,'',0
'20240313',13109,64000,,'',0,10500,,'',0,27500,,'',0,23500,,'',0,36500,,'',0,19000,,'',0,20000,,'',0,4000,,'',0
'20240314',13109,64000,,'',0,10500,,'',0,27500,,'',0,23500,,'',0,36500,,'',0,19000,,'',0,20000,,'',0,4000,,'',0
'20240315',13109,64000,,'',0,10500,,'',0,27500,,'',0,23500,,'',0,36500,,'',0,19000,,'',0,20000,,'',0,4000,,'',0
'20240316',13109,80000,,'',0,11500,,'',0,33000,,'',0,37500,,'',0,28000,,'',0,4500,,'',0,37000,,'',0
'20240317',13109,80000,,'',0,11500,,'',0,33000,,'',0,37500,,'',0,28000,,'',0,4500,,'',0,37000,,'',0
'20240318',13109,64000,,'',0,10500,,'',0,27500,,'',0,23500,,'',0,36500,,'',0,19000,,'',0,20000,,'',0,4000,,'',0
'20240319',13109,64000,,'',0,10500,,'',0,27500,,'',0,23500,,'',0,36500,,'',0,19000,,'',0,20000,,'',0,4000,,'',0
'20240320',13109,64000,,'',0,10500,,'',0,27500,,'',0,23500,,'',0,36500,,'',0,19000,,'',0,20000,,'',0,4000,,'',0
'20240321',13109,64000,,'',0,10500,,'',0,27500,,'',0,23500,,'',0,36500,,'',0,19000,,'',0,20000,,'',0,4000,,'',0
'20240322',13109,64000,,'',0,10500,,'',0,27500,,'',0,23500,,'',0,36500,,'',0,19000,,'',0,20000,,'',0,4000,,'',0
'20240323',13109,80000,,'',0,11500,,'',0,33000,,'',0,37500,,'',0,28000,,'',0,4500,,'',0,37000,,'',0
'20231121',101309,63000,4,'',0,2000,4,'',0,30000,4,'',0,9000,4,'',0,26000,4,'',0,24500,4,'',0,15500,4,'',0,21000,4,'',0,1000,4,'',0,10500,4,'',0
'20231122',101309,63000,4,'',0,2000,4,'',0,30000,4,'',0,9000,4,'',0,26000,4,'',0,24500,4,'',0,15500,4,'',0,21000,4,'',0,1000,4,'',0,10500,4,'',0
'20231123',101309,63000,4,'',0,2000,4,'',0,30000,4,'',0,9000,4,'',0,26000,4,'',0,24500,4,'',0,15500,4,'',0,21000,4,'',0,1000,4,'',0,10500,4,'',0
'20231124',101309,63000,4,'',0,2000,4,'',0,30000,4,'',0,9000,4,'',0,26000,4,'',0,24500,4,'',0,15500,4,'',0,21000,4,'',0,1000,4,'',0,10500,4,'',0
'20231125',101309,63000,4,'',0,2000,4,'',0,30000,4,'',0,9000,4,'',0,26000,4,'',0,24500,4,'',0,15500,4,'',0,21000,4,'',0,1000,4,'',0,10500,4,'',0
'20231126',101309,63000,4,'',0,2000,4,'',0,30000,4,'',0,9000,4,'',0,26000,4,'',0,20500,4,'',0,19500,4,'',0,21000,4,'',0,1000,4,'',0,10500,4,'',0
'20231127',101309,63000,4,'',0,2000,4,'',0,30000,4,'',0,9000,4,'',0,26000,4,'',0,24500,4,'',0,15500,4,'',0,21000,4,'',0,1000,4,'',0,10500,4,'',0
'20231128',101309,63000,4,'',0,2000,4,'',0,30000,4,'',0,9000,4,'',0,26000,4,'',0,24500,4,'',0,15500,4,'',0,21000,4,'',0,1000,4,'',0,10500,4,'',0
'20231129',101309,63000,4,'',0,2000,4,'',0,30000,4,'',0,9000,4,'',0,26000,4,'',0,24500,4,'',0,15500,4,'',0,21000,4,'',0,1000,4,'',0,10500,4,'',0
'20231130',101309,63000,4,'',0,2000,4,'',0,30000,4,'',0,9000,4,'',0,26000,4,'',0,24500,4,'',0,15500,4,'',0,21000,4,'',0,1000,4,'',0,10500,4,'',0
'20231201',101309,63000,4,'',0,2000,4,'',0,30000,4,'',0,9000,4,'',0,26000,4,'',0,24500,4,'',0,15500,4,'',0,21000,4,'',0,1000,4,'',0,10500,4,'',0
'20231202',101309,63000,4,'',0,2000,4,'',0,30000,4,'',0,9000,4,'',0,26000,4,'',0,24500,4,'',0,15500,4,'',0,21000,4,'',0,1000,4,'',0,10500,4,'',0
'20231203',101309,63000,4,'',0,2000,4,'',0,30000,4,'',0,9000,4,'',0,26000,4,'',0,20500,4,'',0,19500,4,'',0,21000,4,'',0,1000,4,'',0,10500,4,'',0
'20231204',101309,63000,4,'',0,2000,4,'',0,30000,4,'',0,9000,4,'',0,26000,4,'',0,24500,4,'',0,15500,4,'',0,21000,4,'',0,1000,4,'',0,10500,4,'',0
'20231205',101309,63000,4,'',0,2000,4,'',0,30000,4,'',0,9000,4,'',0,26000,4,'',0,24500,4,'',0,15500,4,'',0,21000,4,'',0,1000,4,'',0,10500,4,'',0
'20231206',101309,63000,4,'',0,2000,4,'',0,30000,4,'',0,9000,4,'',0,26000,4,'',0,24500,4,'',0,15500,4,'',0,21000,4,'',0,1000,4,'',0,10500,4,'',0
'20231207',101309,63000,4,'',0,2000,4,'',0,30000,4,'',0,9000,4,'',0,26000,4,'',0,24500,4,'',0,15500,4,'',0,21000,4,'',0,1000,4,'',0,10500,4,'',0
'20231208',101309,63000,4,'',0,2000,4,'',0,30000,4,'',0,9000,4,'',0,26000,4,'',0,24500,4,'',0,15500,4,'',0,21000,4,'',0,1000,4,'',0,10500,4,'',0
'20231209',101309,63000,4,'',0,2000,4,'',0,30000,4,'',0,9000,4,'',0,26000,4,'',0,24500,4,'',0,15500,4,'',0,21000,4,'',0,1000,4,'',0,10500,4,'',0
'20231210',101309,63000,4,'',0,2000,4,'',0,30000,4,'',0,9000,4,'',0,26000,4,'',0,20500,4,'',0,19500,4,'',0,21000,4,'',0,1000,4,'',0,10500,4,'',0
'20231211',101309,63000,4,'',0,2000,4,'',0,30000,4,'',0,9000,4,'',0,26000,4,'',0,24500,4,'',0,15500,4,'',0,21000,4,'',0,1000,4,'',0,10500,4,'',0
'20231212',101309,63000,4,'',0,2000,4,'',0,30000,4,'',0,9000,4,'',0,26000,4,'',0,24500,4,'',0,15500,4,'',0,21000,4,'',0,1000,4,'',0,10500,4,'',0
'20231213',101309,63000,4,'',0,2000,4,'',0,30000,4,'',0,9000,4,'',0,26000,4,'',0,24500,4,'',0,15500,4,'',0,21000,4,'',0,1000,4,'',0,10500,4,'',0
'20231214',101309,63000,4,'',0,2000,4,'',0,30000,4,'',0,9000,4,'',0,26000,4,'',0,24500,4,'',0,15500,4,'',0,21000,4,'',0,1000,4,'',0,10500,4,'',0
'20231215',101309,63000,4,'',0,2000,4,'',0,30000,4,'',0,9000,4,'',0,26000,4,'',0,24500,4,'',0,15500,4,'',0,21000,4,'',0,1000,4,'',0,10500,4,'',0
'20231216',101309,63000,4,'',0,2000,4,'',0,30000,4,'',0,9000,4,'',0,26000,4,'',0,24500,4,'',0,15500,4,'',0,21000,4,'',0,1000,4,'',0,10500,4,'',0
'20231217',101309,63000,4,'',0,2000,4,'',0,30000,4,'',0,9000,4,'',0,26000,4,'',0,20500,4,'',0,19500,4,'',0,21000,4,'',0,1000,4,'',0,10500,4,'',0
'20231218',101309,63000,4,'',0,2000,4,'',0,30000,4,'',0,9000,4,'',0,26000,4,'',0,24500,4,'',0,15500,4,'',0,21000,4,'',0,1000,4,'',0,10500,4,'',0
'20231219',101309,63000,4,'',0,2000,4,'',0,30000,4,'',0,9000,4,'',0,26000,4,'',0,24500,4,'',0,15500,4,'',0,21000,4,'',0,1000,4,'',0,10500,4,'',0
'20231220',101309,63000,4,'',0,2000,4,'',0,30000,4,'',0,9000,4,'',0,26000,4,'',0,24500,4,'',0,15500,4,'',0,21000,4,'',0,1000,4,'',0,10500,4,'',0
'20231221',101309,63000,4,'',0,2000,4,'',0,30000,4,'',0,9000,4,'',0,26000,4,'',0,24500,4,'',0,15500,4,'',0,21000,4,'',0,1000,4,'',0,10500,4,'',0
'20231222',101309,63000,4,'',0,2000,4,'',0,30000,4,'',0,9000,4,'',0,26000,4,'',0,24500,4,'',0,15500,4,'',0,21000,4,'',0,1000,4,'',0,10500,4,'',0
'20231223',101309,63000,4,'',0,2000,4,'',0,30000,4,'',0,9000,4,'',0,26000,4,'',0,24500,4,'',0,15500,4,'',0,21000,4,'',0,1000,4,'',0,10500,4,'',0
'20231224',101309,63000,4,'',0,2000,4,'',0,30000,4,'',0,9000,4,'',0,26000,4,'',0,20500,4,'',0,19500,4,'',0,21000,4,'',0,1000,4,'',0,10500,4,'',0
'20231225',101309,63000,4,'',0,2000,4,'',0,30000,4,'',0,9000,4,'',0,26000,4,'',0,20500,4,'',0,19500,4,'',0,21000,4,'',0,1000,4,'',0,10500,4,'',0
'20231226',101309,63000,4,'',0,2000,4,'',0,30000,4,'',0,9000,4,'',0,26000,4,'',0,24500,4,'',0,15500,4,'',0,21000,4,'',0,1000,4,'',0,10500,4,'',0
'20231227',101309,63000,4,'',0,2000,4,'',0,30000,4,'',0,9000,4,'',0,26000,4,'',0,24500,4,'',0,15500,4,'',0,21000,4,'',0,1000,4,'',0,10500,4,'',0
'20231228',101309,63000,4,'',0,2000,4,'',0,30000,4,'',0,9000,4,'',0,26000,4,'',0,24500,4,'',0,15500,4,'',0,21000,4,'',0,1000,4,'',0,10500,4,'',0
'20231229',101309,63000,4,'',0,2000,4,'',0,30000,4,'',0,9000,4,'',0,26000,4,'',0,24500,4,'',0,15500,4,'',0,21000,4,'',0,1000,4,'',0,10500,4,'',0
'20231230',101309,63000,4,'',0,2000,4,'',0,30000,4,'',0,9000,4,'',0,26000,4,'',0,24500,4,'',0,15500,4,'',0,21000,4,'',0,1000,4,'',0,10500,4,'',0
'20231231',101309,80000,4,'',0,44500,4,'',0,37500,4,'',0,28000,4,'',0,41500,4,'',0
'20240101',101309,64000,4,'',0,31000,4,'',0,30500,4,'',0,4500,4,'',0,23000,4,'',0,9000,4,'',0,22500,4,'',0,16500,4,'',0
'20240102',101309,64000,4,'',0,31000,4,'',0,30500,4,'',0,4500,4,'',0,23000,4,'',0,9000,4,'',0,22500,4,'',0,16500,4,'',0
'20240103',101309,64000,4,'',0,31000,4,'',0,30500,4,'',0,4500,4,'',0,23000,4,'',0,9000,4,'',0,22500,4,'',0,16500,4,'',0
'20240104',101309,64000,4,'',0,31000,4,'',0,30500,4,'',0,4500,4,'',0,23000,4,'',0,9000,4,'',0,22500,4,'',0,16500,4,'',0
'20240105',101309,64000,4,'',0,31000,4,'',0,30500,4,'',0,4500,4,'',0,23000,4,'',0,9000,4,'',0,22500,4,'',0,16500,4,'',0
'20240106',101309,80000,4,'',0,44500,4,'',0,37500,4,'',0,28000,4,'',0,41500,4,'',0
'20240107',101309,80000,4,'',0,44500,4,'',0,37500,4,'',0,28000,4,'',0,41500,4,'',0
'20240108',101309,64000,4,'',0,31000,4,'',0,30500,4,'',0,4500,4,'',0,23000,4,'',0,9000,4,'',0,22500,4,'',0,16500,4,'',0
'20240109',101309,64000,4,'',0,31000,4,'',0,30500,4,'',0,4500,4,'',0,23000,4,'',0,9000,4,'',0,22500,4,'',0,16500,4,'',0
'20240110',101309,64000,4,'',0,31000,4,'',0,30500,4,'',0,4500,4,'',0,23000,4,'',0,9000,4,'',0,22500,4,'',0,16500,4,'',0
'20240111',101309,64000,4,'',0,31000,4,'',0,30500,4,'',0,4500,4,'',0,23000,4,'',0,9000,4,'',0,22500,4,'',0,16500,4,'',0
'20240112',101309,64000,4,'',0,31000,4,'',0,30500,4,'',0,4500,4,'',0,23000,4,'',0,9000,4,'',0,22500,4,'',0,16500,4,'',0
'20240113',101309,80000,4,'',0,44500,4,'',0,37500,4,'',0,28000,4,'',0,41500,4,'',0
'20240114',101309,80000,4,'',0,44500,4,'',0,37500,4,'',0,28000,4,'',0,41500,4,'',0
'20240115',101309,64000,4,'',0,31000,4,'',0,30500,4,'',0,4500,4,'',0,23000,4,'',0,9000,4,'',0,22500,4,'',0,16500,4,'',0
'20240116',101309,64000,4,'',0,31000,4,'',0,30500,4,'',0,4500,4,'',0,23000,4,'',0,9000,4,'',0,22500,4,'',0,16500,4,'',0
'20240117',101309,64000,4,'',0,31000,4,'',0,30500,4,'',0,4500,4,'',0,23000,4,'',0,9000,4,'',0,22500,4,'',0,16500,4,'',0
'20240118',101309,64000,4,'',0,31000,4,'',0,30500,4,'',0,4500,4,'',0,23000,4,'',0,9000,4,'',0,22500,4,'',0,16500,4,'',0
'20240119',101309,64000,4,'',0,31000,4,'',0,30500,4,'',0,4500,4,'',0,23000,4,'',0,9000,4,'',0,22500,4,'',0,16500,4,'',0
'20240120',101309,80000,4,'',0,44500,4,'',0,37500,4,'',0,28000,4,'',0,41500,4,'',0
'20240121',101309,80000,4,'',0,44500,4,'',0,37500,4,'',0,28000,4,'',0,41500,4,'',0
'20240122',101309,64000,4,'',0,31000,4,'',0,30500,4,'',0,4500,4,'',0,23000,4,'',0,9000,4,'',0,22500,4,'',0,16500,4,'',0
'20240123',101309,64000,4,'',0,31000,4,'',0,30500,4,'',0,4500,4,'',0,23000,4,'',0,9000,4,'',0,22500,4,'',0,16500,4,'',0
'20240124',101309,64000,4,'',0,31000,4,'',0,30500,4,'',0,4500,4,'',0,23000,4,'',0,9000,4,'',0,22500,4,'',0,16500,4,'',0
'20240125',101309,64000,4,'',0,31000,4,'',0,30500,4,'',0,4500,4,'',0,23000,4,'',0,9000,4,'',0,22500,4,'',0,16500,4,'',0
'20240126',101309,64000,4,'',0,31000,4,'',0,30500,4,'',0,4500,4,'',0,23000,4,'',0,9000,4,'',0,22500,4,'',0,16500,4,'',0
'20240127',101309,80000,4,'',0,44500,4,'',0,37500,4,'',0,28000,4,'',0,41500,4,'',0
'20240128',101309,80000,4,'',0,44500,4,'',0,37500,4,'',0,28000,4,'',0,41500,4,'',0
'20240129',101309,64000,4,'',0,31000,4,'',0,30500,4,'',0,4500,4,'',0,23000,4,'',0,9000,4,'',0,22500,4,'',0,16500,4,'',0
'20240130',101309,64000,4,'',0,31000,4,'',0,30500,4,'',0,4500,4,'',0,23000,4,'',0,9000,4,'',0,22500,4,'',0,16500,4,'',0
'20240131',101309,64000,4,'',0,31000,4,'',0,30500,4,'',0,4500,4,'',0,23000,4,'',0,9000,4,'',0,22500,4,'',0,16500,4,'',0
'20240201',101309,64000,4,'',0,31000,4,'',0,30500,4,'',0,4500,4,'',0,23000,4,'',0,9000,4,'',0,22500,4,'',0,16500,4,'',0
'20240202',101309,64000,4,'',0,31000,4,'',0,30500,4,'',0,4500,4,'',0,23000,4,'',0,9000,4,'',0,22500,4,'',0,16500,4,'',0
'20240203',101309,80000,4,'',0,44500,4,'',0,37500,4,'',0,28000,4,'',0,41500,4,'',0
'20240204',101309,80000,4,'',0,44500,4,'',0,37500,4,'',0,28000,4,'',0,41500,4,'',0
'20240205',101309,64000,4,'',0,31000,4,'',0,30500,4,'',0,4500,4,'',0,23000,4,'',0,9000,4,'',0,22500,4,'',0,16500,4,'',0
'20240206',101309,64000,4,'',0,31000,4,'',0,30500,4,'',0,4500,4,'',0,23000,4,'',0,9000,4,'',0,22500,4,'',0,16500,4,'',0
'20240207',101309,64000,4,'',0,31000,4,'',0,30500,4,'',0,4500,4,'',0,23000,4,'',0,9000,4,'',0,22500,4,'',0,16500,4,'',0
'20240208',101309,64000,4,'',0,31000,4,'',0,30500,4,'',0,4500,4,'',0,23000,4,'',0,9000,4,'',0,22500,4,'',0,16500,4,'',0
'20240209',101309,64000,4,'',0,31000,4,'',0,30500,4,'',0,4500,4,'',0,23000,4,'',0,9000,4,'',0,22500,4,'',0,16500,4,'',0
'20240210',101309,80000,4,'',0,44500,4,'',0,37500,4,'',0,28000,4,'',0,41500,4,'',0
'20240211',101309,80000,4,'',0,44500,4,'',0,37500,4,'',0,28000,4,'',0,41500,4,'',0
'20240212',101309,64000,4,'',0,31000,4,'',0,30500,4,'',0,4500,4,'',0,23000,4,'',0,9000,4,'',0,22500,4,'',0,16500,4,'',0
'20240213',101309,64000,4,'',0,31000,4,'',0,30500,4,'',0,4500,4,'',0,23000,4,'',0,9000,4,'',0,22500,4,'',0,16500,4,'',0
'20240214',101309,64000,4,'',0,31000,4,'',0,30500,4,'',0,4500,4,'',0,23000,4,'',0,9000,4,'',0,22500,4,'',0,16500,4,'',0
'20240215',101309,64000,4,'',0,31000,4,'',0,30500,4,'',0,4500,4,'',0,23000,4,'',0,9000,4,'',0,22500,4,'',0,16500,4,'',0
'20240216',101309,64000,4,'',0,31000,4,'',0,30500,4,'',0,4500,4,'',0,23000,4,'',0,9000,4,'',0,22500,4,'',0,16500,4,'',0
'20240217',101309,80000,4,'',0,44500,4,'',0,37500,4,'',0,28000,4,'',0,41500,4,'',0
'20240218',101309,80000,4,'',0,44500,4,'',0,37500,4,'',0,28000,4,'',0,41500,4,'',0
'20240219',101309,64000,4,'',0,31000,4,'',0,30500,4,'',0,4500,4,'',0,23000,4,'',0,9000,4,'',0,22500,4,'',0,16500,4,'',0
'20240220',101309,64000,4,'',0,31000,4,'',0,30500,4,'',0,4500,4,'',0,23000,4,'',0,9000,4,'',0,22500,4,'',0,16500,4,'',0
'20240221',101309,64000,4,'',0,31000,4,'',0,30500,4,'',0,4500,4,'',0,23000,4,'',0,9000,4,'',0,22500,4,'',0,16500,4,'',0
'20240222',101309,64000,4,'',0,31000,4,'',0,30500,4,'',0,4500,4,'',0,23000,4,'',0,9000,4,'',0,22500,4,'',0,16500,4,'',0
'20240223',101309,64000,4,'',0,31000,4,'',0,30500,4,'',0,4500,4,'',0,23000,4,'',0,9000,4,'',0,22500,4,'',0,16500,4,'',0
'20240224',101309,80000,4,'',0,44500,4,'',0,37500,4,'',0,28000,4,'',0,41500,4,'',0
'20240225',101309,80000,4,'',0,44500,4,'',0,37500,4,'',0,28000,4,'',0,41500,4,'',0
'20240226',101309,64000,4,'',0,31000,4,'',0,30500,4,'',0,4500,4,'',0,23000,4,'',0,9000,4,'',0,22500,4,'',0,16500,4,'',0
'20240227',101309,64000,4,'',0,31000,4,'',0,30500,4,'',0,4500,4,'',0,23000,4,'',0,9000,4,'',0,22500,4,'',0,16500,4,'',0
'20240228',101309,64000,4,'',0,31000,4,'',0,30500,4,'',0,4500,4,'',0,23000,4,'',0,9000,4,'',0,22500,4,'',0,16500,4,'',0
'20240229',101309,64000,4,'',0,31000,4,'',0,30500,4,'',0,4500,4,'',0,23000,4,'',0,9000,4,'',0,22500,4,'',0,16500,4,'',0
'20240301',101309,64000,4,'',0,31000,4,'',0,30500,4,'',0,4500,4,'',0,23000,4,'',0,9000,4,'',0,22500,4,'',0,16500,4,'',0
'20240302',101309,80000,4,'',0,44500,4,'',0,37500,4,'',0,28000,4,'',0,41500,4,'',0
'20240303',101309,80000,4,'',0,44500,4,'',0,37500,4,'',0,28000,4,'',0,41500,4,'',0
'20240304',101309,64000,4,'',0,31000,4,'',0,30500,4,'',0,4500,4,'',0,23000,4,'',0,9000,4,'',0,22500,4,'',0,16500,4,'',0
'20240305',101309,64000,4,'',0,31000,4,'',0,30500,4,'',0,4500,4,'',0,23000,4,'',0,9000,4,'',0,22500,4,'',0,16500,4,'',0
'20240306',101309,64000,4,'',0,31000,4,'',0,30500,4,'',0,4500,4,'',0,23000,4,'',0,9000,4,'',0,22500,4,'',0,16500,4,'',0
'20240307',101309,64000,4,'',0,31000,4,'',0,30500,4,'',0,4500,4,'',0,23000,4,'',0,9000,4,'',0,22500,4,'',0,16500,4,'',0
'20240308',101309,64000,4,'',0,31000,4,'',0,30500,4,'',0,4500,4,'',0,23000,4,'',0,9000,4,'',0,22500,4,'',0,16500,4,'',0
'20240309',101309,80000,4,'',0,44500,4,'',0,37500,4,'',0,28000,4,'',0,41500,4,'',0
'20240310',101309,80000,4,'',0,44500,4,'',0,37500,4,'',0,28000,4,'',0,41500,4,'',0
'20240311',101309,64000,4,'',0,31000,4,'',0,30500,4,'',0,4500,4,'',0,23000,4,'',0,9000,4,'',0,22500,4,'',0,16500,4,'',0
'20240312',101309,64000,4,'',0,31000,4,'',0,30500,4,'',0,4500,4,'',0,23000,4,'',0,9000,4,'',0,22500,4,'',0,16500,4,'',0
'20240313',101309,64000,4,'',0,31000,4,'',0,30500,4,'',0,4500,4,'',0,23000,4,'',0,9000,4,'',0,22500,4,'',0,16500,4,'',0
'20240314',101309,64000,4,'',0,31000,4,'',0,30500,4,'',0,4500,4,'',0,23000,4,'',0,9000,4,'',0,22500,4,'',0,16500,4,'',0
'20240315',101309,64000,4,'',0,31000,4,'',0,30500,4,'',0,4500,4,'',0,23000,4,'',0,9000,4,'',0,22500,4,'',0,16500,4,'',0
'20240316',101309,80000,4,'',0,44500,4,'',0,37500,4,'',0,28000,4,'',0,41500,4,'',0
'20240317',101309,80000,4,'',0,44500,4,'',0,37500,4,'',0,28000,4,'',0,41500,4,'',0
'20240318',101309,64000,4,'',0,31000,4,'',0,30500,4,'',0,4500,4,'',0,23000,4,'',0,9000,4,'',0,22500,4,'',0,16500,4,'',0
'20240319',101309,64000,4,'',0,31000,4,'',0,30500,4,'',0,4500,4,'',0,23000,4,'',0,9000,4,'',0,22500,4,'',0,16500,4,'',0
'20240320',101309,64000,4,'',0,31000,4,'',0,30500,4,'',0,4500,4,'',0,23000,4,'',0,9000,4,'',0,22500,4,'',0,16500,4,'',0
'20240321',101309,64000,4,'',0,31000,4,'',0,30500,4,'',0,4500,4,'',0,23000,4,'',0,9000,4,'',0,22500,4,'',0,16500,4,'',0
'20240322',101309,64000,4,'',0,31000,4,'',0,30500,4,'',0,4500,4,'',0,23000,4,'',0,9000,4,'',0,22500,4,'',0,16500,4,'',0
'20240323',101309,80000,4,'',0,44500,4,'',0,37500,4,'',0,28000,4,'',0,41500,4,'',0
'20231121',131009,65500,,'',0,5500,,'',0,24500,,'',0,29000,,'',0,6000,,'',0,24500,,'',0,17000,,'',0,13000,,'',0,8000,,'',0,18500,,'',0
'20231122',131009,65500,,'',0,5500,,'',0,24500,,'',0,29000,,'',0,6000,,'',0,24500,,'',0,17000,,'',0,13000,,'',0,8000,,'',0,18500,,'',0
'20231123',131009,65500,,'',0,5500,,'',0,24500,,'',0,29000,,'',0,6000,,'',0,24500,,'',0,17000,,'',0,13000,,'',0,8000,,'',0,18500,,'',0
'20231124',131009,65500,,'',0,5500,,'',0,24500,,'',0,29000,,'',0,6000,,'',0,24500,,'',0,17000,,'',0,13000,,'',0,8000,,'',0,18500,,'',0,31000,,'',0
'20231125',131009,65500,,'',0,5500,,'',0,24500,,'',0,29000,,'',0,6000,,'',0,24500,,'',0,17000,,'',0,13000,,'',0,8000,,'',0,18500,,'',0
'20231126',131009,65500,,'',0,5500,,'',0,24500,,'',0,29000,,'',0,6000,,'',0,41500,,'',0,13000,,'',0,8000,,'',0,18500,,'',0
'20231127',131009,65500,,'',0,5500,,'',0,24500,,'',0,29000,,'',0,6000,,'',0,24500,,'',0,17000,,'',0,13000,,'',0,8000,,'',0,18500,,'',0
'20231128',131009,65500,,'',0,5500,,'',0,24500,,'',0,29000,,'',0,6000,,'',0,24500,,'',0,17000,,'',0,13000,,'',0,8000,,'',0,18500,,'',0
'20231129',131009,65500,,'',0,5500,,'',0,24500,,'',0,29000,,'',0,6000,,'',0,24500,,'',0,17000,,'',0,13000,,'',0,8000,,'',0,18500,,'',0
'20231130',131009,65500,,'',0,5500,,'',0,24500,,'',0,29000,,'',0,6000,,'',0,24500,,'',0,17000,,'',0,13000,,'',0,8000,,'',0,18500,,'',0
'20231201',131009,65500,,'',0,5500,,'',0,24500,,'',0,29000,,'',0,6000,,'',0,24500,,'',0,17000,,'',0,13000,,'',0,8000,,'',0,18500,,'',0,31000,,'',0
'20231202',131009,65500,,'',0,5500,,'',0,24500,,'',0,29000,,'',0,6000,,'',0,24500,,'',0,17000,,'',0,13000,,'',0,8000,,'',0,18500,,'',0
'20231203',131009,65500,,'',0,5500,,'',0,24500,,'',0,29000,,'',0,6000,,'',0,41500,,'',0,13000,,'',0,8000,,'',0,18500,,'',0
'20231204',131009,65500,,'',0,5500,,'',0,24500,,'',0,29000,,'',0,6000,,'',0,24500,,'',0,17000,,'',0,13000,,'',0,8000,,'',0,18500,,'',0
'20231205',131009,65500,,'',0,5500,,'',0,24500,,'',0,29000,,'',0,6000,,'',0,24500,,'',0,17000,,'',0,13000,,'',0,8000,,'',0,18500,,'',0
'20231206',131009,65500,,'',0,5500,,'',0,24500,,'',0,29000,,'',0,6000,,'',0,24500,,'',0,17000,,'',0,13000,,'',0,8000,,'',0,18500,,'',0
'20231207',131009,65500,,'',0,5500,,'',0,24500,,'',0,29000,,'',0,6000,,'',0,24500,,'',0,17000,,'',0,13000,,'',0,8000,,'',0,18500,,'',0
'20231208',131009,65500,,'',0,5500,,'',0,24500,,'',0,29000,,'',0,6000,,'',0,24500,,'',0,17000,,'',0,13000,,'',0,8000,,'',0,18500,,'',0,31000,,'',0
'20231209',131009,65500,,'',0,5500,,'',0,24500,,'',0,29000,,'',0,6000,,'',0,24500,,'',0,17000,,'',0,13000,,'',0,8000,,'',0,18500,,'',0
'20231210',131009,65500,,'',0,5500,,'',0,24500,,'',0,29000,,'',0,6000,,'',0,41500,,'',0,13000,,'',0,8000,,'',0,18500,,'',0
'20231211',131009,65500,,'',0,5500,,'',0,24500,,'',0,29000,,'',0,6000,,'',0,24500,,'',0,17000,,'',0,13000,,'',0,8000,,'',0,18500,,'',0
'20231212',131009,65500,,'',0,5500,,'',0,24500,,'',0,29000,,'',0,6000,,'',0,24500,,'',0,17000,,'',0,13000,,'',0,8000,,'',0,18500,,'',0
'20231213',131009,65500,,'',0,5500,,'',0,24500,,'',0,29000,,'',0,6000,,'',0,24500,,'',0,17000,,'',0,13000,,'',0,8000,,'',0,18500,,'',0
'20231214',131009,65500,,'',0,5500,,'',0,24500,,'',0,29000,,'',0,6000,,'',0,24500,,'',0,17000,,'',0,13000,,'',0,8000,,'',0,18500,,'',0
'20231215',131009,65500,,'',0,5500,,'',0,24500,,'',0,29000,,'',0,6000,,'',0,24500,,'',0,17000,,'',0,13000,,'',0,8000,,'',0,18500,,'',0,31000,,'',0
'20231216',131009,65500,,'',0,5500,,'',0,24500,,'',0,29000,,'',0,6000,,'',0,24500,,'',0,17000,,'',0,13000,,'',0,8000,,'',0,18500,,'',0
'20231217',131009,65500,,'',0,5500,,'',0,24500,,'',0,29000,,'',0,6000,,'',0,41500,,'',0,13000,,'',0,8000,,'',0,18500,,'',0
'20231218',131009,65500,,'',0,5500,,'',0,24500,,'',0,29000,,'',0,6000,,'',0,24500,,'',0,17000,,'',0,13000,,'',0,8000,,'',0,18500,,'',0
'20231219',131009,65500,,'',0,5500,,'',0,24500,,'',0,29000,,'',0,6000,,'',0,24500,,'',0,17000,,'',0,13000,,'',0,8000,,'',0,18500,,'',0
'20231220',131009,65500,,'',0,5500,,'',0,24500,,'',0,29000,,'',0,6000,,'',0,24500,,'',0,17000,,'',0,13000,,'',0,8000,,'',0,18500,,'',0
'20231221',131009,65500,,'',0,5500,,'',0,24500,,'',0,29000,,'',0,6000,,'',0,24500,,'',0,17000,,'',0,13000,,'',0,8000,,'',0,18500,,'',0
'20231222',131009,65500,,'',0,5500,,'',0,24500,,'',0,29000,,'',0,6000,,'',0,24500,,'',0,17000,,'',0,13000,,'',0,8000,,'',0,18500,,'',0,31000,,'',0
'20231223',131009,65500,,'',0,5500,,'',0,24500,,'',0,29000,,'',0,6000,,'',0,24500,,'',0,17000,,'',0,13000,,'',0,8000,,'',0,18500,,'',0
'20231224',131009,65500,,'',0,5500,,'',0,24500,,'',0,29000,,'',0,6000,,'',0,41500,,'',0,13000,,'',0,8000,,'',0,18500,,'',0
'20231225',131009,65500,,'',0,5500,,'',0,24500,,'',0,29000,,'',0,6000,,'',0,41500,,'',0,13000,,'',0,8000,,'',0,18500,,'',0
'20231226',131009,65500,,'',0,5500,,'',0,24500,,'',0,29000,,'',0,6000,,'',0,24500,,'',0,17000,,'',0,13000,,'',0,8000,,'',0,18500,,'',0
'20231227',131009,65500,,'',0,5500,,'',0,24500,,'',0,29000,,'',0,6000,,'',0,24500,,'',0,17000,,'',0,13000,,'',0,8000,,'',0,18500,,'',0
'20231228',131009,65500,,'',0,5500,,'',0,24500,,'',0,29000,,'',0,6000,,'',0,24500,,'',0,17000,,'',0,13000,,'',0,8000,,'',0,18500,,'',0
'20231229',131009,65500,,'',0,5500,,'',0,24500,,'',0,29000,,'',0,6000,,'',0,24500,,'',0,17000,,'',0,13000,,'',0,8000,,'',0,18500,,'',0,31000,,'',0
'20231230',131009,65500,,'',0,5500,,'',0,24500,,'',0,29000,,'',0,6000,,'',0,24500,,'',0,17000,,'',0,13000,,'',0,8000,,'',0,18500,,'',0
'20231231',131009,62000,,'',0,39500,,'',0,42500,,'',0,37000,,'',0,29500,,'',0
'20240101',131009,71000,,'',0,24500,,'',0,15500,,'',0,19500,,'',0,23000,,'',0,31500,,'',0,18500,,'',0,11500,,'',0
'20240102',131009,71000,,'',0,24500,,'',0,15500,,'',0,19500,,'',0,23000,,'',0,31500,,'',0,30000,,'',0
'20240103',131009,71000,,'',0,24500,,'',0,15500,,'',0,19500,,'',0,23000,,'',0,31500,,'',0,30000,,'',0
'20240104',131009,71000,,'',0,24500,,'',0,15500,,'',0,19500,,'',0,23000,,'',0,31500,,'',0,30000,,'',0
'20240105',131009,71000,,'',0,24500,,'',0,15500,,'',0,19500,,'',0,23000,,'',0,31500,,'',0,18500,,'',0,11500,,'',0
'20240106',131009,62000,,'',0,39500,,'',0,42500,,'',0,37000,,'',0,29500,,'',0
'20240107',131009,62000,,'',0,39500,,'',0,42500,,'',0,37000,,'',0,29500,,'',0
'20240108',131009,71000,,'',0,24500,,'',0,15500,,'',0,19500,,'',0,23000,,'',0,31500,,'',0,30000,,'',0
'20240109',131009,71000,,'',0,24500,,'',0,15500,,'',0,19500,,'',0,23000,,'',0,31500,,'',0,30000,,'',0
'20240110',131009,71000,,'',0,24500,,'',0,15500,,'',0,19500,,'',0,23000,,'',0,31500,,'',0,30000,,'',0
'20240111',131009,71000,,'',0,24500,,'',0,15500,,'',0,19500,,'',0,23000,,'',0,31500,,'',0,30000,,'',0
'20240112',131009,71000,,'',0,24500,,'',0,15500,,'',0,19500,,'',0,23000,,'',0,31500,,'',0,18500,,'',0,11500,,'',0
'20240113',131009,62000,,'',0,39500,,'',0,42500,,'',0,37000,,'',0,29500,,'',0
'20240114',131009,62000,,'',0,39500,,'',0,42500,,'',0,37000,,'',0,29500,,'',0
'20240115',131009,71000,,'',0,24500,,'',0,15500,,'',0,19500,,'',0,23000,,'',0,31500,,'',0,30000,,'',0
'20240116',131009,71000,,'',0,24500,,'',0,15500,,'',0,19500,,'',0,23000,,'',0,31500,,'',0,30000,,'',0
'20240117',131009,71000,,'',0,24500,,'',0,15500,,'',0,19500,,'',0,23000,,'',0,31500,,'',0,30000,,'',0
'20240118',131009,71000,,'',0,24500,,'',0,15500,,'',0,19500,,'',0,23000,,'',0,31500,,'',0,30000,,'',0
'20240119',131009,71000,,'',0,24500,,'',0,15500,,'',0,19500,,'',0,23000,,'',0,31500,,'',0,18500,,'',0,11500,,'',0
'20240120',131009,62000,,'',0,39500,,'',0,42500,,'',0,37000,,'',0,29500,,'',0
'20240121',131009,62000,,'',0,39500,,'',0,42500,,'',0,37000,,'',0,29500,,'',0
'20240122',131009,71000,,'',0,24500,,'',0,15500,,'',0,19500,,'',0,23000,,'',0,31500,,'',0,30000,,'',0
'20240123',131009,71000,,'',0,24500,,'',0,15500,,'',0,19500,,'',0,23000,,'',0,31500,,'',0,30000,,'',0
'20240124',131009,71000,,'',0,24500,,'',0,15500,,'',0,19500,,'',0,23000,,'',0,31500,,'',0,30000,,'',0
'20240125',131009,71000,,'',0,24500,,'',0,15500,,'',0,19500,,'',0,23000,,'',0,31500,,'',0,30000,,'',0
'20240126',131009,71000,,'',0,24500,,'',0,15500,,'',0,19500,,'',0,23000,,'',0,31500,,'',0,18500,,'',0,11500,,'',0
'20240127',131009,62000,,'',0,39500,,'',0,42500,,'',0,37000,,'',0,29500,,'',0
'20240128',131009,62000,,'',0,39500,,'',0,42500,,'',0,37000,,'',0,29500,,'',0
'20240129',131009,71000,,'',0,24500,,'',0,15500,,'',0,19500,,'',0,23000,,'',0,31500,,'',0,30000,,'',0
'20240130',131009,71000,,'',0,24500,,'',0,15500,,'',0,19500,,'',0,23000,,'',0,31500,,'',0,30000,,'',0
'20240131',131009,71000,,'',0,24500,,'',0,15500,,'',0,19500,,'',0,23000,,'',0,31500,,'',0,30000,,'',0
'20240201',131009,71000,,'',0,24500,,'',0,15500,,'',0,19500,,'',0,23000,,'',0,31500,,'',0,30000,,'',0
'20240202',131009,71000,,'',0,24500,,'',0,15500,,'',0,19500,,'',0,23000,,'',0,31500,,'',0,18500,,'',0,11500,,'',0
'20240203',131009,62000,,'',0,39500,,'',0,42500,,'',0,37000,,'',0,29500,,'',0
'20240204',131009,62000,,'',0,39500,,'',0,42500,,'',0,37000,,'',0,29500,,'',0
'20240205',131009,71000,,'',0,24500,,'',0,15500,,'',0,19500,,'',0,23000,,'',0,31500,,'',0,30000,,'',0
'20240206',131009,71000,,'',0,24500,,'',0,15500,,'',0,19500,,'',0,23000,,'',0,31500,,'',0,30000,,'',0
'20240207',131009,71000,,'',0,24500,,'',0,15500,,'',0,19500,,'',0,23000,,'',0,31500,,'',0,30000,,'',0
'20240208',131009,71000,,'',0,24500,,'',0,15500,,'',0,19500,,'',0,23000,,'',0,31500,,'',0,30000,,'',0
'20240209',131009,71000,,'',0,24500,,'',0,15500,,'',0,19500,,'',0,23000,,'',0,31500,,'',0,18500,,'',0,11500,,'',0
'20240210',131009,62000,,'',0,39500,,'',0,42500,,'',0,37000,,'',0,29500,,'',0
'20240211',131009,62000,,'',0,39500,,'',0,42500,,'',0,37000,,'',0,29500,,'',0
'20240212',131009,71000,,'',0,24500,,'',0,15500,,'',0,19500,,'',0,23000,,'',0,31500,,'',0,30000,,'',0
'20240213',131009,71000,,'',0,24500,,'',0,15500,,'',0,19500,,'',0,23000,,'',0,31500,,'',0,30000,,'',0
'20240214',131009,71000,,'',0,24500,,'',0,15500,,'',0,19500,,'',0,23000,,'',0,31500,,'',0,30000,,'',0
'20240215',131009,71000,,'',0,24500,,'',0,15500,,'',0,19500,,'',0,23000,,'',0,31500,,'',0,30000,,'',0
'20240216',131009,71000,,'',0,24500,,'',0,15500,,'',0,19500,,'',0,23000,,'',0,31500,,'',0,18500,,'',0,11500,,'',0
'20240217',131009,62000,,'',0,39500,,'',0,42500,,'',0,37000,,'',0,29500,,'',0
'20240218',131009,62000,,'',0,39500,,'',0,42500,,'',0,37000,,'',0,29500,,'',0
'20240219',131009,71000,,'',0,24500,,'',0,15500,,'',0,19500,,'',0,23000,,'',0,31500,,'',0,30000,,'',0
'20240220',131009,71000,,'',0,24500,,'',0,15500,,'',0,19500,,'',0,23000,,'',0,31500,,'',0,30000,,'',0
'20240221',131009,71000,,'',0,24500,,'',0,15500,,'',0,19500,,'',0,23000,,'',0,31500,,'',0,30000,,'',0
'20240222',131009,71000,,'',0,24500,,'',0,15500,,'',0,19500,,'',0,23000,,'',0,31500,,'',0,30000,,'',0
'20240223',131009,71000,,'',0,24500,,'',0,15500,,'',0,19500,,'',0,23000,,'',0,31500,,'',0,18500,,'',0,11500,,'',0
'20240224',131009,62000,,'',0,39500,,'',0,42500,,'',0,37000,,'',0,29500,,'',0
'20240225',131009,62000,,'',0,39500,,'',0,42500,,'',0,37000,,'',0,29500,,'',0
'20240226',131009,71000,,'',0,24500,,'',0,15500,,'',0,19500,,'',0,23000,,'',0,31500,,'',0,30000,,'',0
'20240227',131009,71000,,'',0,24500,,'',0,15500,,'',0,19500,,'',0,23000,,'',0,31500,,'',0,30000,,'',0
'20240228',131009,71000,,'',0,24500,,'',0,15500,,'',0,19500,,'',0,23000,,'',0,31500,,'',0,30000,,'',0
'20240229',131009,71000,,'',0,24500,,'',0,15500,,'',0,19500,,'',0,23000,,'',0,31500,,'',0,30000,,'',0
'20240301',131009,71000,,'',0,24500,,'',0,15500,,'',0,19500,,'',0,23000,,'',0,31500,,'',0,18500,,'',0,11500,,'',0
'20240302',131009,62000,,'',0,39500,,'',0,42500,,'',0,37000,,'',0,29500,,'',0
'20240303',131009,62000,,'',0,39500,,'',0,42500,,'',0,37000,,'',0,29500,,'',0
'20240304',131009,71000,,'',0,24500,,'',0,15500,,'',0,19500,,'',0,23000,,'',0,31500,,'',0,30000,,'',0
'20240305',131009,71000,,'',0,24500,,'',0,15500,,'',0,19500,,'',0,23000,,'',0,31500,,'',0,30000,,'',0
'20240306',131009,71000,,'',0,24500,,'',0,15500,,'',0,19500,,'',0,23000,,'',0,31500,,'',0,30000,,'',0
'20240307',131009,71000,,'',0,24500,,'',0,15500,,'',0,19500,,'',0,23000,,'',0,31500,,'',0,30000,,'',0
'20240308',131009,71000,,'',0,24500,,'',0,15500,,'',0,19500,,'',0,23000,,'',0,31500,,'',0,18500,,'',0,11500,,'',0
'20240309',131009,62000,,'',0,39500,,'',0,42500,,'',0,37000,,'',0,29500,,'',0
'20240310',131009,62000,,'',0,39500,,'',0,42500,,'',0,37000,,'',0,29500,,'',0
'20240311',131009,71000,,'',0,24500,,'',0,15500,,'',0,19500,,'',0,23000,,'',0,31500,,'',0,30000,,'',0
'20240312',131009,71000,,'',0,24500,,'',0,15500,,'',0,19500,,'',0,23000,,'',0,31500,,'',0,30000,,'',0
'20240313',131009,71000,,'',0,24500,,'',0,15500,,'',0,19500,,'',0,23000,,'',0,31500,,'',0,30000,,'',0
'20240314',131009,71000,,'',0,24500,,'',0,15500,,'',0,19500,,'',0,23000,,'',0,31500,,'',0,30000,,'',0
'20240315',131009,71000,,'',0,24500,,'',0,15500,,'',0,19500,,'',0,23000,,'',0,31500,,'',0,18500,,'',0,11500,,'',0
'20240316',131009,62000,,'',0,39500,,'',0,42500,,'',0,37000,,'',0,29500,,'',0
'20240317',131009,62000,,'',0,39500,,'',0,42500,,'',0,37000,,'',0,29500,,'',0
'20240318',131009,71000,,'',0,24500,,'',0,15500,,'',0,19500,,'',0,23000,,'',0,31500,,'',0,30000,,'',0
'20240319',131009,71000,,'',0,24500,,'',0,15500,,'',0,19500,,'',0,23000,,'',0,31500,,'',0,30000,,'',0
'20240320',131009,71000,,'',0,24500,,'',0,15500,,'',0,19500,,'',0,23000,,'',0,31500,,'',0,30000,,'',0
'20240321',131009,71000,,'',0,24500,,'',0,15500,,'',0,19500,,'',0,23000,,'',0,31500,,'',0,30000,,'',0
'20240322',131009,71000,,'',0,24500,,'',0,15500,,'',0,19500,,'',0,23000,,'',0,31500,,'',0,18500,,'',0,11500,,'',0
'20240323',131009,62000,,'',0,39500,,'',0,42500,,'',0,37000,,'',0,29500,,'',0
'20231121',131509,65500,,'',0,30000,,'',0,17000,,'',0,42500,,'',0,38000,,'',0
'20231122',131509,65500,,'',0,30000,,'',0,17000,,'',0,42500,,'',0,38000,,'',0
'20231123',131509,65500,,'',0,30000,,'',0,17000,,'',0,42500,,'',0,38000,,'',0
'20231124',131509,65500,,'',0,30000,,'',0,17000,,'',0,42500,,'',0,38000,,'',0,49500,,'',0
'20231125',131509,65500,,'',0,30000,,'',0,17000,,'',0,42500,,'',0,38000,,'',0
'20231126',131509,65500,,'',0,30000,,'',0,17000,,'',0,80500,,'',0
'20231127',131509,65500,,'',0,30000,,'',0,17000,,'',0,42500,,'',0,38000,,'',0
'20231128',131509,65500,,'',0,30000,,'',0,17000,,'',0,42500,,'',0,38000,,'',0
'20231129',131509,65500,,'',0,30000,,'',0,17000,,'',0,42500,,'',0,38000,,'',0
'20231130',131509,65500,,'',0,30000,,'',0,17000,,'',0,42500,,'',0,38000,,'',0
'20231201',131509,65500,,'',0,30000,,'',0,17000,,'',0,42500,,'',0,38000,,'',0,49500,,'',0
'20231202',131509,65500,,'',0,30000,,'',0,17000,,'',0,42500,,'',0,38000,,'',0
'20231203',131509,65500,,'',0,30000,,'',0,17000,,'',0,80500,,'',0
'20231204',131509,65500,,'',0,30000,,'',0,17000,,'',0,42500,,'',0,38000,,'',0
'20231205',131509,65500,,'',0,30000,,'',0,17000,,'',0,42500,,'',0,38000,,'',0
'20231206',131509,65500,,'',0,30000,,'',0,17000,,'',0,42500,,'',0,38000,,'',0
'20231207',131509,65500,,'',0,30000,,'',0,17000,,'',0,42500,,'',0,38000,,'',0
'20231208',131509,65500,,'',0,30000,,'',0,17000,,'',0,42500,,'',0,38000,,'',0,49500,,'',0
'20231209',131509,65500,,'',0,30000,,'',0,17000,,'',0,42500,,'',0,38000,,'',0
'20231210',131509,65500,,'',0,30000,,'',0,17000,,'',0,80500,,'',0
'20231211',131509,65500,,'',0,30000,,'',0,17000,,'',0,42500,,'',0,38000,,'',0
'20231212',131509,65500,,'',0,30000,,'',0,17000,,'',0,42500,,'',0,38000,,'',0
'20231213',131509,65500,,'',0,30000,,'',0,17000,,'',0,42500,,'',0,38000,,'',0
'20231214',131509,65500,,'',0,30000,,'',0,17000,,'',0,42500,,'',0,38000,,'',0
'20231215',131509,65500,,'',0,30000,,'',0,17000,,'',0,42500,,'',0,38000,,'',0,49500,,'',0
'20231216',131509,65500,,'',0,30000,,'',0,17000,,'',0,42500,,'',0,38000,,'',0
'20231217',131509,65500,,'',0,30000,,'',0,17000,,'',0,80500,,'',0
'20231218',131509,65500,,'',0,30000,,'',0,17000,,'',0,42500,,'',0,38000,,'',0
'20231219',131509,65500,,'',0,30000,,'',0,17000,,'',0,42500,,'',0,38000,,'',0
'20231220',131509,65500,,'',0,30000,,'',0,17000,,'',0,42500,,'',0,38000,,'',0
'20231221',131509,65500,,'',0,30000,,'',0,17000,,'',0,42500,,'',0,38000,,'',0
'20231222',131509,65500,,'',0,30000,,'',0,17000,,'',0,42500,,'',0,38000,,'',0,49500,,'',0
'20231223',131509,65500,,'',0,30000,,'',0,17000,,'',0,42500,,'',0,38000,,'',0
'20231224',131509,65500,,'',0,30000,,'',0,17000,,'',0,80500,,'',0
'20231225',131509,65500,,'',0,30000,,'',0,17000,,'',0,80500,,'',0
'20231226',131509,65500,,'',0,30000,,'',0,17000,,'',0,42500,,'',0,38000,,'',0
'20231227',131509,65500,,'',0,30000,,'',0,17000,,'',0,42500,,'',0,38000,,'',0
'20231228',131509,65500,,'',0,30000,,'',0,17000,,'',0,42500,,'',0,38000,,'',0
'20231229',131509,65500,,'',0,30000,,'',0,17000,,'',0,42500,,'',0,38000,,'',0,49500,,'',0
'20231230',131509,65500,,'',0,30000,,'',0,17000,,'',0,42500,,'',0,38000,,'',0
'20231231',131509,62000,,'',0,39500,,'',0,31500,,'',0,11000,,'',0,37000,,'',0,3500,,'',0,29500,,'',0
'20240101',131509,62000,,'',0,33500,,'',0,58000,,'',0,2000,,'',0,59500,,'',0
'20240102',131509,62000,,'',0,33500,,'',0,58000,,'',0,2000,,'',0,59500,,'',0
'20240103',131509,62000,,'',0,33500,,'',0,58000,,'',0,2000,,'',0,59500,,'',0
'20240104',131509,62000,,'',0,33500,,'',0,58000,,'',0,2000,,'',0,59500,,'',0
'20240105',131509,62000,,'',0,33500,,'',0,58000,,'',0,2000,,'',0,59500,,'',0
'20240106',131509,62000,,'',0,39500,,'',0,31500,,'',0,11000,,'',0,37000,,'',0,3500,,'',0,29500,,'',0
'20240107',131509,62000,,'',0,39500,,'',0,31500,,'',0,11000,,'',0,37000,,'',0,3500,,'',0,29500,,'',0
'20240108',131509,62000,,'',0,33500,,'',0,58000,,'',0,2000,,'',0,59500,,'',0
'20240109',131509,62000,,'',0,33500,,'',0,58000,,'',0,2000,,'',0,59500,,'',0
'20240110',131509,62000,,'',0,33500,,'',0,58000,,'',0,2000,,'',0,59500,,'',0
'20240111',131509,62000,,'',0,33500,,'',0,58000,,'',0,2000,,'',0,59500,,'',0
'20240112',131509,62000,,'',0,33500,,'',0,58000,,'',0,2000,,'',0,59500,,'',0
'20240113',131509,62000,,'',0,39500,,'',0,31500,,'',0,11000,,'',0,37000,,'',0,3500,,'',0,29500,,'',0
'20240114',131509,62000,,'',0,39500,,'',0,31500,,'',0,11000,,'',0,37000,,'',0,3500,,'',0,29500,,'',0
'20240115',131509,62000,,'',0,33500,,'',0,58000,,'',0,2000,,'',0,59500,,'',0
'20240116',131509,62000,,'',0,33500,,'',0,58000,,'',0,2000,,'',0,59500,,'',0
'20240117',131509,62000,,'',0,33500,,'',0,58000,,'',0,2000,,'',0,59500,,'',0
'20240118',131509,62000,,'',0,33500,,'',0,58000,,'',0,2000,,'',0,59500,,'',0
'20240119',131509,62000,,'',0,33500,,'',0,58000,,'',0,2000,,'',0,59500,,'',0
'20240120',131509,62000,,'',0,39500,,'',0,31500,,'',0,11000,,'',0,37000,,'',0,3500,,'',0,29500,,'',0
'20240121',131509,62000,,'',0,39500,,'',0,31500,,'',0,11000,,'',0,37000,,'',0,3500,,'',0,29500,,'',0
'20240122',131509,62000,,'',0,33500,,'',0,58000,,'',0,2000,,'',0,59500,,'',0
'20240123',131509,62000,,'',0,33500,,'',0,58000,,'',0,2000,,'',0,59500,,'',0
'20240124',131509,62000,,'',0,33500,,'',0,58000,,'',0,2000,,'',0,59500,,'',0
'20240125',131509,62000,,'',0,33500,,'',0,58000,,'',0,2000,,'',0,59500,,'',0
'20240126',131509,62000,,'',0,33500,,'',0,58000,,'',0,2000,,'',0,59500,,'',0
'20240127',131509,62000,,'',0,39500,,'',0,31500,,'',0,11000,,'',0,37000,,'',0,3500,,'',0,29500,,'',0
'20240128',131509,62000,,'',0,39500,,'',0,31500,,'',0,11000,,'',0,37000,,'',0,3500,,'',0,29500,,'',0
'20240129',131509,62000,,'',0,33500,,'',0,58000,,'',0,2000,,'',0,59500,,'',0
'20240130',131509,62000,,'',0,33500,,'',0,58000,,'',0,2000,,'',0,59500,,'',0
'20240131',131509,62000,,'',0,33500,,'',0,58000,,'',0,2000,,'',0,59500,,'',0
'20240201',131509,62000,,'',0,33500,,'',0,58000,,'',0,2000,,'',0,59500,,'',0
'20240202',131509,62000,,'',0,33500,,'',0,58000,,'',0,2000,,'',0,59500,,'',0
'20240203',131509,62000,,'',0,39500,,'',0,31500,,'',0,11000,,'',0,37000,,'',0,3500,,'',0,29500,,'',0
'20240204',131509,62000,,'',0,39500,,'',0,31500,,'',0,11000,,'',0,37000,,'',0,3500,,'',0,29500,,'',0
'20240205',131509,62000,,'',0,33500,,'',0,58000,,'',0,2000,,'',0,59500,,'',0
'20240206',131509,62000,,'',0,33500,,'',0,58000,,'',0,2000,,'',0,59500,,'',0
'20240207',131509,62000,,'',0,33500,,'',0,58000,,'',0,2000,,'',0,59500,,'',0
'20240208',131509,62000,,'',0,33500,,'',0,58000,,'',0,2000,,'',0,59500,,'',0
'20240209',131509,62000,,'',0,33500,,'',0,58000,,'',0,2000,,'',0,59500,,'',0
'20240210',131509,62000,,'',0,39500,,'',0,31500,,'',0,11000,,'',0,37000,,'',0,3500,,'',0,29500,,'',0
'20240211',131509,62000,,'',0,39500,,'',0,31500,,'',0,11000,,'',0,37000,,'',0,3500,,'',0,29500,,'',0
'20240212',131509,62000,,'',0,33500,,'',0,58000,,'',0,2000,,'',0,59500,,'',0
'20240213',131509,62000,,'',0,33500,,'',0,58000,,'',0,2000,,'',0,59500,,'',0
'20240214',131509,62000,,'',0,33500,,'',0,58000,,'',0,2000,,'',0,59500,,'',0
'20240215',131509,62000,,'',0,33500,,'',0,58000,,'',0,2000,,'',0,59500,,'',0
'20240216',131509,62000,,'',0,33500,,'',0,58000,,'',0,2000,,'',0,59500,,'',0
'20240217',131509,62000,,'',0,39500,,'',0,31500,,'',0,11000,,'',0,37000,,'',0,3500,,'',0,29500,,'',0
'20240218',131509,62000,,'',0,39500,,'',0,31500,,'',0,11000,,'',0,37000,,'',0,3500,,'',0,29500,,'',0
'20240219',131509,62000,,'',0,33500,,'',0,58000,,'',0,2000,,'',0,59500,,'',0
'20240220',131509,62000,,'',0,33500,,'',0,58000,,'',0,2000,,'',0,59500,,'',0
'20240221',131509,62000,,'',0,33500,,'',0,58000,,'',0,2000,,'',0,59500,,'',0
'20240222',131509,62000,,'',0,33500,,'',0,58000,,'',0,2000,,'',0,59500,,'',0
'20240223',131509,62000,,'',0,33500,,'',0,58000,,'',0,2000,,'',0,59500,,'',0
'20240224',131509,62000,,'',0,39500,,'',0,31500,,'',0,11000,,'',0,37000,,'',0,3500,,'',0,29500,,'',0
'20240225',131509,62000,,'',0,39500,,'',0,31500,,'',0,11000,,'',0,37000,,'',0,3500,,'',0,29500,,'',0
'20240226',131509,62000,,'',0,33500,,'',0,58000,,'',0,2000,,'',0,59500,,'',0
'20240227',131509,62000,,'',0,33500,,'',0,58000,,'',0,2000,,'',0,59500,,'',0
'20240228',131509,62000,,'',0,33500,,'',0,58000,,'',0,2000,,'',0,59500,,'',0
'20240229',131509,62000,,'',0,33500,,'',0,58000,,'',0,2000,,'',0,59500,,'',0
'20240301',131509,62000,,'',0,33500,,'',0,58000,,'',0,2000,,'',0,59500,,'',0
'20240302',131509,62000,,'',0,39500,,'',0,31500,,'',0,11000,,'',0,37000,,'',0,3500,,'',0,29500,,'',0
'20240303',131509,62000,,'',0,39500,,'',0,31500,,'',0,11000,,'',0,37000,,'',0,3500,,'',0,29500,,'',0
'20240304',131509,62000,,'',0,33500,,'',0,58000,,'',0,2000,,'',0,59500,,'',0
'20240305',131509,62000,,'',0,33500,,'',0,58000,,'',0,2000,,'',0,59500,,'',0
'20240306',131509,62000,,'',0,33500,,'',0,58000,,'',0,2000,,'',0,59500,,'',0
'20240307',131509,62000,,'',0,33500,,'',0,58000,,'',0,2000,,'',0,59500,,'',0
'20240308',131509,62000,,'',0,33500,,'',0,58000,,'',0,2000,,'',0,59500,,'',0
'20240309',131509,62000,,'',0,39500,,'',0,31500,,'',0,11000,,'',0,37000,,'',0,3500,,'',0,29500,,'',0
'20240310',131509,62000,,'',0,39500,,'',0,31500,,'',0,11000,,'',0,37000,,'',0,3500,,'',0,29500,,'',0
'20240311',131509,62000,,'',0,33500,,'',0,58000,,'',0,2000,,'',0,59500,,'',0
'20240312',131509,62000,,'',0,33500,,'',0,58000,,'',0,2000,,'',0,59500,,'',0
'20240313',131509,62000,,'',0,33500,,'',0,58000,,'',0,2000,,'',0,59500,,'',0
'20240314',131509,62000,,'',0,33500,,'',0,58000,,'',0,2000,,'',0,59500,,'',0
'20240315',131509,62000,,'',0,33500,,'',0,58000,,'',0,2000,,'',0,59500,,'',0
'20240316',131509,62000,,'',0,39500,,'',0,31500,,'',0,11000,,'',0,37000,,'',0,3500,,'',0,29500,,'',0
'20240317',131509,62000,,'',0,39500,,'',0,31500,,'',0,11000,,'',0,37000,,'',0,3500,,'',0,29500,,'',0
'20240318',131509,62000,,'',0,33500,,'',0,58000,,'',0,2000,,'',0,59500,,'',0
'20240319',131509,62000,,'',0,33500,,'',0,58000,,'',0,2000,,'',0,59500,,'',0
'20240320',131509,62000,,'',0,33500,,'',0,58000,,'',0,2000,,'',0,59500,,'',0
'20240321',131509,62000,,'',0,33500,,'',0,58000,,'',0,2000,,'',0,59500,,'',0
'20240322',131509,62000,,'',0,33500,,'',0,58000,,'',0,2000,,'',0,59500,,'',0
'20240323',131509,62000,,'',0,39500,,'',0,31500,,'',0,11000,,'',0,37000,,'',0,3500,,'',0,29500,,'',0
'20231121',131809,65500,,'',0,30000,,'',0,17000,,'',0,42500,,'',0,38000,,'',0
'20231122',131809,65500,,'',0,30000,,'',0,17000,,'',0,42500,,'',0,38000,,'',0
'20231123',131809,65500,,'',0,30000,,'',0,17000,,'',0,42500,,'',0,38000,,'',0
'20231124',131809,65500,,'',0,30000,,'',0,17000,,'',0,42500,,'',0,38000,,'',0
'20231125',131809,65500,,'',0,30000,,'',0,17000,,'',0,42500,,'',0,38000,,'',0
'20231126',131809,65500,,'',0,30000,,'',0,17000,,'',0,80500,,'',0
'20231127',131809,65500,,'',0,30000,,'',0,17000,,'',0,42500,,'',0,38000,,'',0
'20231128',131809,65500,,'',0,30000,,'',0,17000,,'',0,42500,,'',0,38000,,'',0
'20231129',131809,65500,,'',0,30000,,'',0,17000,,'',0,42500,,'',0,38000,,'',0
'20231130',131809,65500,,'',0,30000,,'',0,17000,,'',0,42500,,'',0,38000,,'',0
'20231201',131809,65500,,'',0,30000,,'',0,17000,,'',0,42500,,'',0,38000,,'',0
'20231202',131809,65500,,'',0,30000,,'',0,17000,,'',0,42500,,'',0,38000,,'',0
'20231203',131809,65500,,'',0,30000,,'',0,17000,,'',0,80500,,'',0
'20231204',131809,65500,,'',0,30000,,'',0,17000,,'',0,42500,,'',0,38000,,'',0
'20231205',131809,65500,,'',0,30000,,'',0,17000,,'',0,42500,,'',0,38000,,'',0
'20231206',131809,65500,,'',0,30000,,'',0,17000,,'',0,42500,,'',0,38000,,'',0
'20231207',131809,65500,,'',0,30000,,'',0,17000,,'',0,42500,,'',0,38000,,'',0
'20231208',131809,65500,,'',0,30000,,'',0,17000,,'',0,42500,,'',0,38000,,'',0
'20231209',131809,65500,,'',0,30000,,'',0,17000,,'',0,42500,,'',0,38000,,'',0
'20231210',131809,65500,,'',0,30000,,'',0,17000,,'',0,80500,,'',0
'20231211',131809,65500,,'',0,30000,,'',0,17000,,'',0,42500,,'',0,38000,,'',0
'20231212',131809,65500,,'',0,30000,,'',0,17000,,'',0,42500,,'',0,38000,,'',0
'20231213',131809,65500,,'',0,30000,,'',0,17000,,'',0,42500,,'',0,38000,,'',0
'20231214',131809,65500,,'',0,30000,,'',0,17000,,'',0,42500,,'',0,38000,,'',0
'20231215',131809,65500,,'',0,30000,,'',0,17000,,'',0,42500,,'',0,38000,,'',0
'20231216',131809,65500,,'',0,30000,,'',0,17000,,'',0,42500,,'',0,38000,,'',0
'20231217',131809,65500,,'',0,30000,,'',0,17000,,'',0,80500,,'',0
'20231218',131809,65500,,'',0,30000,,'',0,17000,,'',0,42500,,'',0,38000,,'',0
'20231219',131809,65500,,'',0,30000,,'',0,17000,,'',0,42500,,'',0,38000,,'',0
'20231220',131809,65500,,'',0,30000,,'',0,17000,,'',0,42500,,'',0,38000,,'',0
'20231221',131809,65500,,'',0,30000,,'',0,17000,,'',0,42500,,'',0,38000,,'',0
'20231222',131809,65500,,'',0,30000,,'',0,17000,,'',0,42500,,'',0,38000,,'',0
'20231223',131809,65500,,'',0,30000,,'',0,17000,,'',0,42500,,'',0,38000,,'',0
'20231224',131809,65500,,'',0,30000,,'',0,17000,,'',0,80500,,'',0
'20231225',131809,65500,,'',0,30000,,'',0,17000,,'',0,80500,,'',0
'20231226',131809,65500,,'',0,30000,,'',0,17000,,'',0,42500,,'',0,38000,,'',0
'20231227',131809,65500,,'',0,30000,,'',0,17000,,'',0,42500,,'',0,38000,,'',0
'20231228',131809,65500,,'',0,30000,,'',0,17000,,'',0,42500,,'',0,38000,,'',0
'20231229',131809,65500,,'',0,30000,,'',0,17000,,'',0,42500,,'',0,38000,,'',0
'20231230',131809,65500,,'',0,30000,,'',0,17000,,'',0,42500,,'',0,38000,,'',0
'20231231',131809,62000,,'',0,39500,,'',0,42500,,'',0,37000,,'',0,33000,,'',0
'20240101',131809,62000,,'',0,33500,,'',0,58000,,'',0,2000,,'',0,59500,,'',0
'20240102',131809,62000,,'',0,33500,,'',0,58000,,'',0,2000,,'',0,59500,,'',0
'20240103',131809,62000,,'',0,33500,,'',0,58000,,'',0,2000,,'',0,59500,,'',0
'20240104',131809,62000,,'',0,33500,,'',0,58000,,'',0,2000,,'',0,59500,,'',0
'20240105',131809,62000,,'',0,33500,,'',0,58000,,'',0,2000,,'',0,59500,,'',0
'20240106',131809,62000,,'',0,39500,,'',0,42500,,'',0,37000,,'',0,33000,,'',0
'20240107',131809,62000,,'',0,39500,,'',0,42500,,'',0,37000,,'',0,33000,,'',0
'20240108',131809,62000,,'',0,33500,,'',0,58000,,'',0,2000,,'',0,59500,,'',0
'20240109',131809,62000,,'',0,33500,,'',0,58000,,'',0,2000,,'',0,59500,,'',0
'20240110',131809,62000,,'',0,33500,,'',0,58000,,'',0,2000,,'',0,59500,,'',0
'20240111',131809,62000,,'',0,33500,,'',0,58000,,'',0,2000,,'',0,59500,,'',0
'20240112',131809,62000,,'',0,33500,,'',0,58000,,'',0,2000,,'',0,59500,,'',0
'20240113',131809,62000,,'',0,39500,,'',0,42500,,'',0,37000,,'',0,33000,,'',0
'20240114',131809,62000,,'',0,39500,,'',0,42500,,'',0,37000,,'',0,33000,,'',0
'20240115',131809,62000,,'',0,33500,,'',0,58000,,'',0,2000,,'',0,59500,,'',0
'20240116',131809,62000,,'',0,33500,,'',0,58000,,'',0,2000,,'',0,59500,,'',0
'20240117',131809,62000,,'',0,33500,,'',0,58000,,'',0,2000,,'',0,59500,,'',0
'20240118',131809,62000,,'',0,33500,,'',0,58000,,'',0,2000,,'',0,59500,,'',0
'20240119',131809,62000,,'',0,33500,,'',0,58000,,'',0,2000,,'',0,59500,,'',0
'20240120',131809,62000,,'',0,39500,,'',0,42500,,'',0,37000,,'',0,33000,,'',0
'20240121',131809,62000,,'',0,39500,,'',0,42500,,'',0,37000,,'',0,33000,,'',0
'20240122',131809,62000,,'',0,33500,,'',0,58000,,'',0,2000,,'',0,59500,,'',0
'20240123',131809,62000,,'',0,33500,,'',0,58000,,'',0,2000,,'',0,59500,,'',0
'20240124',131809,62000,,'',0,33500,,'',0,58000,,'',0,2000,,'',0,59500,,'',0
'20240125',131809,62000,,'',0,33500,,'',0,58000,,'',0,2000,,'',0,59500,,'',0
'20240126',131809,62000,,'',0,33500,,'',0,58000,,'',0,2000,,'',0,59500,,'',0
'20240127',131809,62000,,'',0,39500,,'',0,42500,,'',0,37000,,'',0,33000,,'',0
'20240128',131809,62000,,'',0,39500,,'',0,42500,,'',0,37000,,'',0,33000,,'',0
'20240129',131809,62000,,'',0,33500,,'',0,58000,,'',0,2000,,'',0,59500,,'',0
'20240130',131809,62000,,'',0,33500,,'',0,58000,,'',0,2000,,'',0,59500,,'',0
'20240131',131809,62000,,'',0,33500,,'',0,58000,,'',0,2000,,'',0,59500,,'',0
'20240201',131809,62000,,'',0,33500,,'',0,58000,,'',0,2000,,'',0,59500,,'',0
'20240202',131809,62000,,'',0,33500,,'',0,58000,,'',0,2000,,'',0,59500,,'',0
'20240203',131809,62000,,'',0,39500,,'',0,42500,,'',0,37000,,'',0,33000,,'',0
'20240204',131809,62000,,'',0,39500,,'',0,42500,,'',0,37000,,'',0,33000,,'',0
'20240205',131809,62000,,'',0,33500,,'',0,58000,,'',0,2000,,'',0,59500,,'',0
'20240206',131809,62000,,'',0,33500,,'',0,58000,,'',0,2000,,'',0,59500,,'',0
'20240207',131809,62000,,'',0,33500,,'',0,58000,,'',0,2000,,'',0,59500,,'',0
'20240208',131809,62000,,'',0,33500,,'',0,58000,,'',0,2000,,'',0,59500,,'',0
'20240209',131809,62000,,'',0,33500,,'',0,58000,,'',0,2000,,'',0,59500,,'',0
'20240210',131809,62000,,'',0,39500,,'',0,42500,,'',0,37000,,'',0,33000,,'',0
'20240211',131809,62000,,'',0,39500,,'',0,42500,,'',0,37000,,'',0,33000,,'',0
'20240212',131809,62000,,'',0,33500,,'',0,58000,,'',0,2000,,'',0,59500,,'',0
'20240213',131809,62000,,'',0,33500,,'',0,58000,,'',0,2000,,'',0,59500,,'',0
'20240214',131809,62000,,'',0,33500,,'',0,58000,,'',0,2000,,'',0,59500,,'',0
'20240215',131809,62000,,'',0,33500,,'',0,58000,,'',0,2000,,'',0,59500,,'',0
'20240216',131809,62000,,'',0,33500,,'',0,58000,,'',0,2000,,'',0,59500,,'',0
'20240217',131809,62000,,'',0,39500,,'',0,42500,,'',0,37000,,'',0,33000,,'',0
'20240218',131809,62000,,'',0,39500,,'',0,42500,,'',0,37000,,'',0,33000,,'',0
'20240219',131809,62000,,'',0,33500,,'',0,58000,,'',0,2000,,'',0,59500,,'',0
'20240220',131809,62000,,'',0,33500,,'',0,58000,,'',0,2000,,'',0,59500,,'',0
'20240221',131809,62000,,'',0,33500,,'',0,58000,,'',0,2000,,'',0,59500,,'',0
'20240222',131809,62000,,'',0,33500,,'',0,58000,,'',0,2000,,'',0,59500,,'',0
'20240223',131809,62000,,'',0,33500,,'',0,58000,,'',0,2000,,'',0,59500,,'',0
'20240224',131809,62000,,'',0,39500,,'',0,42500,,'',0,37000,,'',0,33000,,'',0
'20240225',131809,62000,,'',0,39500,,'',0,42500,,'',0,37000,,'',0,33000,,'',0
'20240226',131809,62000,,'',0,33500,,'',0,58000,,'',0,2000,,'',0,59500,,'',0
'20240227',131809,62000,,'',0,33500,,'',0,58000,,'',0,2000,,'',0,59500,,'',0
'20240228',131809,62000,,'',0,33500,,'',0,58000,,'',0,2000,,'',0,59500,,'',0
'20240229',131809,62000,,'',0,33500,,'',0,58000,,'',0,2000,,'',0,59500,,'',0
'20240301',131809,62000,,'',0,33500,,'',0,58000,,'',0,2000,,'',0,59500,,'',0
'20240302',131809,62000,,'',0,39500,,'',0,42500,,'',0,37000,,'',0,33000,,'',0
'20240303',131809,62000,,'',0,39500,,'',0,42500,,'',0,37000,,'',0,33000,,'',0
'20240304',131809,62000,,'',0,33500,,'',0,58000,,'',0,2000,,'',0,59500,,'',0
'20240305',131809,62000,,'',0,33500,,'',0,58000,,'',0,2000,,'',0,59500,,'',0
'20240306',131809,62000,,'',0,33500,,'',0,58000,,'',0,2000,,'',0,59500,,'',0
'20240307',131809,62000,,'',0,33500,,'',0,58000,,'',0,2000,,'',0,59500,,'',0
'20240308',131809,62000,,'',0,33500,,'',0,58000,,'',0,2000,,'',0,59500,,'',0
'20240309',131809,62000,,'',0,39500,,'',0,42500,,'',0,37000,,'',0,33000,,'',0
'20240310',131809,62000,,'',0,39500,,'',0,42500,,'',0,37000,,'',0,33000,,'',0
'20240311',131809,62000,,'',0,33500,,'',0,58000,,'',0,2000,,'',0,59500,,'',0
'20240312',131809,62000,,'',0,33500,,'',0,58000,,'',0,2000,,'',0,59500,,'',0
'20240313',131809,62000,,'',0,33500,,'',0,58000,,'',0,2000,,'',0,59500,,'',0
'20240314',131809,62000,,'',0,33500,,'',0,58000,,'',0,2000,,'',0,59500,,'',0
'20240315',131809,62000,,'',0,33500,,'',0,58000,,'',0,2000,,'',0,59500,,'',0
'20240316',131809,62000,,'',0,39500,,'',0,42500,,'',0,37000,,'',0,33000,,'',0
'20240317',131809,62000,,'',0,39500,,'',0,42500,,'',0,37000,,'',0,33000,,'',0
'20240318',131809,62000,,'',0,33500,,'',0,58000,,'',0,2000,,'',0,59500,,'',0
'20240319',131809,62000,,'',0,33500,,'',0,58000,,'',0,2000,,'',0,59500,,'',0
'20240320',131809,62000,,'',0,33500,,'',0,58000,,'',0,2000,,'',0,59500,,'',0
'20240321',131809,62000,,'',0,33500,,'',0,58000,,'',0,2000,,'',0,59500,,'',0
'20240322',131809,62000,,'',0,33500,,'',0,58000,,'',0,2000,,'',0,59500,,'',0
'20240323',131809,62000,,'',0,39500,,'',0,42500,,'',0,37000,,'',0,33000,,'',0
'20231121',151309,73000,4,'',0,20000,4,'',0,2000,4,'',0,35000,4,'',0,24500,4,'',0,37500,4,'',0
'20231122',151309,73000,4,'',0,20000,4,'',0,2000,4,'',0,35000,4,'',0,24500,4,'',0,37500,4,'',0
'20231123',151309,73000,4,'',0,20000,4,'',0,2000,4,'',0,35000,4,'',0,24500,4,'',0,37500,4,'',0
'20231124',151309,73000,4,'',0,20000,4,'',0,2000,4,'',0,35000,4,'',0,24500,4,'',0,37500,4,'',0
'20231125',151309,73000,4,'',0,20000,4,'',0,2000,4,'',0,35000,4,'',0,24500,4,'',0,37500,4,'',0
'20231126',151309,73000,4,'',0,20000,4,'',0,2000,4,'',0,35000,4,'',0,62000,4,'',0
'20231127',151309,73000,4,'',0,20000,4,'',0,2000,4,'',0,35000,4,'',0,24500,4,'',0,37500,4,'',0
'20231128',151309,73000,4,'',0,20000,4,'',0,2000,4,'',0,35000,4,'',0,24500,4,'',0,37500,4,'',0
'20231129',151309,73000,4,'',0,20000,4,'',0,2000,4,'',0,35000,4,'',0,24500,4,'',0,37500,4,'',0
'20231130',151309,73000,4,'',0,20000,4,'',0,2000,4,'',0,35000,4,'',0,24500,4,'',0,37500,4,'',0
'20231201',151309,73000,4,'',0,20000,4,'',0,2000,4,'',0,35000,4,'',0,24500,4,'',0,37500,4,'',0
'20231202',151309,73000,4,'',0,20000,4,'',0,2000,4,'',0,35000,4,'',0,24500,4,'',0,37500,4,'',0
'20231203',151309,73000,4,'',0,20000,4,'',0,2000,4,'',0,35000,4,'',0,62000,4,'',0
'20231204',151309,73000,4,'',0,20000,4,'',0,2000,4,'',0,35000,4,'',0,24500,4,'',0,37500,4,'',0
'20231205',151309,73000,4,'',0,20000,4,'',0,2000,4,'',0,35000,4,'',0,24500,4,'',0,37500,4,'',0
'20231206',151309,73000,4,'',0,20000,4,'',0,2000,4,'',0,35000,4,'',0,24500,4,'',0,37500,4,'',0
'20231207',151309,73000,4,'',0,20000,4,'',0,2000,4,'',0,35000,4,'',0,24500,4,'',0,37500,4,'',0
'20231208',151309,73000,4,'',0,20000,4,'',0,2000,4,'',0,35000,4,'',0,24500,4,'',0,37500,4,'',0
'20231209',151309,73000,4,'',0,20000,4,'',0,2000,4,'',0,35000,4,'',0,24500,4,'',0,37500,4,'',0
'20231210',151309,73000,4,'',0,20000,4,'',0,2000,4,'',0,35000,4,'',0,62000,4,'',0
'20231211',151309,73000,4,'',0,20000,4,'',0,2000,4,'',0,35000,4,'',0,24500,4,'',0,37500,4,'',0
'20231212',151309,73000,4,'',0,20000,4,'',0,2000,4,'',0,35000,4,'',0,24500,4,'',0,37500,4,'',0
'20231213',151309,73000,4,'',0,20000,4,'',0,2000,4,'',0,35000,4,'',0,24500,4,'',0,37500,4,'',0
'20231214',151309,73000,4,'',0,20000,4,'',0,2000,4,'',0,35000,4,'',0,24500,4,'',0,37500,4,'',0
'20231215',151309,73000,4,'',0,20000,4,'',0,2000,4,'',0,35000,4,'',0,24500,4,'',0,37500,4,'',0
'20231216',151309,73000,4,'',0,20000,4,'',0,2000,4,'',0,35000,4,'',0,24500,4,'',0,37500,4,'',0
'20231217',151309,73000,4,'',0,20000,4,'',0,2000,4,'',0,35000,4,'',0,62000,4,'',0
'20231218',151309,73000,4,'',0,20000,4,'',0,2000,4,'',0,35000,4,'',0,24500,4,'',0,37500,4,'',0
'20231219',151309,73000,4,'',0,20000,4,'',0,2000,4,'',0,35000,4,'',0,24500,4,'',0,37500,4,'',0
'20231220',151309,73000,4,'',0,20000,4,'',0,2000,4,'',0,35000,4,'',0,24500,4,'',0,37500,4,'',0
'20231221',151309,73000,4,'',0,20000,4,'',0,2000,4,'',0,35000,4,'',0,24500,4,'',0,37500,4,'',0
'20231222',151309,73000,4,'',0,20000,4,'',0,2000,4,'',0,35000,4,'',0,24500,4,'',0,37500,4,'',0
'20231223',151309,73000,4,'',0,20000,4,'',0,2000,4,'',0,35000,4,'',0,24500,4,'',0,37500,4,'',0
'20231224',151309,73000,4,'',0,20000,4,'',0,2000,4,'',0,35000,4,'',0,62000,4,'',0
'20231225',151309,73000,4,'',0,20000,4,'',0,2000,4,'',0,35000,4,'',0,62000,4,'',0
'20231226',151309,73000,4,'',0,20000,4,'',0,2000,4,'',0,35000,4,'',0,24500,4,'',0,37500,4,'',0
'20231227',151309,73000,4,'',0,20000,4,'',0,2000,4,'',0,35000,4,'',0,24500,4,'',0,37500,4,'',0
'20231228',151309,73000,4,'',0,20000,4,'',0,2000,4,'',0,35000,4,'',0,24500,4,'',0,37500,4,'',0
'20231229',151309,73000,4,'',0,20000,4,'',0,2000,4,'',0,35000,4,'',0,24500,4,'',0,37500,4,'',0
'20231230',151309,73000,4,'',0,20000,4,'',0,2000,4,'',0,35000,4,'',0,24500,4,'',0,37500,4,'',0
'20231231',151309,80000,4,'',0,11500,4,'',0,33000,4,'',0,37500,4,'',0,28000,4,'',0,4500,4,'',0,37000,4,'',0
'20240101',151309,74500,4,'',0,20500,4,'',0,35000,4,'',0,23000,4,'',0,31500,4,'',0,20500,4,'',0
'20240102',151309,74500,4,'',0,20500,4,'',0,35000,4,'',0,23000,4,'',0,31500,4,'',0,20500,4,'',0
'20240103',151309,74500,4,'',0,20500,4,'',0,35000,4,'',0,23000,4,'',0,31500,4,'',0,20500,4,'',0
'20240104',151309,74500,4,'',0,20500,4,'',0,35000,4,'',0,23000,4,'',0,31500,4,'',0,20500,4,'',0
'20240105',151309,74500,4,'',0,20500,4,'',0,35000,4,'',0,23000,4,'',0,31500,4,'',0,20500,4,'',0
'20240106',151309,80000,4,'',0,11500,4,'',0,33000,4,'',0,37500,4,'',0,28000,4,'',0,4500,4,'',0,37000,4,'',0
'20240107',151309,80000,4,'',0,11500,4,'',0,33000,4,'',0,37500,4,'',0,28000,4,'',0,4500,4,'',0,37000,4,'',0
'20240108',151309,74500,4,'',0,20500,4,'',0,35000,4,'',0,23000,4,'',0,31500,4,'',0,20500,4,'',0
'20240109',151309,74500,4,'',0,20500,4,'',0,35000,4,'',0,23000,4,'',0,31500,4,'',0,20500,4,'',0
'20240110',151309,74500,4,'',0,20500,4,'',0,35000,4,'',0,23000,4,'',0,31500,4,'',0,20500,4,'',0
'20240111',151309,74500,4,'',0,20500,4,'',0,35000,4,'',0,23000,4,'',0,31500,4,'',0,20500,4,'',0
'20240112',151309,74500,4,'',0,20500,4,'',0,35000,4,'',0,23000,4,'',0,31500,4,'',0,20500,4,'',0
'20240113',151309,80000,4,'',0,11500,4,'',0,33000,4,'',0,37500,4,'',0,28000,4,'',0,4500,4,'',0,37000,4,'',0
'20240114',151309,80000,4,'',0,11500,4,'',0,33000,4,'',0,37500,4,'',0,28000,4,'',0,4500,4,'',0,37000,4,'',0
'20240115',151309,74500,4,'',0,20500,4,'',0,35000,4,'',0,23000,4,'',0,31500,4,'',0,20500,4,'',0
'20240116',151309,74500,4,'',0,20500,4,'',0,35000,4,'',0,23000,4,'',0,31500,4,'',0,20500,4,'',0
'20240117',151309,74500,4,'',0,20500,4,'',0,35000,4,'',0,23000,4,'',0,31500,4,'',0,20500,4,'',0
'20240118',151309,74500,4,'',0,20500,4,'',0,35000,4,'',0,23000,4,'',0,31500,4,'',0,20500,4,'',0
'20240119',151309,74500,4,'',0,20500,4,'',0,35000,4,'',0,23000,4,'',0,31500,4,'',0,20500,4,'',0
'20240120',151309,80000,4,'',0,11500,4,'',0,33000,4,'',0,37500,4,'',0,28000,4,'',0,4500,4,'',0,37000,4,'',0
'20240121',151309,80000,4,'',0,11500,4,'',0,33000,4,'',0,37500,4,'',0,28000,4,'',0,4500,4,'',0,37000,4,'',0
'20240122',151309,74500,4,'',0,20500,4,'',0,35000,4,'',0,23000,4,'',0,31500,4,'',0,20500,4,'',0
'20240123',151309,74500,4,'',0,20500,4,'',0,35000,4,'',0,23000,4,'',0,31500,4,'',0,20500,4,'',0
'20240124',151309,74500,4,'',0,20500,4,'',0,35000,4,'',0,23000,4,'',0,31500,4,'',0,20500,4,'',0
'20240125',151309,74500,4,'',0,20500,4,'',0,35000,4,'',0,23000,4,'',0,31500,4,'',0,20500,4,'',0
'20240126',151309,74500,4,'',0,20500,4,'',0,35000,4,'',0,23000,4,'',0,31500,4,'',0,20500,4,'',0
'20240127',151309,80000,4,'',0,11500,4,'',0,33000,4,'',0,37500,4,'',0,28000,4,'',0,4500,4,'',0,37000,4,'',0
'20240128',151309,80000,4,'',0,11500,4,'',0,33000,4,'',0,37500,4,'',0,28000,4,'',0,4500,4,'',0,37000,4,'',0
'20240129',151309,74500,4,'',0,20500,4,'',0,35000,4,'',0,23000,4,'',0,31500,4,'',0,20500,4,'',0
'20240130',151309,74500,4,'',0,20500,4,'',0,35000,4,'',0,23000,4,'',0,31500,4,'',0,20500,4,'',0
'20240131',151309,74500,4,'',0,20500,4,'',0,35000,4,'',0,23000,4,'',0,31500,4,'',0,20500,4,'',0
'20240201',151309,74500,4,'',0,20500,4,'',0,35000,4,'',0,23000,4,'',0,31500,4,'',0,20500,4,'',0
'20240202',151309,74500,4,'',0,20500,4,'',0,35000,4,'',0,23000,4,'',0,31500,4,'',0,20500,4,'',0
'20240203',151309,80000,4,'',0,11500,4,'',0,33000,4,'',0,37500,4,'',0,28000,4,'',0,4500,4,'',0,37000,4,'',0
'20240204',151309,80000,4,'',0,11500,4,'',0,33000,4,'',0,37500,4,'',0,28000,4,'',0,4500,4,'',0,37000,4,'',0
'20240205',151309,74500,4,'',0,20500,4,'',0,35000,4,'',0,23000,4,'',0,31500,4,'',0,20500,4,'',0
'20240206',151309,74500,4,'',0,20500,4,'',0,35000,4,'',0,23000,4,'',0,31500,4,'',0,20500,4,'',0
'20240207',151309,74500,4,'',0,20500,4,'',0,35000,4,'',0,23000,4,'',0,31500,4,'',0,20500,4,'',0
'20240208',151309,74500,4,'',0,20500,4,'',0,35000,4,'',0,23000,4,'',0,31500,4,'',0,20500,4,'',0
'20240209',151309,74500,4,'',0,20500,4,'',0,35000,4,'',0,23000,4,'',0,31500,4,'',0,20500,4,'',0
'20240210',151309,80000,4,'',0,11500,4,'',0,33000,4,'',0,37500,4,'',0,28000,4,'',0,4500,4,'',0,37000,4,'',0
'20240211',151309,80000,4,'',0,11500,4,'',0,33000,4,'',0,37500,4,'',0,28000,4,'',0,4500,4,'',0,37000,4,'',0
'20240212',151309,74500,4,'',0,20500,4,'',0,35000,4,'',0,23000,4,'',0,31500,4,'',0,20500,4,'',0
'20240213',151309,74500,4,'',0,20500,4,'',0,35000,4,'',0,23000,4,'',0,31500,4,'',0,20500,4,'',0
'20240214',151309,74500,4,'',0,20500,4,'',0,35000,4,'',0,23000,4,'',0,31500,4,'',0,20500,4,'',0
'20240215',151309,74500,4,'',0,20500,4,'',0,35000,4,'',0,23000,4,'',0,31500,4,'',0,20500,4,'',0
'20240216',151309,74500,4,'',0,20500,4,'',0,35000,4,'',0,23000,4,'',0,31500,4,'',0,20500,4,'',0
'20240217',151309,80000,4,'',0,11500,4,'',0,33000,4,'',0,37500,4,'',0,28000,4,'',0,4500,4,'',0,37000,4,'',0
'20240218',151309,80000,4,'',0,11500,4,'',0,33000,4,'',0,37500,4,'',0,28000,4,'',0,4500,4,'',0,37000,4,'',0
'20240219',151309,74500,4,'',0,20500,4,'',0,35000,4,'',0,23000,4,'',0,31500,4,'',0,20500,4,'',0
'20240220',151309,74500,4,'',0,20500,4,'',0,35000,4,'',0,23000,4,'',0,31500,4,'',0,20500,4,'',0
'20240221',151309,74500,4,'',0,20500,4,'',0,35000,4,'',0,23000,4,'',0,31500,4,'',0,20500,4,'',0
'20240222',151309,74500,4,'',0,20500,4,'',0,35000,4,'',0,23000,4,'',0,31500,4,'',0,20500,4,'',0
'20240223',151309,74500,4,'',0,20500,4,'',0,35000,4,'',0,23000,4,'',0,31500,4,'',0,20500,4,'',0
'20240224',151309,80000,4,'',0,11500,4,'',0,33000,4,'',0,37500,4,'',0,28000,4,'',0,4500,4,'',0,37000,4,'',0
'20240225',151309,80000,4,'',0,11500,4,'',0,33000,4,'',0,37500,4,'',0,28000,4,'',0,4500,4,'',0,37000,4,'',0
'20240226',151309,74500,4,'',0,20500,4,'',0,35000,4,'',0,23000,4,'',0,31500,4,'',0,20500,4,'',0
'20240227',151309,74500,4,'',0,20500,4,'',0,35000,4,'',0,23000,4,'',0,31500,4,'',0,20500,4,'',0
'20240228',151309,74500,4,'',0,20500,4,'',0,35000,4,'',0,23000,4,'',0,31500,4,'',0,20500,4,'',0
'20240229',151309,74500,4,'',0,20500,4,'',0,35000,4,'',0,23000,4,'',0,31500,4,'',0,20500,4,'',0
'20240301',151309,74500,4,'',0,20500,4,'',0,35000,4,'',0,23000,4,'',0,31500,4,'',0,20500,4,'',0
'20240302',151309,80000,4,'',0,11500,4,'',0,33000,4,'',0,37500,4,'',0,28000,4,'',0,4500,4,'',0,37000,4,'',0
'20240303',151309,80000,4,'',0,11500,4,'',0,33000,4,'',0,37500,4,'',0,28000,4,'',0,4500,4,'',0,37000,4,'',0
'20240304',151309,74500,4,'',0,20500,4,'',0,35000,4,'',0,23000,4,'',0,31500,4,'',0,20500,4,'',0
'20240305',151309,74500,4,'',0,20500,4,'',0,35000,4,'',0,23000,4,'',0,31500,4,'',0,20500,4,'',0
'20240306',151309,74500,4,'',0,20500,4,'',0,35000,4,'',0,23000,4,'',0,31500,4,'',0,20500,4,'',0
'20240307',151309,74500,4,'',0,20500,4,'',0,35000,4,'',0,23000,4,'',0,31500,4,'',0,20500,4,'',0
'20240308',151309,74500,4,'',0,20500,4,'',0,35000,4,'',0,23000,4,'',0,31500,4,'',0,20500,4,'',0
'20240309',151309,80000,4,'',0,11500,4,'',0,33000,4,'',0,37500,4,'',0,28000,4,'',0,4500,4,'',0,37000,4,'',0
'20240310',151309,80000,4,'',0,11500,4,'',0,33000,4,'',0,37500,4,'',0,28000,4,'',0,4500,4,'',0,37000,4,'',0
'20240311',151309,74500,4,'',0,20500,4,'',0,35000,4,'',0,23000,4,'',0,31500,4,'',0,20500,4,'',0
'20240312',151309,74500,4,'',0,20500,4,'',0,35000,4,'',0,23000,4,'',0,31500,4,'',0,20500,4,'',0
'20240313',151309,74500,4,'',0,20500,4,'',0,35000,4,'',0,23000,4,'',0,31500,4,'',0,20500,4,'',0
'20240314',151309,74500,4,'',0,20500,4,'',0,35000,4,'',0,23000,4,'',0,31500,4,'',0,20500,4,'',0
'20240315',151309,74500,4,'',0,20500,4,'',0,35000,4,'',0,23000,4,'',0,31500,4,'',0,20500,4,'',0
'20240316',151309,80000,4,'',0,11500,4,'',0,33000,4,'',0,37500,4,'',0,28000,4,'',0,4500,4,'',0,37000,4,'',0
'20240317',151309,80000,4,'',0,11500,4,'',0,33000,4,'',0,37500,4,'',0,28000,4,'',0,4500,4,'',0,37000,4,'',0
'20240318',151309,74500,4,'',0,20500,4,'',0,35000,4,'',0,23000,4,'',0,31500,4,'',0,20500,4,'',0
'20240319',151309,74500,4,'',0,20500,4,'',0,35000,4,'',0,23000,4,'',0,31500,4,'',0,20500,4,'',0
'20240320',151309,74500,4,'',0,20500,4,'',0,35000,4,'',0,23000,4,'',0,31500,4,'',0,20500,4,'',0
'20240321',151309,74500,4,'',0,20500,4,'',0,35000,4,'',0,23000,4,'',0,31500,4,'',0,20500,4,'',0
'20240322',151309,74500,4,'',0,20500,4,'',0,35000,4,'',0,23000,4,'',0,31500,4,'',0,20500,4,'',0
'20240323',151309,80000,4,'',0,11500,4,'',0,33000,4,'',0,37500,4,'',0,28000,4,'',0,4500,4,'',0,37000,4,'',0
'20231121',181309,73000,4,'',0,20000,4,'',0,2000,4,'',0,35000,4,'',0,24500,4,'',0,37500,4,'',0
'20231122',181309,73000,4,'',0,20000,4,'',0,2000,4,'',0,35000,4,'',0,24500,4,'',0,37500,4,'',0
'20231123',181309,73000,4,'',0,20000,4,'',0,2000,4,'',0,35000,4,'',0,24500,4,'',0,37500,4,'',0
'20231124',181309,73000,4,'',0,20000,4,'',0,2000,4,'',0,35000,4,'',0,24500,4,'',0,37500,4,'',0
'20231125',181309,73000,4,'',0,20000,4,'',0,2000,4,'',0,35000,4,'',0,24500,4,'',0,37500,4,'',0
'20231126',181309,73000,4,'',0,20000,4,'',0,2000,4,'',0,35000,4,'',0,62000,4,'',0
'20231127',181309,73000,4,'',0,20000,4,'',0,2000,4,'',0,35000,4,'',0,24500,4,'',0,37500,4,'',0
'20231128',181309,73000,4,'',0,20000,4,'',0,2000,4,'',0,35000,4,'',0,24500,4,'',0,37500,4,'',0
'20231129',181309,73000,4,'',0,20000,4,'',0,2000,4,'',0,35000,4,'',0,24500,4,'',0,37500,4,'',0
'20231130',181309,73000,4,'',0,20000,4,'',0,2000,4,'',0,35000,4,'',0,24500,4,'',0,37500,4,'',0
'20231201',181309,73000,4,'',0,20000,4,'',0,2000,4,'',0,35000,4,'',0,24500,4,'',0,37500,4,'',0
'20231202',181309,73000,4,'',0,20000,4,'',0,2000,4,'',0,35000,4,'',0,24500,4,'',0,37500,4,'',0
'20231203',181309,73000,4,'',0,20000,4,'',0,2000,4,'',0,35000,4,'',0,62000,4,'',0
'20231204',181309,73000,4,'',0,20000,4,'',0,2000,4,'',0,35000,4,'',0,24500,4,'',0,37500,4,'',0
'20231205',181309,73000,4,'',0,20000,4,'',0,2000,4,'',0,35000,4,'',0,24500,4,'',0,37500,4,'',0
'20231206',181309,73000,4,'',0,20000,4,'',0,2000,4,'',0,35000,4,'',0,24500,4,'',0,37500,4,'',0
'20231207',181309,73000,4,'',0,20000,4,'',0,2000,4,'',0,35000,4,'',0,24500,4,'',0,37500,4,'',0
'20231208',181309,73000,4,'',0,20000,4,'',0,2000,4,'',0,35000,4,'',0,24500,4,'',0,37500,4,'',0
'20231209',181309,73000,4,'',0,20000,4,'',0,2000,4,'',0,35000,4,'',0,24500,4,'',0,37500,4,'',0
'20231210',181309,73000,4,'',0,20000,4,'',0,2000,4,'',0,35000,4,'',0,62000,4,'',0
'20231211',181309,73000,4,'',0,20000,4,'',0,2000,4,'',0,35000,4,'',0,24500,4,'',0,37500,4,'',0
'20231212',181309,73000,4,'',0,20000,4,'',0,2000,4,'',0,35000,4,'',0,24500,4,'',0,37500,4,'',0
'20231213',181309,73000,4,'',0,20000,4,'',0,2000,4,'',0,35000,4,'',0,24500,4,'',0,37500,4,'',0
'20231214',181309,73000,4,'',0,20000,4,'',0,2000,4,'',0,35000,4,'',0,24500,4,'',0,37500,4,'',0
'20231215',181309,73000,4,'',0,20000,4,'',0,2000,4,'',0,35000,4,'',0,24500,4,'',0,37500,4,'',0
'20231216',181309,73000,4,'',0,20000,4,'',0,2000,4,'',0,35000,4,'',0,24500,4,'',0,37500,4,'',0
'20231217',181309,73000,4,'',0,20000,4,'',0,2000,4,'',0,35000,4,'',0,62000,4,'',0
'20231218',181309,73000,4,'',0,20000,4,'',0,2000,4,'',0,35000,4,'',0,24500,4,'',0,37500,4,'',0
'20231219',181309,73000,4,'',0,20000,4,'',0,2000,4,'',0,35000,4,'',0,24500,4,'',0,37500,4,'',0
'20231220',181309,73000,4,'',0,20000,4,'',0,2000,4,'',0,35000,4,'',0,24500,4,'',0,37500,4,'',0
'20231221',181309,73000,4,'',0,20000,4,'',0,2000,4,'',0,35000,4,'',0,24500,4,'',0,37500,4,'',0
'20231222',181309,73000,4,'',0,20000,4,'',0,2000,4,'',0,35000,4,'',0,24500,4,'',0,37500,4,'',0
'20231223',181309,73000,4,'',0,20000,4,'',0,2000,4,'',0,35000,4,'',0,24500,4,'',0,37500,4,'',0
'20231224',181309,73000,4,'',0,20000,4,'',0,2000,4,'',0,35000,4,'',0,62000,4,'',0
'20231225',181309,73000,4,'',0,20000,4,'',0,2000,4,'',0,35000,4,'',0,62000,4,'',0
'20231226',181309,73000,4,'',0,20000,4,'',0,2000,4,'',0,35000,4,'',0,24500,4,'',0,37500,4,'',0
'20231227',181309,73000,4,'',0,20000,4,'',0,2000,4,'',0,35000,4,'',0,24500,4,'',0,37500,4,'',0
'20231228',181309,73000,4,'',0,20000,4,'',0,2000,4,'',0,35000,4,'',0,24500,4,'',0,37500,4,'',0
'20231229',181309,73000,4,'',0,20000,4,'',0,2000,4,'',0,35000,4,'',0,24500,4,'',0,37500,4,'',0
'20231230',181309,73000,4,'',0,20000,4,'',0,2000,4,'',0,35000,4,'',0,24500,4,'',0,37500,4,'',0
'20231231',181309,80000,4,'',0,44500,4,'',0,37500,4,'',0,28000,4,'',0,41500,4,'',0
'20240101',181309,74500,4,'',0,20500,4,'',0,35000,4,'',0,23000,4,'',0,31500,4,'',0,20500,4,'',0
'20240102',181309,74500,4,'',0,20500,4,'',0,35000,4,'',0,23000,4,'',0,31500,4,'',0,20500,4,'',0
'20240103',181309,74500,4,'',0,20500,4,'',0,35000,4,'',0,23000,4,'',0,31500,4,'',0,20500,4,'',0
'20240104',181309,74500,4,'',0,20500,4,'',0,35000,4,'',0,23000,4,'',0,31500,4,'',0,20500,4,'',0
'20240105',181309,74500,4,'',0,20500,4,'',0,35000,4,'',0,23000,4,'',0,31500,4,'',0,20500,4,'',0
'20240106',181309,80000,4,'',0,44500,4,'',0,37500,4,'',0,28000,4,'',0,41500,4,'',0
'20240107',181309,80000,4,'',0,44500,4,'',0,37500,4,'',0,28000,4,'',0,41500,4,'',0
'20240108',181309,74500,4,'',0,20500,4,'',0,35000,4,'',0,23000,4,'',0,31500,4,'',0,20500,4,'',0
'20240109',181309,74500,4,'',0,20500,4,'',0,35000,4,'',0,23000,4,'',0,31500,4,'',0,20500,4,'',0
'20240110',181309,74500,4,'',0,20500,4,'',0,35000,4,'',0,23000,4,'',0,31500,4,'',0,20500,4,'',0
'20240111',181309,74500,4,'',0,20500,4,'',0,35000,4,'',0,23000,4,'',0,31500,4,'',0,20500,4,'',0
'20240112',181309,74500,4,'',0,20500,4,'',0,35000,4,'',0,23000,4,'',0,31500,4,'',0,20500,4,'',0
'20240113',181309,80000,4,'',0,44500,4,'',0,37500,4,'',0,28000,4,'',0,41500,4,'',0
'20240114',181309,80000,4,'',0,44500,4,'',0,37500,4,'',0,28000,4,'',0,41500,4,'',0
'20240115',181309,74500,4,'',0,20500,4,'',0,35000,4,'',0,23000,4,'',0,31500,4,'',0,20500,4,'',0
'20240116',181309,74500,4,'',0,20500,4,'',0,35000,4,'',0,23000,4,'',0,31500,4,'',0,20500,4,'',0
'20240117',181309,74500,4,'',0,20500,4,'',0,35000,4,'',0,23000,4,'',0,31500,4,'',0,20500,4,'',0
'20240118',181309,74500,4,'',0,20500,4,'',0,35000,4,'',0,23000,4,'',0,31500,4,'',0,20500,4,'',0
'20240119',181309,74500,4,'',0,20500,4,'',0,35000,4,'',0,23000,4,'',0,31500,4,'',0,20500,4,'',0
'20240120',181309,80000,4,'',0,44500,4,'',0,37500,4,'',0,28000,4,'',0,41500,4,'',0
'20240121',181309,80000,4,'',0,44500,4,'',0,37500,4,'',0,28000,4,'',0,41500,4,'',0
'20240122',181309,74500,4,'',0,20500,4,'',0,35000,4,'',0,23000,4,'',0,31500,4,'',0,20500,4,'',0
'20240123',181309,74500,4,'',0,20500,4,'',0,35000,4,'',0,23000,4,'',0,31500,4,'',0,20500,4,'',0
'20240124',181309,74500,4,'',0,20500,4,'',0,35000,4,'',0,23000,4,'',0,31500,4,'',0,20500,4,'',0
'20240125',181309,74500,4,'',0,20500,4,'',0,35000,4,'',0,23000,4,'',0,31500,4,'',0,20500,4,'',0
'20240126',181309,74500,4,'',0,20500,4,'',0,35000,4,'',0,23000,4,'',0,31500,4,'',0,20500,4,'',0
'20240127',181309,80000,4,'',0,44500,4,'',0,37500,4,'',0,28000,4,'',0,41500,4,'',0
'20240128',181309,80000,4,'',0,44500,4,'',0,37500,4,'',0,28000,4,'',0,41500,4,'',0
'20240129',181309,74500,4,'',0,20500,4,'',0,35000,4,'',0,23000,4,'',0,31500,4,'',0,20500,4,'',0
'20240130',181309,74500,4,'',0,20500,4,'',0,35000,4,'',0,23000,4,'',0,31500,4,'',0,20500,4,'',0
'20240131',181309,74500,4,'',0,20500,4,'',0,35000,4,'',0,23000,4,'',0,31500,4,'',0,20500,4,'',0
'20240201',181309,74500,4,'',0,20500,4,'',0,35000,4,'',0,23000,4,'',0,31500,4,'',0,20500,4,'',0
'20240202',181309,74500,4,'',0,20500,4,'',0,35000,4,'',0,23000,4,'',0,31500,4,'',0,20500,4,'',0
'20240203',181309,80000,4,'',0,44500,4,'',0,37500,4,'',0,28000,4,'',0,41500,4,'',0
'20240204',181309,80000,4,'',0,44500,4,'',0,37500,4,'',0,28000,4,'',0,41500,4,'',0
'20240205',181309,74500,4,'',0,20500,4,'',0,35000,4,'',0,23000,4,'',0,31500,4,'',0,20500,4,'',0
'20240206',181309,74500,4,'',0,20500,4,'',0,35000,4,'',0,23000,4,'',0,31500,4,'',0,20500,4,'',0
'20240207',181309,74500,4,'',0,20500,4,'',0,35000,4,'',0,23000,4,'',0,31500,4,'',0,20500,4,'',0
'20240208',181309,74500,4,'',0,20500,4,'',0,35000,4,'',0,23000,4,'',0,31500,4,'',0,20500,4,'',0
'20240209',181309,74500,4,'',0,20500,4,'',0,35000,4,'',0,23000,4,'',0,31500,4,'',0,20500,4,'',0
'20240210',181309,80000,4,'',0,44500,4,'',0,37500,4,'',0,28000,4,'',0,41500,4,'',0
'20240211',181309,80000,4,'',0,44500,4,'',0,37500,4,'',0,28000,4,'',0,41500,4,'',0
'20240212',181309,74500,4,'',0,20500,4,'',0,35000,4,'',0,23000,4,'',0,31500,4,'',0,20500,4,'',0
'20240213',181309,74500,4,'',0,20500,4,'',0,35000,4,'',0,23000,4,'',0,31500,4,'',0,20500,4,'',0
'20240214',181309,74500,4,'',0,20500,4,'',0,35000,4,'',0,23000,4,'',0,31500,4,'',0,20500,4,'',0
'20240215',181309,74500,4,'',0,20500,4,'',0,35000,4,'',0,23000,4,'',0,31500,4,'',0,20500,4,'',0
'20240216',181309,74500,4,'',0,20500,4,'',0,35000,4,'',0,23000,4,'',0,31500,4,'',0,20500,4,'',0
'20240217',181309,80000,4,'',0,44500,4,'',0,37500,4,'',0,28000,4,'',0,41500,4,'',0
'20240218',181309,80000,4,'',0,44500,4,'',0,37500,4,'',0,28000,4,'',0,41500,4,'',0
'20240219',181309,74500,4,'',0,20500,4,'',0,35000,4,'',0,23000,4,'',0,31500,4,'',0,20500,4,'',0
'20240220',181309,74500,4,'',0,20500,4,'',0,35000,4,'',0,23000,4,'',0,31500,4,'',0,20500,4,'',0
'20240221',181309,74500,4,'',0,20500,4,'',0,35000,4,'',0,23000,4,'',0,31500,4,'',0,20500,4,'',0
'20240222',181309,74500,4,'',0,20500,4,'',0,35000,4,'',0,23000,4,'',0,31500,4,'',0,20500,4,'',0
'20240223',181309,74500,4,'',0,20500,4,'',0,35000,4,'',0,23000,4,'',0,31500,4,'',0,20500,4,'',0
'20240224',181309,80000,4,'',0,44500,4,'',0,37500,4,'',0,28000,4,'',0,41500,4,'',0
'20240225',181309,80000,4,'',0,44500,4,'',0,37500,4,'',0,28000,4,'',0,41500,4,'',0
'20240226',181309,74500,4,'',0,20500,4,'',0,35000,4,'',0,23000,4,'',0,31500,4,'',0,20500,4,'',0
'20240227',181309,74500,4,'',0,20500,4,'',0,35000,4,'',0,23000,4,'',0,31500,4,'',0,20500,4,'',0
'20240228',181309,74500,4,'',0,20500,4,'',0,35000,4,'',0,23000,4,'',0,31500,4,'',0,20500,4,'',0
'20240229',181309,74500,4,'',0,20500,4,'',0,35000,4,'',0,23000,4,'',0,31500,4,'',0,20500,4,'',0
'20240301',181309,74500,4,'',0,20500,4,'',0,35000,4,'',0,23000,4,'',0,31500,4,'',0,20500,4,'',0
'20240302',181309,80000,4,'',0,44500,4,'',0,37500,4,'',0,28000,4,'',0,41500,4,'',0
'20240303',181309,80000,4,'',0,44500,4,'',0,37500,4,'',0,28000,4,'',0,41500,4,'',0
'20240304',181309,74500,4,'',0,20500,4,'',0,35000,4,'',0,23000,4,'',0,31500,4,'',0,20500,4,'',0
'20240305',181309,74500,4,'',0,20500,4,'',0,35000,4,'',0,23000,4,'',0,31500,4,'',0,20500,4,'',0
'20240306',181309,74500,4,'',0,20500,4,'',0,35000,4,'',0,23000,4,'',0,31500,4,'',0,20500,4,'',0
'20240307',181309,74500,4,'',0,20500,4,'',0,35000,4,'',0,23000,4,'',0,31500,4,'',0,20500,4,'',0
'20240308',181309,74500,4,'',0,20500,4,'',0,35000,4,'',0,23000,4,'',0,31500,4,'',0,20500,4,'',0
'20240309',181309,80000,4,'',0,44500,4,'',0,37500,4,'',0,28000,4,'',0,41500,4,'',0
'20240310',181309,80000,4,'',0,44500,4,'',0,37500,4,'',0,28000,4,'',0,41500,4,'',0
'20240311',181309,74500,4,'',0,20500,4,'',0,35000,4,'',0,23000,4,'',0,31500,4,'',0,20500,4,'',0
'20240312',181309,74500,4,'',0,20500,4,'',0,35000,4,'',0,23000,4,'',0,31500,4,'',0,20500,4,'',0
'20240313',181309,74500,4,'',0,20500,4,'',0,35000,4,'',0,23000,4,'',0,31500,4,'',0,20500,4,'',0
'20240314',181309,74500,4,'',0,20500,4,'',0,35000,4,'',0,23000,4,'',0,31500,4,'',0,20500,4,'',0
'20240315',181309,74500,4,'',0,20500,4,'',0,35000,4,'',0,23000,4,'',0,31500,4,'',0,20500,4,'',0
'20240316',181309,80000,4,'',0,44500,4,'',0,37500,4,'',0,28000,4,'',0,41500,4,'',0
'20240317',181309,80000,4,'',0,44500,4,'',0,37500,4,'',0,28000,4,'',0,41500,4,'',0
'20240318',181309,74500,4,'',0,20500,4,'',0,35000,4,'',0,23000,4,'',0,31500,4,'',0,20500,4,'',0
'20240319',181309,74500,4,'',0,20500,4,'',0,35000,4,'',0,23000,4,'',0,31500,4,'',0,20500,4,'',0
'20240320',181309,74500,4,'',0,20500,4,'',0,35000,4,'',0,23000,4,'',0,31500,4,'',0,20500,4,'',0
'20240321',181309,74500,4,'',0,20500,4,'',0,35000,4,'',0,23000,4,'',0,31500,4,'',0,20500,4,'',0
'20240322',181309,74500,4,'',0,20500,4,'',0,35000,4,'',0,23000,4,'',0,31500,4,'',0,20500,4,'',0
'20240323',181309,80000,4,'',0,44500,4,'',0,37500,4,'',0,28000,4,'',0,41500,4,'',0
