'20230919',20909,41000,,'',0,9000,,'',0,5000,,'',0,9000,,'',0,18500,,'',0,13000,,'',0,26000,,'',0,8500,,'',0,12000,,'',0,8000,,'',0,5500,,'',0,7000,,'',0,9500,,'',0,8000,,'',0,10000,,'',0,2000,,'',0,11500,,'',0,28500,,'',0,11500,,'',0
'20230920',20909,41000,,'',0,9000,,'',0,5000,,'',0,9000,,'',0,18500,,'',0,13000,,'',0,26000,,'',0,8500,,'',0,12000,,'',0,8000,,'',0,5500,,'',0,7000,,'',0,9500,,'',0,8000,,'',0,10000,,'',0,2000,,'',0,11500,,'',0,28500,,'',0,11500,,'',0
'20230921',20909,41000,,'',0,9000,,'',0,5000,,'',0,9000,,'',0,18500,,'',0,13000,,'',0,26000,,'',0,8500,,'',0,12000,,'',0,8000,,'',0,5500,,'',0,7000,,'',0,9500,,'',0,8000,,'',0,10000,,'',0,2000,,'',0,11500,,'',0,28500,,'',0,11500,,'',0
'20230922',20909,41000,,'',0,9000,,'',0,5000,,'',0,9000,,'',0,18500,,'',0,13000,,'',0,26000,,'',0,8500,,'',0,12000,,'',0,8000,,'',0,5500,,'',0,7000,,'',0,9500,,'',0,8000,,'',0,10000,,'',0,2000,,'',0,11500,,'',0,28500,,'',0,11500,,'',0
'20230923',20909,42000,,'',0,13500,,'',0,10000,,'',0,6500,,'',0,11500,,'',0,7000,,'',0,14000,,'',0,17500,,'',0,9000,,'',0,14000,,'',0,18000,,'',0,7500,,'',0,14000,,'',0,6000,,'',0,11500,,'',0,30000,,'',0,11500,,'',0
'20230919',92009,50500,4,'',0,4000,4,'',0,8500,4,'',0,19000,4,'',0,13000,4,'',0,15500,4,'',0,10500,4,'',0,20500,4,'',0,3500,4,'',0,9500,4,'',0,8500,4,'',0,8500,4,'',0,4000,4,'',0,10000,4,'',0,6000,4,'',0,12000,4,'',0,28000,4,'',0,11500,4,'',0,11500,4,'',0
'20230920',92009,50500,4,'',0,4000,4,'',0,8500,4,'',0,19000,4,'',0,13000,4,'',0,15500,4,'',0,10500,4,'',0,20500,4,'',0,3500,4,'',0,9500,4,'',0,8500,4,'',0,8500,4,'',0,4000,4,'',0,10000,4,'',0,6000,4,'',0,12000,4,'',0,28000,4,'',0,11500,4,'',0,11500,4,'',0
'20230921',92009,50500,4,'',0,4000,4,'',0,8500,4,'',0,19000,4,'',0,13000,4,'',0,15500,4,'',0,10500,4,'',0,20500,4,'',0,3500,4,'',0,9500,4,'',0,8500,4,'',0,8500,4,'',0,4000,4,'',0,10000,4,'',0,6000,4,'',0,12000,4,'',0,28000,4,'',0,11500,4,'',0,11500,4,'',0
'20230922',92009,50500,4,'',0,4000,4,'',0,8500,4,'',0,19000,4,'',0,13000,4,'',0,15500,4,'',0,10500,4,'',0,20500,4,'',0,3500,4,'',0,9500,4,'',0,8500,4,'',0,8500,4,'',0,4000,4,'',0,10000,4,'',0,6000,4,'',0,12000,4,'',0,28000,4,'',0,11500,4,'',0,11500,4,'',0
'20230923',92009,55000,4,'',0,17500,4,'',0,10500,4,'',0,2500,4,'',0,18000,4,'',0,18000,4,'',0,4000,4,'',0,18500,4,'',0,18000,4,'',0,3500,4,'',0,18000,4,'',0,2000,4,'',0,16000,4,'',0,11500,4,'',0,18500,4,'',0,11500,4,'',0,11500,4,'',0
'20230919',202209,41000,,'',0,9000,,'',0,5000,,'',0,9000,,'',0,18500,,'',0,13000,,'',0,16000,,'',0,10000,,'',0,28500,,'',0,12500,,'',0,9500,,'',0,20000,,'',0,40000,,'',0,11500,,'',0
'20230920',202209,41000,,'',0,9000,,'',0,5000,,'',0,9000,,'',0,18500,,'',0,13000,,'',0,16000,,'',0,10000,,'',0,28500,,'',0,12500,,'',0,9500,,'',0,20000,,'',0,40000,,'',0,11500,,'',0
'20230921',202209,41000,,'',0,9000,,'',0,5000,,'',0,9000,,'',0,18500,,'',0,13000,,'',0,16000,,'',0,10000,,'',0,28500,,'',0,12500,,'',0,9500,,'',0,20000,,'',0,40000,,'',0,11500,,'',0
'20230922',202209,41000,,'',0,9000,,'',0,5000,,'',0,9000,,'',0,18500,,'',0,13000,,'',0,16000,,'',0,10000,,'',0,28500,,'',0,12500,,'',0,9500,,'',0,20000,,'',0,40000,,'',0,11500,,'',0
'20230923',202209,42000,,'',0,13500,,'',0,10000,,'',0,6500,,'',0,11500,,'',0,7000,,'',0,14000,,'',0,17500,,'',0,9000,,'',0,14000,,'',0,18000,,'',0,7500,,'',0,14000,,'',0,6000,,'',0,11500,,'',0,11500,,'',0,18500,,'',0,11500,,'',0
'20230919',222009,41500,4,'',0,12000,4,'',0,9000,4,'',0,19000,4,'',0,13000,4,'',0,16000,4,'',0,10000,4,'',0,4000,4,'',0,16500,4,'',0,3500,4,'',0,9500,4,'',0,17000,4,'',0,4000,4,'',0,10000,4,'',0,6000,4,'',0,11500,4,'',0,28500,4,'',0,11500,4,'',0,11500,4,'',0
'20230920',222009,41500,4,'',0,12000,4,'',0,9000,4,'',0,19000,4,'',0,13000,4,'',0,16000,4,'',0,10000,4,'',0,4000,4,'',0,16500,4,'',0,3500,4,'',0,9500,4,'',0,17000,4,'',0,4000,4,'',0,10000,4,'',0,6000,4,'',0,11500,4,'',0,28500,4,'',0,11500,4,'',0,11500,4,'',0
'20230921',222009,41500,4,'',0,12000,4,'',0,9000,4,'',0,19000,4,'',0,13000,4,'',0,16000,4,'',0,10000,4,'',0,4000,4,'',0,16500,4,'',0,3500,4,'',0,9500,4,'',0,17000,4,'',0,4000,4,'',0,10000,4,'',0,6000,4,'',0,11500,4,'',0,28500,4,'',0,11500,4,'',0,11500,4,'',0
'20230922',222009,41500,4,'',0,12000,4,'',0,9000,4,'',0,19000,4,'',0,13000,4,'',0,16000,4,'',0,10000,4,'',0,4000,4,'',0,16500,4,'',0,3500,4,'',0,9500,4,'',0,17000,4,'',0,4000,4,'',0,10000,4,'',0,6000,4,'',0,11500,4,'',0,28500,4,'',0,11500,4,'',0,11500,4,'',0
'20230923',222009,54500,4,'',0,9500,4,'',0,18500,4,'',0,2500,4,'',0,18000,4,'',0,18000,4,'',0,4500,4,'',0,18500,4,'',0,17500,4,'',0,3500,4,'',0,18000,4,'',0,2000,4,'',0,16000,4,'',0,11500,4,'',0,18500,4,'',0,11500,4,'',0,11500,4,'',0
