'20240507',3709,44500,0,'''Seattle''',0,7500,0,'''Seattle''',0,10000,0,'''Seattle''',0,8500,0,'''Seattle''',0,5000,0,'''Seattle''',0,9000,0,'''Seattle''',0,9500,0,'''Seattle''',0,8500,0,'''Seattle''',0,10500,0,'''Seattle''',0,9000,0,'''Seattle''',0,9500,0,'''Seattle''',0,9000,0,'''Seattle''',0,5000,0,'''Seattle''',0,9500,0,'''Seattle''',0,9500,0,'''Seattle''',0,9000,0,'''Seattle''',0,10500,0,'''Seattle''',0,8000,0,'''Seattle''',0,10000,0,'''Seattle''',0,8000,0,'''Seattle''',0,10000,0,'''Seattle''',0,13000,0,'''Seattle''',0,12500,0,'''Seattle''',0
'20240508',3709,44500,0,'''Seattle''',0,7500,0,'''Seattle''',0,10000,0,'''Seattle''',0,8500,0,'''Seattle''',0,5000,0,'''Seattle''',0,9000,0,'''Seattle''',0,9500,0,'''Seattle''',0,8500,0,'''Seattle''',0,10500,0,'''Seattle''',0,9000,0,'''Seattle''',0,9500,0,'''Seattle''',0,9000,0,'''Seattle''',0,5000,0,'''Seattle''',0,9500,0,'''Seattle''',0,9500,0,'''Seattle''',0,9000,0,'''Seattle''',0,10500,0,'''Seattle''',0,8000,0,'''Seattle''',0,10000,0,'''Seattle''',0,8000,0,'''Seattle''',0,10000,0,'''Seattle''',0,13000,0,'''Seattle''',0,12500,0,'''Seattle''',0
'20240509',3709,44500,0,'''Seattle''',0,7500,0,'''Seattle''',0,10000,0,'''Seattle''',0,8500,0,'''Seattle''',0,5000,0,'''Seattle''',0,9000,0,'''Seattle''',0,9500,0,'''Seattle''',0,8500,0,'''Seattle''',0,10500,0,'''Seattle''',0,9000,0,'''Seattle''',0,9500,0,'''Seattle''',0,9000,0,'''Seattle''',0,5000,0,'''Seattle''',0,9500,0,'''Seattle''',0,9500,0,'''Seattle''',0,9000,0,'''Seattle''',0,10500,0,'''Seattle''',0,8000,0,'''Seattle''',0,10000,0,'''Seattle''',0,8000,0,'''Seattle''',0,10000,0,'''Seattle''',0,13000,0,'''Seattle''',0,12500,0,'''Seattle''',0
'20240510',3709,44500,0,'''Seattle''',0,7500,0,'''Seattle''',0,10000,0,'''Seattle''',0,8500,0,'''Seattle''',0,5000,0,'''Seattle''',0,9000,0,'''Seattle''',0,9500,0,'''Seattle''',0,8500,0,'''Seattle''',0,10500,0,'''Seattle''',0,9000,0,'''Seattle''',0,9500,0,'''Seattle''',0,9000,0,'''Seattle''',0,5000,0,'''Seattle''',0,9500,0,'''Seattle''',0,9500,0,'''Seattle''',0,9000,0,'''Seattle''',0,10500,0,'''Seattle''',0,8000,0,'''Seattle''',0,10000,0,'''Seattle''',0,8000,0,'''Seattle''',0,10000,0,'''Seattle''',0,13000,0,'''Seattle''',0,12500,0,'''Seattle''',0
'20240511',3709,52000,0,'''Seattle''',0,18500,0,'''Seattle''',0,5000,0,'''Seattle''',0,9000,0,'''Seattle''',0,10000,0,'''Seattle''',0,8000,0,'''Seattle''',0,11000,0,'''Seattle''',0,8500,0,'''Seattle''',0,10000,0,'''Seattle''',0,9000,0,'''Seattle''',0,9000,0,'''Seattle''',0,5500,0,'''Seattle''',0,8500,0,'''Seattle''',0,9500,0,'''Seattle''',0,9500,0,'''Seattle''',0,8500,0,'''Seattle''',0,9500,0,'''Seattle''',0,4500,0,'''Seattle''',0,9000,0,'''Seattle''',0,8500,0,'''Seattle''',0,17000,0,'''Seattle''',0,12500,0,'''Seattle''',0
'20240512',3709,52000,0,'''Seattle''',0,18500,0,'''Seattle''',0,14000,0,'''Seattle''',0,10000,0,'''Seattle''',0,8000,0,'''Seattle''',0,11000,0,'''Seattle''',0,8500,0,'''Seattle''',0,10000,0,'''Seattle''',0,9000,0,'''Seattle''',0,9000,0,'''Seattle''',0,5500,0,'''Seattle''',0,8500,0,'''Seattle''',0,9500,0,'''Seattle''',0,9500,0,'''Seattle''',0,8500,0,'''Seattle''',0,9500,0,'''Seattle''',0,4500,0,'''Seattle''',0,9000,0,'''Seattle''',0,8500,0,'''Seattle''',0,17000,0,'''Seattle''',0,12500,0,'''Seattle''',0
'20240513',3709,44500,0,'''Seattle''',0,7500,0,'''Seattle''',0,10000,0,'''Seattle''',0,8500,0,'''Seattle''',0,5000,0,'''Seattle''',0,9000,0,'''Seattle''',0,9500,0,'''Seattle''',0,8500,0,'''Seattle''',0,10500,0,'''Seattle''',0,9000,0,'''Seattle''',0,9500,0,'''Seattle''',0,9000,0,'''Seattle''',0,5000,0,'''Seattle''',0,9500,0,'''Seattle''',0,9500,0,'''Seattle''',0,9000,0,'''Seattle''',0,10500,0,'''Seattle''',0,8000,0,'''Seattle''',0,10000,0,'''Seattle''',0,8000,0,'''Seattle''',0,10000,0,'''Seattle''',0,13000,0,'''Seattle''',0,12500,0,'''Seattle''',0
'20240514',3709,44500,0,'''Seattle''',0,7500,0,'''Seattle''',0,10000,0,'''Seattle''',0,8500,0,'''Seattle''',0,5000,0,'''Seattle''',0,9000,0,'''Seattle''',0,9500,0,'''Seattle''',0,8500,0,'''Seattle''',0,10500,0,'''Seattle''',0,9000,0,'''Seattle''',0,9500,0,'''Seattle''',0,9000,0,'''Seattle''',0,5000,0,'''Seattle''',0,9500,0,'''Seattle''',0,9500,0,'''Seattle''',0,9000,0,'''Seattle''',0,10500,0,'''Seattle''',0,8000,0,'''Seattle''',0,10000,0,'''Seattle''',0,8000,0,'''Seattle''',0,10000,0,'''Seattle''',0,13000,0,'''Seattle''',0,12500,0,'''Seattle''',0
'20240515',3709,44500,0,'''Seattle''',0,7500,0,'''Seattle''',0,10000,0,'''Seattle''',0,8500,0,'''Seattle''',0,5000,0,'''Seattle''',0,9000,0,'''Seattle''',0,9500,0,'''Seattle''',0,8500,0,'''Seattle''',0,10500,0,'''Seattle''',0,9000,0,'''Seattle''',0,9500,0,'''Seattle''',0,9000,0,'''Seattle''',0,5000,0,'''Seattle''',0,9500,0,'''Seattle''',0,9500,0,'''Seattle''',0,9000,0,'''Seattle''',0,10500,0,'''Seattle''',0,8000,0,'''Seattle''',0,10000,0,'''Seattle''',0,8000,0,'''Seattle''',0,10000,0,'''Seattle''',0,13000,0,'''Seattle''',0,12500,0,'''Seattle''',0
'20240516',3709,44500,0,'''Seattle''',0,7500,0,'''Seattle''',0,10000,0,'''Seattle''',0,8500,0,'''Seattle''',0,5000,0,'''Seattle''',0,9000,0,'''Seattle''',0,9500,0,'''Seattle''',0,8500,0,'''Seattle''',0,10500,0,'''Seattle''',0,9000,0,'''Seattle''',0,9500,0,'''Seattle''',0,9000,0,'''Seattle''',0,5000,0,'''Seattle''',0,9500,0,'''Seattle''',0,9500,0,'''Seattle''',0,9000,0,'''Seattle''',0,10500,0,'''Seattle''',0,8000,0,'''Seattle''',0,10000,0,'''Seattle''',0,8000,0,'''Seattle''',0,10000,0,'''Seattle''',0,13000,0,'''Seattle''',0,12500,0,'''Seattle''',0
'20240517',3709,44500,0,'''Seattle''',0,7500,0,'''Seattle''',0,10000,0,'''Seattle''',0,8500,0,'''Seattle''',0,5000,0,'''Seattle''',0,9000,0,'''Seattle''',0,9500,0,'''Seattle''',0,8500,0,'''Seattle''',0,10500,0,'''Seattle''',0,9000,0,'''Seattle''',0,9500,0,'''Seattle''',0,9000,0,'''Seattle''',0,5000,0,'''Seattle''',0,9500,0,'''Seattle''',0,9500,0,'''Seattle''',0,9000,0,'''Seattle''',0,10500,0,'''Seattle''',0,8000,0,'''Seattle''',0,10000,0,'''Seattle''',0,8000,0,'''Seattle''',0,10000,0,'''Seattle''',0,13000,0,'''Seattle''',0,12500,0,'''Seattle''',0
'20240518',3709,52000,0,'''Seattle''',0,18500,0,'''Seattle''',0,5000,0,'''Seattle''',0,9000,0,'''Seattle''',0,10000,0,'''Seattle''',0,8000,0,'''Seattle''',0,11000,0,'''Seattle''',0,8500,0,'''Seattle''',0,10000,0,'''Seattle''',0,9000,0,'''Seattle''',0,9000,0,'''Seattle''',0,5500,0,'''Seattle''',0,8500,0,'''Seattle''',0,9500,0,'''Seattle''',0,9500,0,'''Seattle''',0,8500,0,'''Seattle''',0,9500,0,'''Seattle''',0,4500,0,'''Seattle''',0,9000,0,'''Seattle''',0,8500,0,'''Seattle''',0,17000,0,'''Seattle''',0,12500,0,'''Seattle''',0
'20240519',3709,52000,0,'''Seattle''',0,18500,0,'''Seattle''',0,14000,0,'''Seattle''',0,10000,0,'''Seattle''',0,8000,0,'''Seattle''',0,11000,0,'''Seattle''',0,8500,0,'''Seattle''',0,10000,0,'''Seattle''',0,9000,0,'''Seattle''',0,9000,0,'''Seattle''',0,5500,0,'''Seattle''',0,8500,0,'''Seattle''',0,9500,0,'''Seattle''',0,9500,0,'''Seattle''',0,8500,0,'''Seattle''',0,9500,0,'''Seattle''',0,4500,0,'''Seattle''',0,9000,0,'''Seattle''',0,8500,0,'''Seattle''',0,17000,0,'''Seattle''',0,12500,0,'''Seattle''',0
'20240520',3709,44500,0,'''Seattle''',0,7500,0,'''Seattle''',0,10000,0,'''Seattle''',0,8500,0,'''Seattle''',0,5000,0,'''Seattle''',0,9000,0,'''Seattle''',0,9500,0,'''Seattle''',0,8500,0,'''Seattle''',0,10500,0,'''Seattle''',0,9000,0,'''Seattle''',0,9500,0,'''Seattle''',0,9000,0,'''Seattle''',0,5000,0,'''Seattle''',0,9500,0,'''Seattle''',0,9500,0,'''Seattle''',0,9000,0,'''Seattle''',0,10500,0,'''Seattle''',0,8000,0,'''Seattle''',0,10000,0,'''Seattle''',0,8000,0,'''Seattle''',0,10000,0,'''Seattle''',0,13000,0,'''Seattle''',0,12500,0,'''Seattle''',0
'20240521',3709,44500,0,'''Seattle''',0,7500,0,'''Seattle''',0,10000,0,'''Seattle''',0,8500,0,'''Seattle''',0,5000,0,'''Seattle''',0,9000,0,'''Seattle''',0,9500,0,'''Seattle''',0,8500,0,'''Seattle''',0,10500,0,'''Seattle''',0,9000,0,'''Seattle''',0,9500,0,'''Seattle''',0,9000,0,'''Seattle''',0,5000,0,'''Seattle''',0,9500,0,'''Seattle''',0,9500,0,'''Seattle''',0,9000,0,'''Seattle''',0,10500,0,'''Seattle''',0,8000,0,'''Seattle''',0,10000,0,'''Seattle''',0,8000,0,'''Seattle''',0,10000,0,'''Seattle''',0,13000,0,'''Seattle''',0,12500,0,'''Seattle''',0
'20240522',3709,44500,0,'''Seattle''',0,7500,0,'''Seattle''',0,10000,0,'''Seattle''',0,8500,0,'''Seattle''',0,5000,0,'''Seattle''',0,9000,0,'''Seattle''',0,9500,0,'''Seattle''',0,8500,0,'''Seattle''',0,10500,0,'''Seattle''',0,9000,0,'''Seattle''',0,9500,0,'''Seattle''',0,9000,0,'''Seattle''',0,5000,0,'''Seattle''',0,9500,0,'''Seattle''',0,9500,0,'''Seattle''',0,9000,0,'''Seattle''',0,10500,0,'''Seattle''',0,8000,0,'''Seattle''',0,10000,0,'''Seattle''',0,8000,0,'''Seattle''',0,10000,0,'''Seattle''',0,13000,0,'''Seattle''',0,12500,0,'''Seattle''',0
'20240523',3709,44500,0,'''Seattle''',0,7500,0,'''Seattle''',0,10000,0,'''Seattle''',0,8500,0,'''Seattle''',0,5000,0,'''Seattle''',0,9000,0,'''Seattle''',0,9500,0,'''Seattle''',0,8500,0,'''Seattle''',0,10500,0,'''Seattle''',0,9000,0,'''Seattle''',0,9500,0,'''Seattle''',0,9000,0,'''Seattle''',0,5000,0,'''Seattle''',0,9500,0,'''Seattle''',0,9500,0,'''Seattle''',0,9000,0,'''Seattle''',0,10500,0,'''Seattle''',0,8000,0,'''Seattle''',0,10000,0,'''Seattle''',0,8000,0,'''Seattle''',0,10000,0,'''Seattle''',0,13000,0,'''Seattle''',0,12500,0,'''Seattle''',0
'20240524',3709,44500,0,'''Seattle''',0,7500,0,'''Seattle''',0,10000,0,'''Seattle''',0,8500,0,'''Seattle''',0,5000,0,'''Seattle''',0,9000,0,'''Seattle''',0,9500,0,'''Seattle''',0,8500,0,'''Seattle''',0,10500,0,'''Seattle''',0,9000,0,'''Seattle''',0,9500,0,'''Seattle''',0,9000,0,'''Seattle''',0,5000,0,'''Seattle''',0,9500,0,'''Seattle''',0,9500,0,'''Seattle''',0,9000,0,'''Seattle''',0,10500,0,'''Seattle''',0,8000,0,'''Seattle''',0,10000,0,'''Seattle''',0,8000,0,'''Seattle''',0,10000,0,'''Seattle''',0,13000,0,'''Seattle''',0,12500,0,'''Seattle''',0
'20240525',3709,52000,0,'''Seattle''',0,18500,0,'''Seattle''',0,5000,0,'''Seattle''',0,9000,0,'''Seattle''',0,10000,0,'''Seattle''',0,8000,0,'''Seattle''',0,11000,0,'''Seattle''',0,8500,0,'''Seattle''',0,10000,0,'''Seattle''',0,9000,0,'''Seattle''',0,9000,0,'''Seattle''',0,5500,0,'''Seattle''',0,8500,0,'''Seattle''',0,9500,0,'''Seattle''',0,9500,0,'''Seattle''',0,8500,0,'''Seattle''',0,9500,0,'''Seattle''',0,4500,0,'''Seattle''',0,9000,0,'''Seattle''',0,8500,0,'''Seattle''',0,17000,0,'''Seattle''',0,12500,0,'''Seattle''',0
'20240526',3709,52000,0,'''Seattle''',0,18500,0,'''Seattle''',0,14000,0,'''Seattle''',0,10000,0,'''Seattle''',0,8000,0,'''Seattle''',0,11000,0,'''Seattle''',0,8500,0,'''Seattle''',0,10000,0,'''Seattle''',0,9000,0,'''Seattle''',0,9000,0,'''Seattle''',0,5500,0,'''Seattle''',0,8500,0,'''Seattle''',0,9500,0,'''Seattle''',0,9500,0,'''Seattle''',0,8500,0,'''Seattle''',0,9500,0,'''Seattle''',0,4500,0,'''Seattle''',0,9000,0,'''Seattle''',0,8500,0,'''Seattle''',0,17000,0,'''Seattle''',0,12500,0,'''Seattle''',0
'20240527',3709,52000,0,'''Seattle''',0,18500,0,'''Seattle''',0,5000,0,'''Seattle''',0,9000,0,'''Seattle''',0,10000,0,'''Seattle''',0,8000,0,'''Seattle''',0,11000,0,'''Seattle''',0,8500,0,'''Seattle''',0,10000,0,'''Seattle''',0,9000,0,'''Seattle''',0,9000,0,'''Seattle''',0,5500,0,'''Seattle''',0,8500,0,'''Seattle''',0,9500,0,'''Seattle''',0,9500,0,'''Seattle''',0,8500,0,'''Seattle''',0,9500,0,'''Seattle''',0,4500,0,'''Seattle''',0,9000,0,'''Seattle''',0,8500,0,'''Seattle''',0,17000,0,'''Seattle''',0,12500,0,'''Seattle''',0
'20240528',3709,44500,0,'''Seattle''',0,7500,0,'''Seattle''',0,10000,0,'''Seattle''',0,8500,0,'''Seattle''',0,5000,0,'''Seattle''',0,9000,0,'''Seattle''',0,9500,0,'''Seattle''',0,8500,0,'''Seattle''',0,10500,0,'''Seattle''',0,9000,0,'''Seattle''',0,9500,0,'''Seattle''',0,9000,0,'''Seattle''',0,5000,0,'''Seattle''',0,9500,0,'''Seattle''',0,9500,0,'''Seattle''',0,9000,0,'''Seattle''',0,10500,0,'''Seattle''',0,8000,0,'''Seattle''',0,10000,0,'''Seattle''',0,8000,0,'''Seattle''',0,10000,0,'''Seattle''',0,13000,0,'''Seattle''',0,12500,0,'''Seattle''',0
'20240529',3709,44500,0,'''Seattle''',0,7500,0,'''Seattle''',0,10000,0,'''Seattle''',0,8500,0,'''Seattle''',0,5000,0,'''Seattle''',0,9000,0,'''Seattle''',0,9500,0,'''Seattle''',0,8500,0,'''Seattle''',0,10500,0,'''Seattle''',0,9000,0,'''Seattle''',0,9500,0,'''Seattle''',0,9000,0,'''Seattle''',0,5000,0,'''Seattle''',0,9500,0,'''Seattle''',0,9500,0,'''Seattle''',0,9000,0,'''Seattle''',0,10500,0,'''Seattle''',0,8000,0,'''Seattle''',0,10000,0,'''Seattle''',0,8000,0,'''Seattle''',0,10000,0,'''Seattle''',0,13000,0,'''Seattle''',0,12500,0,'''Seattle''',0
'20240530',3709,44500,0,'''Seattle''',0,7500,0,'''Seattle''',0,10000,0,'''Seattle''',0,8500,0,'''Seattle''',0,5000,0,'''Seattle''',0,9000,0,'''Seattle''',0,9500,0,'''Seattle''',0,8500,0,'''Seattle''',0,10500,0,'''Seattle''',0,9000,0,'''Seattle''',0,9500,0,'''Seattle''',0,9000,0,'''Seattle''',0,5000,0,'''Seattle''',0,9500,0,'''Seattle''',0,9500,0,'''Seattle''',0,9000,0,'''Seattle''',0,10500,0,'''Seattle''',0,8000,0,'''Seattle''',0,10000,0,'''Seattle''',0,8000,0,'''Seattle''',0,10000,0,'''Seattle''',0,13000,0,'''Seattle''',0,12500,0,'''Seattle''',0
'20240531',3709,44500,0,'''Seattle''',0,7500,0,'''Seattle''',0,10000,0,'''Seattle''',0,8500,0,'''Seattle''',0,5000,0,'''Seattle''',0,9000,0,'''Seattle''',0,9500,0,'''Seattle''',0,8500,0,'''Seattle''',0,10500,0,'''Seattle''',0,9000,0,'''Seattle''',0,9500,0,'''Seattle''',0,9000,0,'''Seattle''',0,5000,0,'''Seattle''',0,9500,0,'''Seattle''',0,9500,0,'''Seattle''',0,9000,0,'''Seattle''',0,10500,0,'''Seattle''',0,8000,0,'''Seattle''',0,10000,0,'''Seattle''',0,8000,0,'''Seattle''',0,10000,0,'''Seattle''',0,13000,0,'''Seattle''',0,12500,0,'''Seattle''',0
'20240601',3709,52000,0,'''Seattle''',0,18500,0,'''Seattle''',0,5000,0,'''Seattle''',0,9000,0,'''Seattle''',0,10000,0,'''Seattle''',0,8000,0,'''Seattle''',0,11000,0,'''Seattle''',0,8500,0,'''Seattle''',0,10000,0,'''Seattle''',0,9000,0,'''Seattle''',0,9000,0,'''Seattle''',0,5500,0,'''Seattle''',0,8500,0,'''Seattle''',0,9500,0,'''Seattle''',0,9500,0,'''Seattle''',0,8500,0,'''Seattle''',0,9500,0,'''Seattle''',0,4500,0,'''Seattle''',0,9000,0,'''Seattle''',0,8500,0,'''Seattle''',0,17000,0,'''Seattle''',0,12500,0,'''Seattle''',0
'20240602',3709,52000,0,'''Seattle''',0,18500,0,'''Seattle''',0,14000,0,'''Seattle''',0,10000,0,'''Seattle''',0,8000,0,'''Seattle''',0,11000,0,'''Seattle''',0,8500,0,'''Seattle''',0,10000,0,'''Seattle''',0,9000,0,'''Seattle''',0,9000,0,'''Seattle''',0,5500,0,'''Seattle''',0,8500,0,'''Seattle''',0,9500,0,'''Seattle''',0,9500,0,'''Seattle''',0,8500,0,'''Seattle''',0,9500,0,'''Seattle''',0,4500,0,'''Seattle''',0,9000,0,'''Seattle''',0,8500,0,'''Seattle''',0,17000,0,'''Seattle''',0,12500,0,'''Seattle''',0
'20240603',3709,44500,0,'''Seattle''',0,7500,0,'''Seattle''',0,10000,0,'''Seattle''',0,8500,0,'''Seattle''',0,5000,0,'''Seattle''',0,9000,0,'''Seattle''',0,9500,0,'''Seattle''',0,8500,0,'''Seattle''',0,10500,0,'''Seattle''',0,9000,0,'''Seattle''',0,9500,0,'''Seattle''',0,9000,0,'''Seattle''',0,5000,0,'''Seattle''',0,9500,0,'''Seattle''',0,9500,0,'''Seattle''',0,9000,0,'''Seattle''',0,10500,0,'''Seattle''',0,8000,0,'''Seattle''',0,10000,0,'''Seattle''',0,8000,0,'''Seattle''',0,10000,0,'''Seattle''',0,13000,0,'''Seattle''',0,12500,0,'''Seattle''',0
'20240604',3709,44500,0,'''Seattle''',0,7500,0,'''Seattle''',0,10000,0,'''Seattle''',0,8500,0,'''Seattle''',0,5000,0,'''Seattle''',0,9000,0,'''Seattle''',0,9500,0,'''Seattle''',0,8500,0,'''Seattle''',0,10500,0,'''Seattle''',0,9000,0,'''Seattle''',0,9500,0,'''Seattle''',0,9000,0,'''Seattle''',0,5000,0,'''Seattle''',0,9500,0,'''Seattle''',0,9500,0,'''Seattle''',0,9000,0,'''Seattle''',0,10500,0,'''Seattle''',0,8000,0,'''Seattle''',0,10000,0,'''Seattle''',0,8000,0,'''Seattle''',0,10000,0,'''Seattle''',0,13000,0,'''Seattle''',0,12500,0,'''Seattle''',0
'20240605',3709,44500,0,'''Seattle''',0,7500,0,'''Seattle''',0,10000,0,'''Seattle''',0,8500,0,'''Seattle''',0,5000,0,'''Seattle''',0,9000,0,'''Seattle''',0,9500,0,'''Seattle''',0,8500,0,'''Seattle''',0,10500,0,'''Seattle''',0,9000,0,'''Seattle''',0,9500,0,'''Seattle''',0,9000,0,'''Seattle''',0,5000,0,'''Seattle''',0,9500,0,'''Seattle''',0,9500,0,'''Seattle''',0,9000,0,'''Seattle''',0,10500,0,'''Seattle''',0,8000,0,'''Seattle''',0,10000,0,'''Seattle''',0,8000,0,'''Seattle''',0,10000,0,'''Seattle''',0,13000,0,'''Seattle''',0,12500,0,'''Seattle''',0
'20240606',3709,44500,0,'''Seattle''',0,7500,0,'''Seattle''',0,10000,0,'''Seattle''',0,8500,0,'''Seattle''',0,5000,0,'''Seattle''',0,9000,0,'''Seattle''',0,9500,0,'''Seattle''',0,8500,0,'''Seattle''',0,10500,0,'''Seattle''',0,9000,0,'''Seattle''',0,9500,0,'''Seattle''',0,9000,0,'''Seattle''',0,5000,0,'''Seattle''',0,9500,0,'''Seattle''',0,9500,0,'''Seattle''',0,9000,0,'''Seattle''',0,10500,0,'''Seattle''',0,8000,0,'''Seattle''',0,10000,0,'''Seattle''',0,8000,0,'''Seattle''',0,10000,0,'''Seattle''',0,13000,0,'''Seattle''',0,12500,0,'''Seattle''',0
'20240607',3709,44500,0,'''Seattle''',0,7500,0,'''Seattle''',0,10000,0,'''Seattle''',0,8500,0,'''Seattle''',0,5000,0,'''Seattle''',0,9000,0,'''Seattle''',0,9500,0,'''Seattle''',0,8500,0,'''Seattle''',0,10500,0,'''Seattle''',0,9000,0,'''Seattle''',0,9500,0,'''Seattle''',0,9000,0,'''Seattle''',0,5000,0,'''Seattle''',0,9500,0,'''Seattle''',0,9500,0,'''Seattle''',0,9000,0,'''Seattle''',0,10500,0,'''Seattle''',0,8000,0,'''Seattle''',0,10000,0,'''Seattle''',0,8000,0,'''Seattle''',0,10000,0,'''Seattle''',0,13000,0,'''Seattle''',0,12500,0,'''Seattle''',0
'20240608',3709,52000,0,'''Seattle''',0,18500,0,'''Seattle''',0,5000,0,'''Seattle''',0,9000,0,'''Seattle''',0,10000,0,'''Seattle''',0,8000,0,'''Seattle''',0,11000,0,'''Seattle''',0,8500,0,'''Seattle''',0,10000,0,'''Seattle''',0,9000,0,'''Seattle''',0,9000,0,'''Seattle''',0,5500,0,'''Seattle''',0,8500,0,'''Seattle''',0,9500,0,'''Seattle''',0,9500,0,'''Seattle''',0,8500,0,'''Seattle''',0,9500,0,'''Seattle''',0,4500,0,'''Seattle''',0,9000,0,'''Seattle''',0,8500,0,'''Seattle''',0,17000,0,'''Seattle''',0,12500,0,'''Seattle''',0
'20240609',3709,52000,0,'''Seattle''',0,18500,0,'''Seattle''',0,14000,0,'''Seattle''',0,10000,0,'''Seattle''',0,8000,0,'''Seattle''',0,11000,0,'''Seattle''',0,8500,0,'''Seattle''',0,10000,0,'''Seattle''',0,9000,0,'''Seattle''',0,9000,0,'''Seattle''',0,5500,0,'''Seattle''',0,8500,0,'''Seattle''',0,9500,0,'''Seattle''',0,9500,0,'''Seattle''',0,8500,0,'''Seattle''',0,9500,0,'''Seattle''',0,4500,0,'''Seattle''',0,9000,0,'''Seattle''',0,8500,0,'''Seattle''',0,17000,0,'''Seattle''',0,12500,0,'''Seattle''',0
'20240610',3709,44500,0,'''Seattle''',0,7500,0,'''Seattle''',0,10000,0,'''Seattle''',0,8500,0,'''Seattle''',0,5000,0,'''Seattle''',0,9000,0,'''Seattle''',0,9500,0,'''Seattle''',0,8500,0,'''Seattle''',0,10500,0,'''Seattle''',0,9000,0,'''Seattle''',0,9500,0,'''Seattle''',0,9000,0,'''Seattle''',0,5000,0,'''Seattle''',0,9500,0,'''Seattle''',0,9500,0,'''Seattle''',0,9000,0,'''Seattle''',0,10500,0,'''Seattle''',0,8000,0,'''Seattle''',0,10000,0,'''Seattle''',0,8000,0,'''Seattle''',0,10000,0,'''Seattle''',0,13000,0,'''Seattle''',0,12500,0,'''Seattle''',0
'20240611',3709,44500,0,'''Seattle''',0,7500,0,'''Seattle''',0,10000,0,'''Seattle''',0,8500,0,'''Seattle''',0,5000,0,'''Seattle''',0,9000,0,'''Seattle''',0,9500,0,'''Seattle''',0,8500,0,'''Seattle''',0,10500,0,'''Seattle''',0,9000,0,'''Seattle''',0,9500,0,'''Seattle''',0,9000,0,'''Seattle''',0,5000,0,'''Seattle''',0,9500,0,'''Seattle''',0,9500,0,'''Seattle''',0,9000,0,'''Seattle''',0,10500,0,'''Seattle''',0,8000,0,'''Seattle''',0,10000,0,'''Seattle''',0,8000,0,'''Seattle''',0,10000,0,'''Seattle''',0,13000,0,'''Seattle''',0,12500,0,'''Seattle''',0
'20240612',3709,44500,0,'''Seattle''',0,7500,0,'''Seattle''',0,10000,0,'''Seattle''',0,8500,0,'''Seattle''',0,5000,0,'''Seattle''',0,9000,0,'''Seattle''',0,9500,0,'''Seattle''',0,8500,0,'''Seattle''',0,10500,0,'''Seattle''',0,9000,0,'''Seattle''',0,9500,0,'''Seattle''',0,9000,0,'''Seattle''',0,5000,0,'''Seattle''',0,9500,0,'''Seattle''',0,9500,0,'''Seattle''',0,9000,0,'''Seattle''',0,10500,0,'''Seattle''',0,8000,0,'''Seattle''',0,10000,0,'''Seattle''',0,8000,0,'''Seattle''',0,10000,0,'''Seattle''',0,13000,0,'''Seattle''',0,12500,0,'''Seattle''',0
'20240613',3709,44500,0,'''Seattle''',0,7500,0,'''Seattle''',0,10000,0,'''Seattle''',0,8500,0,'''Seattle''',0,5000,0,'''Seattle''',0,9000,0,'''Seattle''',0,9500,0,'''Seattle''',0,8500,0,'''Seattle''',0,10500,0,'''Seattle''',0,9000,0,'''Seattle''',0,9500,0,'''Seattle''',0,9000,0,'''Seattle''',0,5000,0,'''Seattle''',0,9500,0,'''Seattle''',0,9500,0,'''Seattle''',0,9000,0,'''Seattle''',0,10500,0,'''Seattle''',0,8000,0,'''Seattle''',0,10000,0,'''Seattle''',0,8000,0,'''Seattle''',0,10000,0,'''Seattle''',0,13000,0,'''Seattle''',0,12500,0,'''Seattle''',0
'20240614',3709,44500,0,'''Seattle''',0,7500,0,'''Seattle''',0,10000,0,'''Seattle''',0,8500,0,'''Seattle''',0,5000,0,'''Seattle''',0,9000,0,'''Seattle''',0,9500,0,'''Seattle''',0,8500,0,'''Seattle''',0,10500,0,'''Seattle''',0,9000,0,'''Seattle''',0,9500,0,'''Seattle''',0,9000,0,'''Seattle''',0,5000,0,'''Seattle''',0,9500,0,'''Seattle''',0,9500,0,'''Seattle''',0,9000,0,'''Seattle''',0,10500,0,'''Seattle''',0,8000,0,'''Seattle''',0,10000,0,'''Seattle''',0,8000,0,'''Seattle''',0,10000,0,'''Seattle''',0,13000,0,'''Seattle''',0,12500,0,'''Seattle''',0
'20240615',3709,52000,0,'''Seattle''',0,18500,0,'''Seattle''',0,5000,0,'''Seattle''',0,9000,0,'''Seattle''',0,10000,0,'''Seattle''',0,8000,0,'''Seattle''',0,11000,0,'''Seattle''',0,8500,0,'''Seattle''',0,10000,0,'''Seattle''',0,9000,0,'''Seattle''',0,9000,0,'''Seattle''',0,5500,0,'''Seattle''',0,8500,0,'''Seattle''',0,9500,0,'''Seattle''',0,9500,0,'''Seattle''',0,8500,0,'''Seattle''',0,9500,0,'''Seattle''',0,4500,0,'''Seattle''',0,9000,0,'''Seattle''',0,8500,0,'''Seattle''',0,17000,0,'''Seattle''',0,12500,0,'''Seattle''',0
'20240507',7309,60500,4,'',0,4000,4,'',0,9500,4,'',0,9000,4,'',0,9000,4,'',0,9000,4,'',0,10500,4,'',0,8500,4,'',0,10000,4,'',0,4500,4,'',0,9500,4,'',0,9500,4,'',0,9000,4,'',0,9500,4,'',0,10000,4,'',0,8500,4,'',0,10000,4,'',0,4500,4,'',0,10500,4,'',0,8500,4,'',0,8500,4,'',0,12500,4,'',0,16000,4,'',0
'20240508',7309,60500,4,'',0,4000,4,'',0,9500,4,'',0,9000,4,'',0,9000,4,'',0,9000,4,'',0,10500,4,'',0,8500,4,'',0,10000,4,'',0,4500,4,'',0,9500,4,'',0,9500,4,'',0,9000,4,'',0,9500,4,'',0,10000,4,'',0,8500,4,'',0,10000,4,'',0,4500,4,'',0,10500,4,'',0,8500,4,'',0,8500,4,'',0,12500,4,'',0,16000,4,'',0
'20240509',7309,60500,4,'',0,4000,4,'',0,9500,4,'',0,9000,4,'',0,9000,4,'',0,9000,4,'',0,10500,4,'',0,8500,4,'',0,10000,4,'',0,4500,4,'',0,9500,4,'',0,9500,4,'',0,9000,4,'',0,9500,4,'',0,10000,4,'',0,8500,4,'',0,10000,4,'',0,4500,4,'',0,10500,4,'',0,8500,4,'',0,8500,4,'',0,12500,4,'',0,16000,4,'',0
'20240510',7309,60500,4,'',0,4000,4,'',0,9500,4,'',0,9000,4,'',0,9000,4,'',0,9000,4,'',0,10500,4,'',0,8500,4,'',0,10000,4,'',0,4500,4,'',0,9500,4,'',0,9500,4,'',0,9000,4,'',0,9500,4,'',0,10000,4,'',0,8500,4,'',0,10000,4,'',0,4500,4,'',0,10500,4,'',0,8500,4,'',0,8500,4,'',0,12500,4,'',0,16000,4,'',0
'20240511',7309,64500,4,'',0,18500,4,'',0,10000,4,'',0,8000,4,'',0,10500,4,'',0,8500,4,'',0,10500,4,'',0,4500,4,'',0,9500,4,'',0,9500,4,'',0,8500,4,'',0,9500,4,'',0,9000,4,'',0,9000,4,'',0,5500,4,'',0,9000,4,'',0,9000,4,'',0,8500,4,'',0,9500,4,'',0,3500,4,'',0,17000,4,'',0,12500,4,'',0
'20240512',7309,64500,4,'',0,18500,4,'',0,10000,4,'',0,8000,4,'',0,10500,4,'',0,8500,4,'',0,10500,4,'',0,4500,4,'',0,9500,4,'',0,9500,4,'',0,8500,4,'',0,9500,4,'',0,9000,4,'',0,9000,4,'',0,5500,4,'',0,9000,4,'',0,9000,4,'',0,8500,4,'',0,9500,4,'',0,3500,4,'',0,17000,4,'',0,12500,4,'',0
'20240513',7309,60500,4,'',0,4000,4,'',0,9500,4,'',0,9000,4,'',0,9000,4,'',0,9000,4,'',0,10500,4,'',0,8500,4,'',0,10000,4,'',0,4500,4,'',0,9500,4,'',0,9500,4,'',0,9000,4,'',0,9500,4,'',0,10000,4,'',0,8500,4,'',0,10000,4,'',0,4500,4,'',0,10500,4,'',0,8500,4,'',0,8500,4,'',0,12500,4,'',0,16000,4,'',0
'20240514',7309,60500,4,'',0,4000,4,'',0,9500,4,'',0,9000,4,'',0,9000,4,'',0,9000,4,'',0,10500,4,'',0,8500,4,'',0,10000,4,'',0,4500,4,'',0,9500,4,'',0,9500,4,'',0,9000,4,'',0,9500,4,'',0,10000,4,'',0,8500,4,'',0,10000,4,'',0,4500,4,'',0,10500,4,'',0,8500,4,'',0,8500,4,'',0,12500,4,'',0,16000,4,'',0
'20240515',7309,60500,4,'',0,4000,4,'',0,9500,4,'',0,9000,4,'',0,9000,4,'',0,9000,4,'',0,10500,4,'',0,8500,4,'',0,10000,4,'',0,4500,4,'',0,9500,4,'',0,9500,4,'',0,9000,4,'',0,9500,4,'',0,10000,4,'',0,8500,4,'',0,10000,4,'',0,4500,4,'',0,10500,4,'',0,8500,4,'',0,8500,4,'',0,12500,4,'',0,16000,4,'',0
'20240516',7309,60500,4,'',0,4000,4,'',0,9500,4,'',0,9000,4,'',0,9000,4,'',0,9000,4,'',0,10500,4,'',0,8500,4,'',0,10000,4,'',0,4500,4,'',0,9500,4,'',0,9500,4,'',0,9000,4,'',0,9500,4,'',0,10000,4,'',0,8500,4,'',0,10000,4,'',0,4500,4,'',0,10500,4,'',0,8500,4,'',0,8500,4,'',0,12500,4,'',0,16000,4,'',0
'20240517',7309,60500,4,'',0,4000,4,'',0,9500,4,'',0,9000,4,'',0,9000,4,'',0,9000,4,'',0,10500,4,'',0,8500,4,'',0,10000,4,'',0,4500,4,'',0,9500,4,'',0,9500,4,'',0,9000,4,'',0,9500,4,'',0,10000,4,'',0,8500,4,'',0,10000,4,'',0,4500,4,'',0,10500,4,'',0,8500,4,'',0,8500,4,'',0,12500,4,'',0,16000,4,'',0
'20240518',7309,64500,4,'',0,18500,4,'',0,10000,4,'',0,8000,4,'',0,10500,4,'',0,8500,4,'',0,10500,4,'',0,4500,4,'',0,9500,4,'',0,9500,4,'',0,8500,4,'',0,9500,4,'',0,9000,4,'',0,9000,4,'',0,5500,4,'',0,9000,4,'',0,9000,4,'',0,8500,4,'',0,9500,4,'',0,3500,4,'',0,17000,4,'',0,12500,4,'',0
'20240519',7309,64500,4,'',0,18500,4,'',0,10000,4,'',0,8000,4,'',0,10500,4,'',0,8500,4,'',0,10500,4,'',0,4500,4,'',0,9500,4,'',0,9500,4,'',0,8500,4,'',0,9500,4,'',0,9000,4,'',0,9000,4,'',0,5500,4,'',0,9000,4,'',0,9000,4,'',0,8500,4,'',0,9500,4,'',0,3500,4,'',0,17000,4,'',0,12500,4,'',0
'20240520',7309,60500,4,'',0,4000,4,'',0,9500,4,'',0,9000,4,'',0,9000,4,'',0,9000,4,'',0,10500,4,'',0,8500,4,'',0,10000,4,'',0,4500,4,'',0,9500,4,'',0,9500,4,'',0,9000,4,'',0,9500,4,'',0,10000,4,'',0,8500,4,'',0,10000,4,'',0,4500,4,'',0,10500,4,'',0,8500,4,'',0,8500,4,'',0,12500,4,'',0,16000,4,'',0
'20240521',7309,60500,4,'',0,4000,4,'',0,9500,4,'',0,9000,4,'',0,9000,4,'',0,9000,4,'',0,10500,4,'',0,8500,4,'',0,10000,4,'',0,4500,4,'',0,9500,4,'',0,9500,4,'',0,9000,4,'',0,9500,4,'',0,10000,4,'',0,8500,4,'',0,10000,4,'',0,4500,4,'',0,10500,4,'',0,8500,4,'',0,8500,4,'',0,12500,4,'',0,16000,4,'',0
'20240522',7309,60500,4,'',0,4000,4,'',0,9500,4,'',0,9000,4,'',0,9000,4,'',0,9000,4,'',0,10500,4,'',0,8500,4,'',0,10000,4,'',0,4500,4,'',0,9500,4,'',0,9500,4,'',0,9000,4,'',0,9500,4,'',0,10000,4,'',0,8500,4,'',0,10000,4,'',0,4500,4,'',0,10500,4,'',0,8500,4,'',0,8500,4,'',0,12500,4,'',0,16000,4,'',0
'20240523',7309,60500,4,'',0,4000,4,'',0,9500,4,'',0,9000,4,'',0,9000,4,'',0,9000,4,'',0,10500,4,'',0,8500,4,'',0,10000,4,'',0,4500,4,'',0,9500,4,'',0,9500,4,'',0,9000,4,'',0,9500,4,'',0,10000,4,'',0,8500,4,'',0,10000,4,'',0,4500,4,'',0,10500,4,'',0,8500,4,'',0,8500,4,'',0,12500,4,'',0,16000,4,'',0
'20240524',7309,60500,4,'',0,4000,4,'',0,9500,4,'',0,9000,4,'',0,9000,4,'',0,9000,4,'',0,10500,4,'',0,8500,4,'',0,10000,4,'',0,4500,4,'',0,9500,4,'',0,9500,4,'',0,9000,4,'',0,9500,4,'',0,10000,4,'',0,8500,4,'',0,10000,4,'',0,4500,4,'',0,10500,4,'',0,8500,4,'',0,8500,4,'',0,12500,4,'',0,16000,4,'',0
'20240525',7309,64500,4,'',0,18500,4,'',0,10000,4,'',0,8000,4,'',0,10500,4,'',0,8500,4,'',0,10500,4,'',0,4500,4,'',0,9500,4,'',0,9500,4,'',0,8500,4,'',0,9500,4,'',0,9000,4,'',0,9000,4,'',0,5500,4,'',0,9000,4,'',0,9000,4,'',0,8500,4,'',0,9500,4,'',0,3500,4,'',0,17000,4,'',0,12500,4,'',0
'20240526',7309,64500,4,'',0,18500,4,'',0,10000,4,'',0,8000,4,'',0,10500,4,'',0,8500,4,'',0,10500,4,'',0,4500,4,'',0,9500,4,'',0,9500,4,'',0,8500,4,'',0,9500,4,'',0,9000,4,'',0,9000,4,'',0,5500,4,'',0,9000,4,'',0,9000,4,'',0,8500,4,'',0,9500,4,'',0,3500,4,'',0,17000,4,'',0,12500,4,'',0
'20240527',7309,64500,4,'',0,18500,4,'',0,10000,4,'',0,8000,4,'',0,10500,4,'',0,8500,4,'',0,10500,4,'',0,4500,4,'',0,9500,4,'',0,9500,4,'',0,8500,4,'',0,9500,4,'',0,9000,4,'',0,9000,4,'',0,5500,4,'',0,9000,4,'',0,9000,4,'',0,8500,4,'',0,9500,4,'',0,3500,4,'',0,17000,4,'',0,12500,4,'',0
'20240528',7309,60500,4,'',0,4000,4,'',0,9500,4,'',0,9000,4,'',0,9000,4,'',0,9000,4,'',0,10500,4,'',0,8500,4,'',0,10000,4,'',0,4500,4,'',0,9500,4,'',0,9500,4,'',0,9000,4,'',0,9500,4,'',0,10000,4,'',0,8500,4,'',0,10000,4,'',0,4500,4,'',0,10500,4,'',0,8500,4,'',0,8500,4,'',0,12500,4,'',0,16000,4,'',0
'20240529',7309,60500,4,'',0,4000,4,'',0,9500,4,'',0,9000,4,'',0,9000,4,'',0,9000,4,'',0,10500,4,'',0,8500,4,'',0,10000,4,'',0,4500,4,'',0,9500,4,'',0,9500,4,'',0,9000,4,'',0,9500,4,'',0,10000,4,'',0,8500,4,'',0,10000,4,'',0,4500,4,'',0,10500,4,'',0,8500,4,'',0,8500,4,'',0,12500,4,'',0,16000,4,'',0
'20240530',7309,60500,4,'',0,4000,4,'',0,9500,4,'',0,9000,4,'',0,9000,4,'',0,9000,4,'',0,10500,4,'',0,8500,4,'',0,10000,4,'',0,4500,4,'',0,9500,4,'',0,9500,4,'',0,9000,4,'',0,9500,4,'',0,10000,4,'',0,8500,4,'',0,10000,4,'',0,4500,4,'',0,10500,4,'',0,8500,4,'',0,8500,4,'',0,12500,4,'',0,16000,4,'',0
'20240531',7309,60500,4,'',0,4000,4,'',0,9500,4,'',0,9000,4,'',0,9000,4,'',0,9000,4,'',0,10500,4,'',0,8500,4,'',0,10000,4,'',0,4500,4,'',0,9500,4,'',0,9500,4,'',0,9000,4,'',0,9500,4,'',0,10000,4,'',0,8500,4,'',0,10000,4,'',0,4500,4,'',0,10500,4,'',0,8500,4,'',0,8500,4,'',0,12500,4,'',0,16000,4,'',0
'20240601',7309,64500,4,'',0,18500,4,'',0,10000,4,'',0,8000,4,'',0,10500,4,'',0,8500,4,'',0,10500,4,'',0,4500,4,'',0,9500,4,'',0,9500,4,'',0,8500,4,'',0,9500,4,'',0,9000,4,'',0,9000,4,'',0,5500,4,'',0,9000,4,'',0,9000,4,'',0,8500,4,'',0,9500,4,'',0,3500,4,'',0,17000,4,'',0,12500,4,'',0
'20240602',7309,64500,4,'',0,18500,4,'',0,10000,4,'',0,8000,4,'',0,10500,4,'',0,8500,4,'',0,10500,4,'',0,4500,4,'',0,9500,4,'',0,9500,4,'',0,8500,4,'',0,9500,4,'',0,9000,4,'',0,9000,4,'',0,5500,4,'',0,9000,4,'',0,9000,4,'',0,8500,4,'',0,9500,4,'',0,3500,4,'',0,17000,4,'',0,12500,4,'',0
'20240603',7309,60500,4,'',0,4000,4,'',0,9500,4,'',0,9000,4,'',0,9000,4,'',0,9000,4,'',0,10500,4,'',0,8500,4,'',0,10000,4,'',0,4500,4,'',0,9500,4,'',0,9500,4,'',0,9000,4,'',0,9500,4,'',0,10000,4,'',0,8500,4,'',0,10000,4,'',0,4500,4,'',0,10500,4,'',0,8500,4,'',0,8500,4,'',0,12500,4,'',0,16000,4,'',0
'20240604',7309,60500,4,'',0,4000,4,'',0,9500,4,'',0,9000,4,'',0,9000,4,'',0,9000,4,'',0,10500,4,'',0,8500,4,'',0,10000,4,'',0,4500,4,'',0,9500,4,'',0,9500,4,'',0,9000,4,'',0,9500,4,'',0,10000,4,'',0,8500,4,'',0,10000,4,'',0,4500,4,'',0,10500,4,'',0,8500,4,'',0,8500,4,'',0,12500,4,'',0,16000,4,'',0
'20240605',7309,60500,4,'',0,4000,4,'',0,9500,4,'',0,9000,4,'',0,9000,4,'',0,9000,4,'',0,10500,4,'',0,8500,4,'',0,10000,4,'',0,4500,4,'',0,9500,4,'',0,9500,4,'',0,9000,4,'',0,9500,4,'',0,10000,4,'',0,8500,4,'',0,10000,4,'',0,4500,4,'',0,10500,4,'',0,8500,4,'',0,8500,4,'',0,12500,4,'',0,16000,4,'',0
'20240606',7309,60500,4,'',0,4000,4,'',0,9500,4,'',0,9000,4,'',0,9000,4,'',0,9000,4,'',0,10500,4,'',0,8500,4,'',0,10000,4,'',0,4500,4,'',0,9500,4,'',0,9500,4,'',0,9000,4,'',0,9500,4,'',0,10000,4,'',0,8500,4,'',0,10000,4,'',0,4500,4,'',0,10500,4,'',0,8500,4,'',0,8500,4,'',0,12500,4,'',0,16000,4,'',0
'20240607',7309,60500,4,'',0,4000,4,'',0,9500,4,'',0,9000,4,'',0,9000,4,'',0,9000,4,'',0,10500,4,'',0,8500,4,'',0,10000,4,'',0,4500,4,'',0,9500,4,'',0,9500,4,'',0,9000,4,'',0,9500,4,'',0,10000,4,'',0,8500,4,'',0,10000,4,'',0,4500,4,'',0,10500,4,'',0,8500,4,'',0,8500,4,'',0,12500,4,'',0,16000,4,'',0
'20240608',7309,64500,4,'',0,18500,4,'',0,10000,4,'',0,8000,4,'',0,10500,4,'',0,8500,4,'',0,10500,4,'',0,4500,4,'',0,9500,4,'',0,9500,4,'',0,8500,4,'',0,9500,4,'',0,9000,4,'',0,9000,4,'',0,5500,4,'',0,9000,4,'',0,9000,4,'',0,8500,4,'',0,9500,4,'',0,3500,4,'',0,17000,4,'',0,12500,4,'',0
'20240609',7309,64500,4,'',0,18500,4,'',0,10000,4,'',0,8000,4,'',0,10500,4,'',0,8500,4,'',0,10500,4,'',0,4500,4,'',0,9500,4,'',0,9500,4,'',0,8500,4,'',0,9500,4,'',0,9000,4,'',0,9000,4,'',0,5500,4,'',0,9000,4,'',0,9000,4,'',0,8500,4,'',0,9500,4,'',0,3500,4,'',0,17000,4,'',0,12500,4,'',0
'20240610',7309,60500,4,'',0,4000,4,'',0,9500,4,'',0,9000,4,'',0,9000,4,'',0,9000,4,'',0,10500,4,'',0,8500,4,'',0,10000,4,'',0,4500,4,'',0,9500,4,'',0,9500,4,'',0,9000,4,'',0,9500,4,'',0,10000,4,'',0,8500,4,'',0,10000,4,'',0,4500,4,'',0,10500,4,'',0,8500,4,'',0,8500,4,'',0,12500,4,'',0,16000,4,'',0
'20240611',7309,60500,4,'',0,4000,4,'',0,9500,4,'',0,9000,4,'',0,9000,4,'',0,9000,4,'',0,10500,4,'',0,8500,4,'',0,10000,4,'',0,4500,4,'',0,9500,4,'',0,9500,4,'',0,9000,4,'',0,9500,4,'',0,10000,4,'',0,8500,4,'',0,10000,4,'',0,4500,4,'',0,10500,4,'',0,8500,4,'',0,8500,4,'',0,12500,4,'',0,16000,4,'',0
'20240612',7309,60500,4,'',0,4000,4,'',0,9500,4,'',0,9000,4,'',0,9000,4,'',0,9000,4,'',0,10500,4,'',0,8500,4,'',0,10000,4,'',0,4500,4,'',0,9500,4,'',0,9500,4,'',0,9000,4,'',0,9500,4,'',0,10000,4,'',0,8500,4,'',0,10000,4,'',0,4500,4,'',0,10500,4,'',0,8500,4,'',0,8500,4,'',0,12500,4,'',0,16000,4,'',0
'20240613',7309,60500,4,'',0,4000,4,'',0,9500,4,'',0,9000,4,'',0,9000,4,'',0,9000,4,'',0,10500,4,'',0,8500,4,'',0,10000,4,'',0,4500,4,'',0,9500,4,'',0,9500,4,'',0,9000,4,'',0,9500,4,'',0,10000,4,'',0,8500,4,'',0,10000,4,'',0,4500,4,'',0,10500,4,'',0,8500,4,'',0,8500,4,'',0,12500,4,'',0,16000,4,'',0
'20240614',7309,60500,4,'',0,4000,4,'',0,9500,4,'',0,9000,4,'',0,9000,4,'',0,9000,4,'',0,10500,4,'',0,8500,4,'',0,10000,4,'',0,4500,4,'',0,9500,4,'',0,9500,4,'',0,9000,4,'',0,9500,4,'',0,10000,4,'',0,8500,4,'',0,10000,4,'',0,4500,4,'',0,10500,4,'',0,8500,4,'',0,8500,4,'',0,12500,4,'',0,16000,4,'',0
'20240615',7309,64500,4,'',0,18500,4,'',0,10000,4,'',0,8000,4,'',0,10500,4,'',0,8500,4,'',0,10500,4,'',0,4500,4,'',0,9500,4,'',0,9500,4,'',0,8500,4,'',0,9500,4,'',0,9000,4,'',0,9000,4,'',0,5500,4,'',0,9000,4,'',0,9000,4,'',0,8500,4,'',0,9500,4,'',0,3500,4,'',0,17000,4,'',0,12500,4,'',0
