'20240507',12809,44500,0,'''Edmonds''',0,8500,0,'''Edmonds''',0,9500,0,'''Edmonds''',0,7500,0,'''Edmonds''',0,5500,0,'''Edmonds''',0,8500,0,'''Edmonds''',0,9500,0,'''Edmonds''',0,8500,0,'''Edmonds''',0,8500,0,'''Edmonds''',0,5000,0,'''Edmonds''',0,9000,0,'''Edmonds''',0,8500,0,'''Edmonds''',0,10000,0,'''Edmonds''',0,8000,0,'''Edmonds''',0,9000,0,'''Edmonds''',0,4000,0,'''Edmonds''',0,9000,0,'''Edmonds''',0,8000,0,'''Edmonds''',0,9000,0,'''Edmonds''',0,4500,0,'''Edmonds''',0,7500,0,'''Edmonds''',0,12000,0,'''Edmonds''',0,17000,0,'''Edmonds''',0
'20240508',12809,44500,0,'''Edmonds''',0,8500,0,'''Edmonds''',0,9500,0,'''Edmonds''',0,7500,0,'''Edmonds''',0,5500,0,'''Edmonds''',0,8500,0,'''Edmonds''',0,9500,0,'''Edmonds''',0,8500,0,'''Edmonds''',0,8500,0,'''Edmonds''',0,5000,0,'''Edmonds''',0,9000,0,'''Edmonds''',0,8500,0,'''Edmonds''',0,10000,0,'''Edmonds''',0,8000,0,'''Edmonds''',0,9000,0,'''Edmonds''',0,4000,0,'''Edmonds''',0,9000,0,'''Edmonds''',0,8000,0,'''Edmonds''',0,9000,0,'''Edmonds''',0,4500,0,'''Edmonds''',0,7500,0,'''Edmonds''',0,12000,0,'''Edmonds''',0,17000,0,'''Edmonds''',0
'20240509',12809,44500,0,'''Edmonds''',0,8500,0,'''Edmonds''',0,9500,0,'''Edmonds''',0,7500,0,'''Edmonds''',0,5500,0,'''Edmonds''',0,8500,0,'''Edmonds''',0,9500,0,'''Edmonds''',0,8500,0,'''Edmonds''',0,8500,0,'''Edmonds''',0,5000,0,'''Edmonds''',0,9000,0,'''Edmonds''',0,8500,0,'''Edmonds''',0,10000,0,'''Edmonds''',0,8000,0,'''Edmonds''',0,9000,0,'''Edmonds''',0,4000,0,'''Edmonds''',0,9000,0,'''Edmonds''',0,8000,0,'''Edmonds''',0,9000,0,'''Edmonds''',0,4500,0,'''Edmonds''',0,7500,0,'''Edmonds''',0,12000,0,'''Edmonds''',0,17000,0,'''Edmonds''',0
'20240510',12809,44500,0,'''Edmonds''',0,8500,0,'''Edmonds''',0,9500,0,'''Edmonds''',0,7500,0,'''Edmonds''',0,5500,0,'''Edmonds''',0,8500,0,'''Edmonds''',0,9500,0,'''Edmonds''',0,8500,0,'''Edmonds''',0,8500,0,'''Edmonds''',0,5000,0,'''Edmonds''',0,9000,0,'''Edmonds''',0,8500,0,'''Edmonds''',0,10000,0,'''Edmonds''',0,8000,0,'''Edmonds''',0,9000,0,'''Edmonds''',0,4000,0,'''Edmonds''',0,9000,0,'''Edmonds''',0,8000,0,'''Edmonds''',0,9000,0,'''Edmonds''',0,4500,0,'''Edmonds''',0,7500,0,'''Edmonds''',0,9000,0,'''Edmonds''',0,3000,0,'''Edmonds''',0,9000,0,'''Edmonds''',0,8000,0,'''Edmonds''',0
'20240511',12809,44500,0,'''Edmonds''',0,8500,0,'''Edmonds''',0,9500,0,'''Edmonds''',0,7500,0,'''Edmonds''',0,5500,0,'''Edmonds''',0,8500,0,'''Edmonds''',0,9500,0,'''Edmonds''',0,8500,0,'''Edmonds''',0,8500,0,'''Edmonds''',0,5000,0,'''Edmonds''',0,9000,0,'''Edmonds''',0,8500,0,'''Edmonds''',0,10000,0,'''Edmonds''',0,8000,0,'''Edmonds''',0,9000,0,'''Edmonds''',0,4000,0,'''Edmonds''',0,9000,0,'''Edmonds''',0,8000,0,'''Edmonds''',0,9000,0,'''Edmonds''',0,4500,0,'''Edmonds''',0,7500,0,'''Edmonds''',0,9000,0,'''Edmonds''',0,3000,0,'''Edmonds''',0,17000,0,'''Edmonds''',0
'20240512',12809,62500,0,'''Edmonds''',0,7500,0,'''Edmonds''',0,5500,0,'''Edmonds''',0,8500,0,'''Edmonds''',0,9500,0,'''Edmonds''',0,8500,0,'''Edmonds''',0,8500,0,'''Edmonds''',0,5000,0,'''Edmonds''',0,9000,0,'''Edmonds''',0,8500,0,'''Edmonds''',0,10000,0,'''Edmonds''',0,8000,0,'''Edmonds''',0,9000,0,'''Edmonds''',0,4000,0,'''Edmonds''',0,9000,0,'''Edmonds''',0,8000,0,'''Edmonds''',0,9000,0,'''Edmonds''',0,4500,0,'''Edmonds''',0,7500,0,'''Edmonds''',0,9000,0,'''Edmonds''',0,3000,0,'''Edmonds''',0,9000,0,'''Edmonds''',0,8000,0,'''Edmonds''',0
'20240513',12809,44500,0,'''Edmonds''',0,8500,0,'''Edmonds''',0,9500,0,'''Edmonds''',0,7500,0,'''Edmonds''',0,5500,0,'''Edmonds''',0,8500,0,'''Edmonds''',0,9500,0,'''Edmonds''',0,8500,0,'''Edmonds''',0,8500,0,'''Edmonds''',0,5000,0,'''Edmonds''',0,9000,0,'''Edmonds''',0,8500,0,'''Edmonds''',0,10000,0,'''Edmonds''',0,8000,0,'''Edmonds''',0,9000,0,'''Edmonds''',0,4000,0,'''Edmonds''',0,9000,0,'''Edmonds''',0,8000,0,'''Edmonds''',0,9000,0,'''Edmonds''',0,4500,0,'''Edmonds''',0,7500,0,'''Edmonds''',0,12000,0,'''Edmonds''',0,17000,0,'''Edmonds''',0
'20240514',12809,44500,0,'''Edmonds''',0,8500,0,'''Edmonds''',0,9500,0,'''Edmonds''',0,7500,0,'''Edmonds''',0,5500,0,'''Edmonds''',0,8500,0,'''Edmonds''',0,9500,0,'''Edmonds''',0,8500,0,'''Edmonds''',0,8500,0,'''Edmonds''',0,5000,0,'''Edmonds''',0,9000,0,'''Edmonds''',0,8500,0,'''Edmonds''',0,10000,0,'''Edmonds''',0,8000,0,'''Edmonds''',0,9000,0,'''Edmonds''',0,4000,0,'''Edmonds''',0,9000,0,'''Edmonds''',0,8000,0,'''Edmonds''',0,9000,0,'''Edmonds''',0,4500,0,'''Edmonds''',0,7500,0,'''Edmonds''',0,12000,0,'''Edmonds''',0,17000,0,'''Edmonds''',0
'20240515',12809,44500,0,'''Edmonds''',0,8500,0,'''Edmonds''',0,9500,0,'''Edmonds''',0,7500,0,'''Edmonds''',0,5500,0,'''Edmonds''',0,8500,0,'''Edmonds''',0,9500,0,'''Edmonds''',0,8500,0,'''Edmonds''',0,8500,0,'''Edmonds''',0,5000,0,'''Edmonds''',0,9000,0,'''Edmonds''',0,8500,0,'''Edmonds''',0,10000,0,'''Edmonds''',0,8000,0,'''Edmonds''',0,9000,0,'''Edmonds''',0,4000,0,'''Edmonds''',0,9000,0,'''Edmonds''',0,8000,0,'''Edmonds''',0,9000,0,'''Edmonds''',0,4500,0,'''Edmonds''',0,7500,0,'''Edmonds''',0,12000,0,'''Edmonds''',0,17000,0,'''Edmonds''',0
'20240516',12809,44500,0,'''Edmonds''',0,8500,0,'''Edmonds''',0,9500,0,'''Edmonds''',0,7500,0,'''Edmonds''',0,5500,0,'''Edmonds''',0,8500,0,'''Edmonds''',0,9500,0,'''Edmonds''',0,8500,0,'''Edmonds''',0,8500,0,'''Edmonds''',0,5000,0,'''Edmonds''',0,9000,0,'''Edmonds''',0,8500,0,'''Edmonds''',0,10000,0,'''Edmonds''',0,8000,0,'''Edmonds''',0,9000,0,'''Edmonds''',0,4000,0,'''Edmonds''',0,9000,0,'''Edmonds''',0,8000,0,'''Edmonds''',0,9000,0,'''Edmonds''',0,4500,0,'''Edmonds''',0,7500,0,'''Edmonds''',0,12000,0,'''Edmonds''',0,17000,0,'''Edmonds''',0
'20240517',12809,44500,0,'''Edmonds''',0,8500,0,'''Edmonds''',0,9500,0,'''Edmonds''',0,7500,0,'''Edmonds''',0,5500,0,'''Edmonds''',0,8500,0,'''Edmonds''',0,9500,0,'''Edmonds''',0,8500,0,'''Edmonds''',0,8500,0,'''Edmonds''',0,5000,0,'''Edmonds''',0,9000,0,'''Edmonds''',0,8500,0,'''Edmonds''',0,10000,0,'''Edmonds''',0,8000,0,'''Edmonds''',0,9000,0,'''Edmonds''',0,4000,0,'''Edmonds''',0,9000,0,'''Edmonds''',0,8000,0,'''Edmonds''',0,9000,0,'''Edmonds''',0,4500,0,'''Edmonds''',0,7500,0,'''Edmonds''',0,9000,0,'''Edmonds''',0,3000,0,'''Edmonds''',0,9000,0,'''Edmonds''',0,8000,0,'''Edmonds''',0
'20240518',12809,44500,0,'''Edmonds''',0,8500,0,'''Edmonds''',0,9500,0,'''Edmonds''',0,7500,0,'''Edmonds''',0,5500,0,'''Edmonds''',0,8500,0,'''Edmonds''',0,9500,0,'''Edmonds''',0,8500,0,'''Edmonds''',0,8500,0,'''Edmonds''',0,5000,0,'''Edmonds''',0,9000,0,'''Edmonds''',0,8500,0,'''Edmonds''',0,10000,0,'''Edmonds''',0,8000,0,'''Edmonds''',0,9000,0,'''Edmonds''',0,4000,0,'''Edmonds''',0,9000,0,'''Edmonds''',0,8000,0,'''Edmonds''',0,9000,0,'''Edmonds''',0,4500,0,'''Edmonds''',0,7500,0,'''Edmonds''',0,9000,0,'''Edmonds''',0,3000,0,'''Edmonds''',0,17000,0,'''Edmonds''',0
'20240519',12809,62500,0,'''Edmonds''',0,7500,0,'''Edmonds''',0,5500,0,'''Edmonds''',0,8500,0,'''Edmonds''',0,9500,0,'''Edmonds''',0,8500,0,'''Edmonds''',0,8500,0,'''Edmonds''',0,5000,0,'''Edmonds''',0,9000,0,'''Edmonds''',0,8500,0,'''Edmonds''',0,10000,0,'''Edmonds''',0,8000,0,'''Edmonds''',0,9000,0,'''Edmonds''',0,4000,0,'''Edmonds''',0,9000,0,'''Edmonds''',0,8000,0,'''Edmonds''',0,9000,0,'''Edmonds''',0,4500,0,'''Edmonds''',0,7500,0,'''Edmonds''',0,9000,0,'''Edmonds''',0,3000,0,'''Edmonds''',0,9000,0,'''Edmonds''',0,8000,0,'''Edmonds''',0
'20240520',12809,44500,0,'''Edmonds''',0,8500,0,'''Edmonds''',0,9500,0,'''Edmonds''',0,7500,0,'''Edmonds''',0,5500,0,'''Edmonds''',0,8500,0,'''Edmonds''',0,9500,0,'''Edmonds''',0,8500,0,'''Edmonds''',0,8500,0,'''Edmonds''',0,5000,0,'''Edmonds''',0,9000,0,'''Edmonds''',0,8500,0,'''Edmonds''',0,10000,0,'''Edmonds''',0,8000,0,'''Edmonds''',0,9000,0,'''Edmonds''',0,4000,0,'''Edmonds''',0,9000,0,'''Edmonds''',0,8000,0,'''Edmonds''',0,9000,0,'''Edmonds''',0,4500,0,'''Edmonds''',0,7500,0,'''Edmonds''',0,12000,0,'''Edmonds''',0,17000,0,'''Edmonds''',0
'20240521',12809,44500,0,'''Edmonds''',0,8500,0,'''Edmonds''',0,9500,0,'''Edmonds''',0,7500,0,'''Edmonds''',0,5500,0,'''Edmonds''',0,8500,0,'''Edmonds''',0,9500,0,'''Edmonds''',0,8500,0,'''Edmonds''',0,8500,0,'''Edmonds''',0,5000,0,'''Edmonds''',0,9000,0,'''Edmonds''',0,8500,0,'''Edmonds''',0,10000,0,'''Edmonds''',0,8000,0,'''Edmonds''',0,9000,0,'''Edmonds''',0,4000,0,'''Edmonds''',0,9000,0,'''Edmonds''',0,8000,0,'''Edmonds''',0,9000,0,'''Edmonds''',0,4500,0,'''Edmonds''',0,7500,0,'''Edmonds''',0,12000,0,'''Edmonds''',0,17000,0,'''Edmonds''',0
'20240522',12809,44500,0,'''Edmonds''',0,8500,0,'''Edmonds''',0,9500,0,'''Edmonds''',0,7500,0,'''Edmonds''',0,5500,0,'''Edmonds''',0,8500,0,'''Edmonds''',0,9500,0,'''Edmonds''',0,8500,0,'''Edmonds''',0,8500,0,'''Edmonds''',0,5000,0,'''Edmonds''',0,9000,0,'''Edmonds''',0,8500,0,'''Edmonds''',0,10000,0,'''Edmonds''',0,8000,0,'''Edmonds''',0,9000,0,'''Edmonds''',0,4000,0,'''Edmonds''',0,9000,0,'''Edmonds''',0,8000,0,'''Edmonds''',0,9000,0,'''Edmonds''',0,4500,0,'''Edmonds''',0,7500,0,'''Edmonds''',0,12000,0,'''Edmonds''',0,17000,0,'''Edmonds''',0
'20240523',12809,44500,0,'''Edmonds''',0,8500,0,'''Edmonds''',0,9500,0,'''Edmonds''',0,7500,0,'''Edmonds''',0,5500,0,'''Edmonds''',0,8500,0,'''Edmonds''',0,9500,0,'''Edmonds''',0,8500,0,'''Edmonds''',0,8500,0,'''Edmonds''',0,5000,0,'''Edmonds''',0,9000,0,'''Edmonds''',0,8500,0,'''Edmonds''',0,10000,0,'''Edmonds''',0,8000,0,'''Edmonds''',0,9000,0,'''Edmonds''',0,4000,0,'''Edmonds''',0,9000,0,'''Edmonds''',0,8000,0,'''Edmonds''',0,9000,0,'''Edmonds''',0,4500,0,'''Edmonds''',0,7500,0,'''Edmonds''',0,12000,0,'''Edmonds''',0,17000,0,'''Edmonds''',0
'20240524',12809,44500,0,'''Edmonds''',0,8500,0,'''Edmonds''',0,9500,0,'''Edmonds''',0,7500,0,'''Edmonds''',0,5500,0,'''Edmonds''',0,8500,0,'''Edmonds''',0,9500,0,'''Edmonds''',0,8500,0,'''Edmonds''',0,8500,0,'''Edmonds''',0,5000,0,'''Edmonds''',0,9000,0,'''Edmonds''',0,8500,0,'''Edmonds''',0,10000,0,'''Edmonds''',0,8000,0,'''Edmonds''',0,9000,0,'''Edmonds''',0,4000,0,'''Edmonds''',0,9000,0,'''Edmonds''',0,8000,0,'''Edmonds''',0,9000,0,'''Edmonds''',0,4500,0,'''Edmonds''',0,7500,0,'''Edmonds''',0,9000,0,'''Edmonds''',0,3000,0,'''Edmonds''',0,9000,0,'''Edmonds''',0,8000,0,'''Edmonds''',0
'20240525',12809,44500,0,'''Edmonds''',0,8500,0,'''Edmonds''',0,9500,0,'''Edmonds''',0,7500,0,'''Edmonds''',0,5500,0,'''Edmonds''',0,8500,0,'''Edmonds''',0,9500,0,'''Edmonds''',0,8500,0,'''Edmonds''',0,8500,0,'''Edmonds''',0,5000,0,'''Edmonds''',0,9000,0,'''Edmonds''',0,8500,0,'''Edmonds''',0,10000,0,'''Edmonds''',0,8000,0,'''Edmonds''',0,9000,0,'''Edmonds''',0,4000,0,'''Edmonds''',0,9000,0,'''Edmonds''',0,8000,0,'''Edmonds''',0,9000,0,'''Edmonds''',0,4500,0,'''Edmonds''',0,7500,0,'''Edmonds''',0,9000,0,'''Edmonds''',0,3000,0,'''Edmonds''',0,17000,0,'''Edmonds''',0
'20240526',12809,62500,0,'''Edmonds''',0,7500,0,'''Edmonds''',0,5500,0,'''Edmonds''',0,8500,0,'''Edmonds''',0,9500,0,'''Edmonds''',0,8500,0,'''Edmonds''',0,8500,0,'''Edmonds''',0,5000,0,'''Edmonds''',0,9000,0,'''Edmonds''',0,8500,0,'''Edmonds''',0,10000,0,'''Edmonds''',0,8000,0,'''Edmonds''',0,9000,0,'''Edmonds''',0,4000,0,'''Edmonds''',0,9000,0,'''Edmonds''',0,8000,0,'''Edmonds''',0,9000,0,'''Edmonds''',0,4500,0,'''Edmonds''',0,7500,0,'''Edmonds''',0,9000,0,'''Edmonds''',0,3000,0,'''Edmonds''',0,9000,0,'''Edmonds''',0,8000,0,'''Edmonds''',0
'20240527',12809,44500,0,'''Edmonds''',0,18000,0,'''Edmonds''',0,7500,0,'''Edmonds''',0,5500,0,'''Edmonds''',0,8500,0,'''Edmonds''',0,9500,0,'''Edmonds''',0,8500,0,'''Edmonds''',0,8500,0,'''Edmonds''',0,5000,0,'''Edmonds''',0,9000,0,'''Edmonds''',0,8500,0,'''Edmonds''',0,10000,0,'''Edmonds''',0,8000,0,'''Edmonds''',0,9000,0,'''Edmonds''',0,4000,0,'''Edmonds''',0,9000,0,'''Edmonds''',0,8000,0,'''Edmonds''',0,9000,0,'''Edmonds''',0,4500,0,'''Edmonds''',0,7500,0,'''Edmonds''',0,9000,0,'''Edmonds''',0,3000,0,'''Edmonds''',0,17000,0,'''Edmonds''',0
'20240528',12809,44500,0,'''Edmonds''',0,8500,0,'''Edmonds''',0,9500,0,'''Edmonds''',0,7500,0,'''Edmonds''',0,5500,0,'''Edmonds''',0,8500,0,'''Edmonds''',0,9500,0,'''Edmonds''',0,8500,0,'''Edmonds''',0,8500,0,'''Edmonds''',0,5000,0,'''Edmonds''',0,9000,0,'''Edmonds''',0,8500,0,'''Edmonds''',0,10000,0,'''Edmonds''',0,8000,0,'''Edmonds''',0,9000,0,'''Edmonds''',0,4000,0,'''Edmonds''',0,9000,0,'''Edmonds''',0,8000,0,'''Edmonds''',0,9000,0,'''Edmonds''',0,4500,0,'''Edmonds''',0,7500,0,'''Edmonds''',0,12000,0,'''Edmonds''',0,17000,0,'''Edmonds''',0
'20240529',12809,44500,0,'''Edmonds''',0,8500,0,'''Edmonds''',0,9500,0,'''Edmonds''',0,7500,0,'''Edmonds''',0,5500,0,'''Edmonds''',0,8500,0,'''Edmonds''',0,9500,0,'''Edmonds''',0,8500,0,'''Edmonds''',0,8500,0,'''Edmonds''',0,5000,0,'''Edmonds''',0,9000,0,'''Edmonds''',0,8500,0,'''Edmonds''',0,10000,0,'''Edmonds''',0,8000,0,'''Edmonds''',0,9000,0,'''Edmonds''',0,4000,0,'''Edmonds''',0,9000,0,'''Edmonds''',0,8000,0,'''Edmonds''',0,9000,0,'''Edmonds''',0,4500,0,'''Edmonds''',0,7500,0,'''Edmonds''',0,12000,0,'''Edmonds''',0,17000,0,'''Edmonds''',0
'20240530',12809,44500,0,'''Edmonds''',0,8500,0,'''Edmonds''',0,9500,0,'''Edmonds''',0,7500,0,'''Edmonds''',0,5500,0,'''Edmonds''',0,8500,0,'''Edmonds''',0,9500,0,'''Edmonds''',0,8500,0,'''Edmonds''',0,8500,0,'''Edmonds''',0,5000,0,'''Edmonds''',0,9000,0,'''Edmonds''',0,8500,0,'''Edmonds''',0,10000,0,'''Edmonds''',0,8000,0,'''Edmonds''',0,9000,0,'''Edmonds''',0,4000,0,'''Edmonds''',0,9000,0,'''Edmonds''',0,8000,0,'''Edmonds''',0,9000,0,'''Edmonds''',0,4500,0,'''Edmonds''',0,7500,0,'''Edmonds''',0,12000,0,'''Edmonds''',0,17000,0,'''Edmonds''',0
'20240531',12809,44500,0,'''Edmonds''',0,8500,0,'''Edmonds''',0,9500,0,'''Edmonds''',0,7500,0,'''Edmonds''',0,5500,0,'''Edmonds''',0,8500,0,'''Edmonds''',0,9500,0,'''Edmonds''',0,8500,0,'''Edmonds''',0,8500,0,'''Edmonds''',0,5000,0,'''Edmonds''',0,9000,0,'''Edmonds''',0,8500,0,'''Edmonds''',0,10000,0,'''Edmonds''',0,8000,0,'''Edmonds''',0,9000,0,'''Edmonds''',0,4000,0,'''Edmonds''',0,9000,0,'''Edmonds''',0,8000,0,'''Edmonds''',0,9000,0,'''Edmonds''',0,4500,0,'''Edmonds''',0,7500,0,'''Edmonds''',0,9000,0,'''Edmonds''',0,3000,0,'''Edmonds''',0,9000,0,'''Edmonds''',0,8000,0,'''Edmonds''',0
'20240601',12809,44500,0,'''Edmonds''',0,8500,0,'''Edmonds''',0,9500,0,'''Edmonds''',0,7500,0,'''Edmonds''',0,5500,0,'''Edmonds''',0,8500,0,'''Edmonds''',0,9500,0,'''Edmonds''',0,8500,0,'''Edmonds''',0,8500,0,'''Edmonds''',0,5000,0,'''Edmonds''',0,9000,0,'''Edmonds''',0,8500,0,'''Edmonds''',0,10000,0,'''Edmonds''',0,8000,0,'''Edmonds''',0,9000,0,'''Edmonds''',0,4000,0,'''Edmonds''',0,9000,0,'''Edmonds''',0,8000,0,'''Edmonds''',0,9000,0,'''Edmonds''',0,4500,0,'''Edmonds''',0,7500,0,'''Edmonds''',0,9000,0,'''Edmonds''',0,3000,0,'''Edmonds''',0,17000,0,'''Edmonds''',0
'20240602',12809,62500,0,'''Edmonds''',0,7500,0,'''Edmonds''',0,5500,0,'''Edmonds''',0,8500,0,'''Edmonds''',0,9500,0,'''Edmonds''',0,8500,0,'''Edmonds''',0,8500,0,'''Edmonds''',0,5000,0,'''Edmonds''',0,9000,0,'''Edmonds''',0,8500,0,'''Edmonds''',0,10000,0,'''Edmonds''',0,8000,0,'''Edmonds''',0,9000,0,'''Edmonds''',0,4000,0,'''Edmonds''',0,9000,0,'''Edmonds''',0,8000,0,'''Edmonds''',0,9000,0,'''Edmonds''',0,4500,0,'''Edmonds''',0,7500,0,'''Edmonds''',0,9000,0,'''Edmonds''',0,3000,0,'''Edmonds''',0,9000,0,'''Edmonds''',0,8000,0,'''Edmonds''',0
'20240603',12809,44500,0,'''Edmonds''',0,8500,0,'''Edmonds''',0,9500,0,'''Edmonds''',0,7500,0,'''Edmonds''',0,5500,0,'''Edmonds''',0,8500,0,'''Edmonds''',0,9500,0,'''Edmonds''',0,8500,0,'''Edmonds''',0,8500,0,'''Edmonds''',0,5000,0,'''Edmonds''',0,9000,0,'''Edmonds''',0,8500,0,'''Edmonds''',0,10000,0,'''Edmonds''',0,8000,0,'''Edmonds''',0,9000,0,'''Edmonds''',0,4000,0,'''Edmonds''',0,9000,0,'''Edmonds''',0,8000,0,'''Edmonds''',0,9000,0,'''Edmonds''',0,4500,0,'''Edmonds''',0,7500,0,'''Edmonds''',0,12000,0,'''Edmonds''',0,17000,0,'''Edmonds''',0
'20240604',12809,44500,0,'''Edmonds''',0,8500,0,'''Edmonds''',0,9500,0,'''Edmonds''',0,7500,0,'''Edmonds''',0,5500,0,'''Edmonds''',0,8500,0,'''Edmonds''',0,9500,0,'''Edmonds''',0,8500,0,'''Edmonds''',0,8500,0,'''Edmonds''',0,5000,0,'''Edmonds''',0,9000,0,'''Edmonds''',0,8500,0,'''Edmonds''',0,10000,0,'''Edmonds''',0,8000,0,'''Edmonds''',0,9000,0,'''Edmonds''',0,4000,0,'''Edmonds''',0,9000,0,'''Edmonds''',0,8000,0,'''Edmonds''',0,9000,0,'''Edmonds''',0,4500,0,'''Edmonds''',0,7500,0,'''Edmonds''',0,12000,0,'''Edmonds''',0,17000,0,'''Edmonds''',0
'20240605',12809,44500,0,'''Edmonds''',0,8500,0,'''Edmonds''',0,9500,0,'''Edmonds''',0,7500,0,'''Edmonds''',0,5500,0,'''Edmonds''',0,8500,0,'''Edmonds''',0,9500,0,'''Edmonds''',0,8500,0,'''Edmonds''',0,8500,0,'''Edmonds''',0,5000,0,'''Edmonds''',0,9000,0,'''Edmonds''',0,8500,0,'''Edmonds''',0,10000,0,'''Edmonds''',0,8000,0,'''Edmonds''',0,9000,0,'''Edmonds''',0,4000,0,'''Edmonds''',0,9000,0,'''Edmonds''',0,8000,0,'''Edmonds''',0,9000,0,'''Edmonds''',0,4500,0,'''Edmonds''',0,7500,0,'''Edmonds''',0,12000,0,'''Edmonds''',0,17000,0,'''Edmonds''',0
'20240606',12809,44500,0,'''Edmonds''',0,8500,0,'''Edmonds''',0,9500,0,'''Edmonds''',0,7500,0,'''Edmonds''',0,5500,0,'''Edmonds''',0,8500,0,'''Edmonds''',0,9500,0,'''Edmonds''',0,8500,0,'''Edmonds''',0,8500,0,'''Edmonds''',0,5000,0,'''Edmonds''',0,9000,0,'''Edmonds''',0,8500,0,'''Edmonds''',0,10000,0,'''Edmonds''',0,8000,0,'''Edmonds''',0,9000,0,'''Edmonds''',0,4000,0,'''Edmonds''',0,9000,0,'''Edmonds''',0,8000,0,'''Edmonds''',0,9000,0,'''Edmonds''',0,4500,0,'''Edmonds''',0,7500,0,'''Edmonds''',0,12000,0,'''Edmonds''',0,17000,0,'''Edmonds''',0
'20240607',12809,44500,0,'''Edmonds''',0,8500,0,'''Edmonds''',0,9500,0,'''Edmonds''',0,7500,0,'''Edmonds''',0,5500,0,'''Edmonds''',0,8500,0,'''Edmonds''',0,9500,0,'''Edmonds''',0,8500,0,'''Edmonds''',0,8500,0,'''Edmonds''',0,5000,0,'''Edmonds''',0,9000,0,'''Edmonds''',0,8500,0,'''Edmonds''',0,10000,0,'''Edmonds''',0,8000,0,'''Edmonds''',0,9000,0,'''Edmonds''',0,4000,0,'''Edmonds''',0,9000,0,'''Edmonds''',0,8000,0,'''Edmonds''',0,9000,0,'''Edmonds''',0,4500,0,'''Edmonds''',0,7500,0,'''Edmonds''',0,9000,0,'''Edmonds''',0,3000,0,'''Edmonds''',0,9000,0,'''Edmonds''',0,8000,0,'''Edmonds''',0
'20240608',12809,44500,0,'''Edmonds''',0,8500,0,'''Edmonds''',0,9500,0,'''Edmonds''',0,7500,0,'''Edmonds''',0,5500,0,'''Edmonds''',0,8500,0,'''Edmonds''',0,9500,0,'''Edmonds''',0,8500,0,'''Edmonds''',0,8500,0,'''Edmonds''',0,5000,0,'''Edmonds''',0,9000,0,'''Edmonds''',0,8500,0,'''Edmonds''',0,10000,0,'''Edmonds''',0,8000,0,'''Edmonds''',0,9000,0,'''Edmonds''',0,4000,0,'''Edmonds''',0,9000,0,'''Edmonds''',0,8000,0,'''Edmonds''',0,9000,0,'''Edmonds''',0,4500,0,'''Edmonds''',0,7500,0,'''Edmonds''',0,9000,0,'''Edmonds''',0,3000,0,'''Edmonds''',0,17000,0,'''Edmonds''',0
'20240609',12809,62500,0,'''Edmonds''',0,7500,0,'''Edmonds''',0,5500,0,'''Edmonds''',0,8500,0,'''Edmonds''',0,9500,0,'''Edmonds''',0,8500,0,'''Edmonds''',0,8500,0,'''Edmonds''',0,5000,0,'''Edmonds''',0,9000,0,'''Edmonds''',0,8500,0,'''Edmonds''',0,10000,0,'''Edmonds''',0,8000,0,'''Edmonds''',0,9000,0,'''Edmonds''',0,4000,0,'''Edmonds''',0,9000,0,'''Edmonds''',0,8000,0,'''Edmonds''',0,9000,0,'''Edmonds''',0,4500,0,'''Edmonds''',0,7500,0,'''Edmonds''',0,9000,0,'''Edmonds''',0,3000,0,'''Edmonds''',0,9000,0,'''Edmonds''',0,8000,0,'''Edmonds''',0
'20240610',12809,44500,0,'''Edmonds''',0,8500,0,'''Edmonds''',0,9500,0,'''Edmonds''',0,7500,0,'''Edmonds''',0,5500,0,'''Edmonds''',0,8500,0,'''Edmonds''',0,9500,0,'''Edmonds''',0,8500,0,'''Edmonds''',0,8500,0,'''Edmonds''',0,5000,0,'''Edmonds''',0,9000,0,'''Edmonds''',0,8500,0,'''Edmonds''',0,10000,0,'''Edmonds''',0,8000,0,'''Edmonds''',0,9000,0,'''Edmonds''',0,4000,0,'''Edmonds''',0,9000,0,'''Edmonds''',0,8000,0,'''Edmonds''',0,9000,0,'''Edmonds''',0,4500,0,'''Edmonds''',0,7500,0,'''Edmonds''',0,12000,0,'''Edmonds''',0,17000,0,'''Edmonds''',0
'20240611',12809,44500,0,'''Edmonds''',0,8500,0,'''Edmonds''',0,9500,0,'''Edmonds''',0,7500,0,'''Edmonds''',0,5500,0,'''Edmonds''',0,8500,0,'''Edmonds''',0,9500,0,'''Edmonds''',0,8500,0,'''Edmonds''',0,8500,0,'''Edmonds''',0,5000,0,'''Edmonds''',0,9000,0,'''Edmonds''',0,8500,0,'''Edmonds''',0,10000,0,'''Edmonds''',0,8000,0,'''Edmonds''',0,9000,0,'''Edmonds''',0,4000,0,'''Edmonds''',0,9000,0,'''Edmonds''',0,8000,0,'''Edmonds''',0,9000,0,'''Edmonds''',0,4500,0,'''Edmonds''',0,7500,0,'''Edmonds''',0,12000,0,'''Edmonds''',0,17000,0,'''Edmonds''',0
'20240612',12809,44500,0,'''Edmonds''',0,8500,0,'''Edmonds''',0,9500,0,'''Edmonds''',0,7500,0,'''Edmonds''',0,5500,0,'''Edmonds''',0,8500,0,'''Edmonds''',0,9500,0,'''Edmonds''',0,8500,0,'''Edmonds''',0,8500,0,'''Edmonds''',0,5000,0,'''Edmonds''',0,9000,0,'''Edmonds''',0,8500,0,'''Edmonds''',0,10000,0,'''Edmonds''',0,8000,0,'''Edmonds''',0,9000,0,'''Edmonds''',0,4000,0,'''Edmonds''',0,9000,0,'''Edmonds''',0,8000,0,'''Edmonds''',0,9000,0,'''Edmonds''',0,4500,0,'''Edmonds''',0,7500,0,'''Edmonds''',0,12000,0,'''Edmonds''',0,17000,0,'''Edmonds''',0
'20240613',12809,44500,0,'''Edmonds''',0,8500,0,'''Edmonds''',0,9500,0,'''Edmonds''',0,7500,0,'''Edmonds''',0,5500,0,'''Edmonds''',0,8500,0,'''Edmonds''',0,9500,0,'''Edmonds''',0,8500,0,'''Edmonds''',0,8500,0,'''Edmonds''',0,5000,0,'''Edmonds''',0,9000,0,'''Edmonds''',0,8500,0,'''Edmonds''',0,10000,0,'''Edmonds''',0,8000,0,'''Edmonds''',0,9000,0,'''Edmonds''',0,4000,0,'''Edmonds''',0,9000,0,'''Edmonds''',0,8000,0,'''Edmonds''',0,9000,0,'''Edmonds''',0,4500,0,'''Edmonds''',0,7500,0,'''Edmonds''',0,12000,0,'''Edmonds''',0,17000,0,'''Edmonds''',0
'20240614',12809,44500,0,'''Edmonds''',0,8500,0,'''Edmonds''',0,9500,0,'''Edmonds''',0,7500,0,'''Edmonds''',0,5500,0,'''Edmonds''',0,8500,0,'''Edmonds''',0,9500,0,'''Edmonds''',0,8500,0,'''Edmonds''',0,8500,0,'''Edmonds''',0,5000,0,'''Edmonds''',0,9000,0,'''Edmonds''',0,8500,0,'''Edmonds''',0,10000,0,'''Edmonds''',0,8000,0,'''Edmonds''',0,9000,0,'''Edmonds''',0,4000,0,'''Edmonds''',0,9000,0,'''Edmonds''',0,8000,0,'''Edmonds''',0,9000,0,'''Edmonds''',0,4500,0,'''Edmonds''',0,7500,0,'''Edmonds''',0,9000,0,'''Edmonds''',0,3000,0,'''Edmonds''',0,9000,0,'''Edmonds''',0,8000,0,'''Edmonds''',0
'20240615',12809,44500,0,'''Edmonds''',0,8500,0,'''Edmonds''',0,9500,0,'''Edmonds''',0,7500,0,'''Edmonds''',0,5500,0,'''Edmonds''',0,8500,0,'''Edmonds''',0,9500,0,'''Edmonds''',0,8500,0,'''Edmonds''',0,8500,0,'''Edmonds''',0,5000,0,'''Edmonds''',0,9000,0,'''Edmonds''',0,8500,0,'''Edmonds''',0,10000,0,'''Edmonds''',0,8000,0,'''Edmonds''',0,9000,0,'''Edmonds''',0,4000,0,'''Edmonds''',0,9000,0,'''Edmonds''',0,8000,0,'''Edmonds''',0,9000,0,'''Edmonds''',0,4500,0,'''Edmonds''',0,7500,0,'''Edmonds''',0,9000,0,'''Edmonds''',0,3000,0,'''Edmonds''',0,17000,0,'''Edmonds''',0
'20240507',81209,60500,4,'',0,4000,4,'',0,9500,4,'',0,8500,4,'',0,9500,4,'',0,8500,4,'',0,4500,4,'',0,8500,4,'',0,9000,4,'',0,8500,4,'',0,9500,4,'',0,5000,4,'',0,9000,4,'',0,8000,4,'',0,9000,4,'',0,4000,4,'',0,9000,4,'',0,8500,4,'',0,8000,4,'',0,9000,4,'',0,3500,4,'',0,12000,4,'',0,16000,4,'',0
'20240508',81209,60500,4,'',0,4000,4,'',0,9500,4,'',0,8500,4,'',0,9500,4,'',0,8500,4,'',0,4500,4,'',0,8500,4,'',0,9000,4,'',0,8500,4,'',0,9500,4,'',0,5000,4,'',0,9000,4,'',0,8000,4,'',0,9000,4,'',0,4000,4,'',0,9000,4,'',0,8500,4,'',0,8000,4,'',0,9000,4,'',0,3500,4,'',0,12000,4,'',0,16000,4,'',0
'20240509',81209,60500,4,'',0,4000,4,'',0,9500,4,'',0,8500,4,'',0,9500,4,'',0,8500,4,'',0,4500,4,'',0,8500,4,'',0,9000,4,'',0,8500,4,'',0,9500,4,'',0,5000,4,'',0,9000,4,'',0,8000,4,'',0,9000,4,'',0,4000,4,'',0,9000,4,'',0,8500,4,'',0,8000,4,'',0,9000,4,'',0,3500,4,'',0,12000,4,'',0,16000,4,'',0
'20240510',81209,60500,4,'',0,4000,4,'',0,9500,4,'',0,8500,4,'',0,9500,4,'',0,8500,4,'',0,4500,4,'',0,8500,4,'',0,9000,4,'',0,8500,4,'',0,9500,4,'',0,5000,4,'',0,9000,4,'',0,8000,4,'',0,9000,4,'',0,4000,4,'',0,9000,4,'',0,8500,4,'',0,8000,4,'',0,9000,4,'',0,3500,4,'',0,8500,4,'',0,3500,4,'',0,8500,4,'',0,7500,4,'',0
'20240511',81209,60500,4,'',0,4000,4,'',0,9500,4,'',0,8500,4,'',0,9500,4,'',0,8500,4,'',0,4500,4,'',0,8500,4,'',0,9000,4,'',0,8500,4,'',0,9500,4,'',0,5000,4,'',0,9000,4,'',0,8000,4,'',0,9000,4,'',0,4000,4,'',0,9000,4,'',0,8500,4,'',0,8000,4,'',0,9000,4,'',0,3500,4,'',0,8500,4,'',0,3500,4,'',0,16000,4,'',0
'20240512',81209,74000,4,'',0,8500,4,'',0,9500,4,'',0,8500,4,'',0,4500,4,'',0,8500,4,'',0,9000,4,'',0,8500,4,'',0,9500,4,'',0,5000,4,'',0,9000,4,'',0,8000,4,'',0,9000,4,'',0,4000,4,'',0,9000,4,'',0,8500,4,'',0,8000,4,'',0,9000,4,'',0,3500,4,'',0,8500,4,'',0,3500,4,'',0,8500,4,'',0,7500,4,'',0
'20240513',81209,60500,4,'',0,4000,4,'',0,9500,4,'',0,8500,4,'',0,9500,4,'',0,8500,4,'',0,4500,4,'',0,8500,4,'',0,9000,4,'',0,8500,4,'',0,9500,4,'',0,5000,4,'',0,9000,4,'',0,8000,4,'',0,9000,4,'',0,4000,4,'',0,9000,4,'',0,8500,4,'',0,8000,4,'',0,9000,4,'',0,3500,4,'',0,12000,4,'',0,16000,4,'',0
'20240514',81209,60500,4,'',0,4000,4,'',0,9500,4,'',0,8500,4,'',0,9500,4,'',0,8500,4,'',0,4500,4,'',0,8500,4,'',0,9000,4,'',0,8500,4,'',0,9500,4,'',0,5000,4,'',0,9000,4,'',0,8000,4,'',0,9000,4,'',0,4000,4,'',0,9000,4,'',0,8500,4,'',0,8000,4,'',0,9000,4,'',0,3500,4,'',0,12000,4,'',0,16000,4,'',0
'20240515',81209,60500,4,'',0,4000,4,'',0,9500,4,'',0,8500,4,'',0,9500,4,'',0,8500,4,'',0,4500,4,'',0,8500,4,'',0,9000,4,'',0,8500,4,'',0,9500,4,'',0,5000,4,'',0,9000,4,'',0,8000,4,'',0,9000,4,'',0,4000,4,'',0,9000,4,'',0,8500,4,'',0,8000,4,'',0,9000,4,'',0,3500,4,'',0,12000,4,'',0,16000,4,'',0
'20240516',81209,60500,4,'',0,4000,4,'',0,9500,4,'',0,8500,4,'',0,9500,4,'',0,8500,4,'',0,4500,4,'',0,8500,4,'',0,9000,4,'',0,8500,4,'',0,9500,4,'',0,5000,4,'',0,9000,4,'',0,8000,4,'',0,9000,4,'',0,4000,4,'',0,9000,4,'',0,8500,4,'',0,8000,4,'',0,9000,4,'',0,3500,4,'',0,12000,4,'',0,16000,4,'',0
'20240517',81209,60500,4,'',0,4000,4,'',0,9500,4,'',0,8500,4,'',0,9500,4,'',0,8500,4,'',0,4500,4,'',0,8500,4,'',0,9000,4,'',0,8500,4,'',0,9500,4,'',0,5000,4,'',0,9000,4,'',0,8000,4,'',0,9000,4,'',0,4000,4,'',0,9000,4,'',0,8500,4,'',0,8000,4,'',0,9000,4,'',0,3500,4,'',0,8500,4,'',0,3500,4,'',0,8500,4,'',0,7500,4,'',0
'20240518',81209,60500,4,'',0,4000,4,'',0,9500,4,'',0,8500,4,'',0,9500,4,'',0,8500,4,'',0,4500,4,'',0,8500,4,'',0,9000,4,'',0,8500,4,'',0,9500,4,'',0,5000,4,'',0,9000,4,'',0,8000,4,'',0,9000,4,'',0,4000,4,'',0,9000,4,'',0,8500,4,'',0,8000,4,'',0,9000,4,'',0,3500,4,'',0,8500,4,'',0,3500,4,'',0,16000,4,'',0
'20240519',81209,74000,4,'',0,8500,4,'',0,9500,4,'',0,8500,4,'',0,4500,4,'',0,8500,4,'',0,9000,4,'',0,8500,4,'',0,9500,4,'',0,5000,4,'',0,9000,4,'',0,8000,4,'',0,9000,4,'',0,4000,4,'',0,9000,4,'',0,8500,4,'',0,8000,4,'',0,9000,4,'',0,3500,4,'',0,8500,4,'',0,3500,4,'',0,8500,4,'',0,7500,4,'',0
'20240520',81209,60500,4,'',0,4000,4,'',0,9500,4,'',0,8500,4,'',0,9500,4,'',0,8500,4,'',0,4500,4,'',0,8500,4,'',0,9000,4,'',0,8500,4,'',0,9500,4,'',0,5000,4,'',0,9000,4,'',0,8000,4,'',0,9000,4,'',0,4000,4,'',0,9000,4,'',0,8500,4,'',0,8000,4,'',0,9000,4,'',0,3500,4,'',0,12000,4,'',0,16000,4,'',0
'20240521',81209,60500,4,'',0,4000,4,'',0,9500,4,'',0,8500,4,'',0,9500,4,'',0,8500,4,'',0,4500,4,'',0,8500,4,'',0,9000,4,'',0,8500,4,'',0,9500,4,'',0,5000,4,'',0,9000,4,'',0,8000,4,'',0,9000,4,'',0,4000,4,'',0,9000,4,'',0,8500,4,'',0,8000,4,'',0,9000,4,'',0,3500,4,'',0,12000,4,'',0,16000,4,'',0
'20240522',81209,60500,4,'',0,4000,4,'',0,9500,4,'',0,8500,4,'',0,9500,4,'',0,8500,4,'',0,4500,4,'',0,8500,4,'',0,9000,4,'',0,8500,4,'',0,9500,4,'',0,5000,4,'',0,9000,4,'',0,8000,4,'',0,9000,4,'',0,4000,4,'',0,9000,4,'',0,8500,4,'',0,8000,4,'',0,9000,4,'',0,3500,4,'',0,12000,4,'',0,16000,4,'',0
'20240523',81209,60500,4,'',0,4000,4,'',0,9500,4,'',0,8500,4,'',0,9500,4,'',0,8500,4,'',0,4500,4,'',0,8500,4,'',0,9000,4,'',0,8500,4,'',0,9500,4,'',0,5000,4,'',0,9000,4,'',0,8000,4,'',0,9000,4,'',0,4000,4,'',0,9000,4,'',0,8500,4,'',0,8000,4,'',0,9000,4,'',0,3500,4,'',0,12000,4,'',0,16000,4,'',0
'20240524',81209,60500,4,'',0,4000,4,'',0,9500,4,'',0,8500,4,'',0,9500,4,'',0,8500,4,'',0,4500,4,'',0,8500,4,'',0,9000,4,'',0,8500,4,'',0,9500,4,'',0,5000,4,'',0,9000,4,'',0,8000,4,'',0,9000,4,'',0,4000,4,'',0,9000,4,'',0,8500,4,'',0,8000,4,'',0,9000,4,'',0,3500,4,'',0,8500,4,'',0,3500,4,'',0,8500,4,'',0,7500,4,'',0
'20240525',81209,60500,4,'',0,4000,4,'',0,9500,4,'',0,8500,4,'',0,9500,4,'',0,8500,4,'',0,4500,4,'',0,8500,4,'',0,9000,4,'',0,8500,4,'',0,9500,4,'',0,5000,4,'',0,9000,4,'',0,8000,4,'',0,9000,4,'',0,4000,4,'',0,9000,4,'',0,8500,4,'',0,8000,4,'',0,9000,4,'',0,3500,4,'',0,8500,4,'',0,3500,4,'',0,16000,4,'',0
'20240526',81209,74000,4,'',0,8500,4,'',0,9500,4,'',0,8500,4,'',0,4500,4,'',0,8500,4,'',0,9000,4,'',0,8500,4,'',0,9500,4,'',0,5000,4,'',0,9000,4,'',0,8000,4,'',0,9000,4,'',0,4000,4,'',0,9000,4,'',0,8500,4,'',0,8000,4,'',0,9000,4,'',0,3500,4,'',0,8500,4,'',0,3500,4,'',0,8500,4,'',0,7500,4,'',0
'20240527',81209,60500,4,'',0,13500,4,'',0,8500,4,'',0,9500,4,'',0,8500,4,'',0,4500,4,'',0,8500,4,'',0,9000,4,'',0,8500,4,'',0,9500,4,'',0,5000,4,'',0,9000,4,'',0,8000,4,'',0,9000,4,'',0,4000,4,'',0,9000,4,'',0,8500,4,'',0,8000,4,'',0,9000,4,'',0,3500,4,'',0,8500,4,'',0,3500,4,'',0,16000,4,'',0
'20240528',81209,60500,4,'',0,4000,4,'',0,9500,4,'',0,8500,4,'',0,9500,4,'',0,8500,4,'',0,4500,4,'',0,8500,4,'',0,9000,4,'',0,8500,4,'',0,9500,4,'',0,5000,4,'',0,9000,4,'',0,8000,4,'',0,9000,4,'',0,4000,4,'',0,9000,4,'',0,8500,4,'',0,8000,4,'',0,9000,4,'',0,3500,4,'',0,12000,4,'',0,16000,4,'',0
'20240529',81209,60500,4,'',0,4000,4,'',0,9500,4,'',0,8500,4,'',0,9500,4,'',0,8500,4,'',0,4500,4,'',0,8500,4,'',0,9000,4,'',0,8500,4,'',0,9500,4,'',0,5000,4,'',0,9000,4,'',0,8000,4,'',0,9000,4,'',0,4000,4,'',0,9000,4,'',0,8500,4,'',0,8000,4,'',0,9000,4,'',0,3500,4,'',0,12000,4,'',0,16000,4,'',0
'20240530',81209,60500,4,'',0,4000,4,'',0,9500,4,'',0,8500,4,'',0,9500,4,'',0,8500,4,'',0,4500,4,'',0,8500,4,'',0,9000,4,'',0,8500,4,'',0,9500,4,'',0,5000,4,'',0,9000,4,'',0,8000,4,'',0,9000,4,'',0,4000,4,'',0,9000,4,'',0,8500,4,'',0,8000,4,'',0,9000,4,'',0,3500,4,'',0,12000,4,'',0,16000,4,'',0
'20240531',81209,60500,4,'',0,4000,4,'',0,9500,4,'',0,8500,4,'',0,9500,4,'',0,8500,4,'',0,4500,4,'',0,8500,4,'',0,9000,4,'',0,8500,4,'',0,9500,4,'',0,5000,4,'',0,9000,4,'',0,8000,4,'',0,9000,4,'',0,4000,4,'',0,9000,4,'',0,8500,4,'',0,8000,4,'',0,9000,4,'',0,3500,4,'',0,8500,4,'',0,3500,4,'',0,8500,4,'',0,7500,4,'',0
'20240601',81209,60500,4,'',0,4000,4,'',0,9500,4,'',0,8500,4,'',0,9500,4,'',0,8500,4,'',0,4500,4,'',0,8500,4,'',0,9000,4,'',0,8500,4,'',0,9500,4,'',0,5000,4,'',0,9000,4,'',0,8000,4,'',0,9000,4,'',0,4000,4,'',0,9000,4,'',0,8500,4,'',0,8000,4,'',0,9000,4,'',0,3500,4,'',0,8500,4,'',0,3500,4,'',0,16000,4,'',0
'20240602',81209,74000,4,'',0,8500,4,'',0,9500,4,'',0,8500,4,'',0,4500,4,'',0,8500,4,'',0,9000,4,'',0,8500,4,'',0,9500,4,'',0,5000,4,'',0,9000,4,'',0,8000,4,'',0,9000,4,'',0,4000,4,'',0,9000,4,'',0,8500,4,'',0,8000,4,'',0,9000,4,'',0,3500,4,'',0,8500,4,'',0,3500,4,'',0,8500,4,'',0,7500,4,'',0
'20240603',81209,60500,4,'',0,4000,4,'',0,9500,4,'',0,8500,4,'',0,9500,4,'',0,8500,4,'',0,4500,4,'',0,8500,4,'',0,9000,4,'',0,8500,4,'',0,9500,4,'',0,5000,4,'',0,9000,4,'',0,8000,4,'',0,9000,4,'',0,4000,4,'',0,9000,4,'',0,8500,4,'',0,8000,4,'',0,9000,4,'',0,3500,4,'',0,12000,4,'',0,16000,4,'',0
'20240604',81209,60500,4,'',0,4000,4,'',0,9500,4,'',0,8500,4,'',0,9500,4,'',0,8500,4,'',0,4500,4,'',0,8500,4,'',0,9000,4,'',0,8500,4,'',0,9500,4,'',0,5000,4,'',0,9000,4,'',0,8000,4,'',0,9000,4,'',0,4000,4,'',0,9000,4,'',0,8500,4,'',0,8000,4,'',0,9000,4,'',0,3500,4,'',0,12000,4,'',0,16000,4,'',0
'20240605',81209,60500,4,'',0,4000,4,'',0,9500,4,'',0,8500,4,'',0,9500,4,'',0,8500,4,'',0,4500,4,'',0,8500,4,'',0,9000,4,'',0,8500,4,'',0,9500,4,'',0,5000,4,'',0,9000,4,'',0,8000,4,'',0,9000,4,'',0,4000,4,'',0,9000,4,'',0,8500,4,'',0,8000,4,'',0,9000,4,'',0,3500,4,'',0,12000,4,'',0,16000,4,'',0
'20240606',81209,60500,4,'',0,4000,4,'',0,9500,4,'',0,8500,4,'',0,9500,4,'',0,8500,4,'',0,4500,4,'',0,8500,4,'',0,9000,4,'',0,8500,4,'',0,9500,4,'',0,5000,4,'',0,9000,4,'',0,8000,4,'',0,9000,4,'',0,4000,4,'',0,9000,4,'',0,8500,4,'',0,8000,4,'',0,9000,4,'',0,3500,4,'',0,12000,4,'',0,16000,4,'',0
'20240607',81209,60500,4,'',0,4000,4,'',0,9500,4,'',0,8500,4,'',0,9500,4,'',0,8500,4,'',0,4500,4,'',0,8500,4,'',0,9000,4,'',0,8500,4,'',0,9500,4,'',0,5000,4,'',0,9000,4,'',0,8000,4,'',0,9000,4,'',0,4000,4,'',0,9000,4,'',0,8500,4,'',0,8000,4,'',0,9000,4,'',0,3500,4,'',0,8500,4,'',0,3500,4,'',0,8500,4,'',0,7500,4,'',0
'20240608',81209,60500,4,'',0,4000,4,'',0,9500,4,'',0,8500,4,'',0,9500,4,'',0,8500,4,'',0,4500,4,'',0,8500,4,'',0,9000,4,'',0,8500,4,'',0,9500,4,'',0,5000,4,'',0,9000,4,'',0,8000,4,'',0,9000,4,'',0,4000,4,'',0,9000,4,'',0,8500,4,'',0,8000,4,'',0,9000,4,'',0,3500,4,'',0,8500,4,'',0,3500,4,'',0,16000,4,'',0
'20240609',81209,74000,4,'',0,8500,4,'',0,9500,4,'',0,8500,4,'',0,4500,4,'',0,8500,4,'',0,9000,4,'',0,8500,4,'',0,9500,4,'',0,5000,4,'',0,9000,4,'',0,8000,4,'',0,9000,4,'',0,4000,4,'',0,9000,4,'',0,8500,4,'',0,8000,4,'',0,9000,4,'',0,3500,4,'',0,8500,4,'',0,3500,4,'',0,8500,4,'',0,7500,4,'',0
'20240610',81209,60500,4,'',0,4000,4,'',0,9500,4,'',0,8500,4,'',0,9500,4,'',0,8500,4,'',0,4500,4,'',0,8500,4,'',0,9000,4,'',0,8500,4,'',0,9500,4,'',0,5000,4,'',0,9000,4,'',0,8000,4,'',0,9000,4,'',0,4000,4,'',0,9000,4,'',0,8500,4,'',0,8000,4,'',0,9000,4,'',0,3500,4,'',0,12000,4,'',0,16000,4,'',0
'20240611',81209,60500,4,'',0,4000,4,'',0,9500,4,'',0,8500,4,'',0,9500,4,'',0,8500,4,'',0,4500,4,'',0,8500,4,'',0,9000,4,'',0,8500,4,'',0,9500,4,'',0,5000,4,'',0,9000,4,'',0,8000,4,'',0,9000,4,'',0,4000,4,'',0,9000,4,'',0,8500,4,'',0,8000,4,'',0,9000,4,'',0,3500,4,'',0,12000,4,'',0,16000,4,'',0
'20240612',81209,60500,4,'',0,4000,4,'',0,9500,4,'',0,8500,4,'',0,9500,4,'',0,8500,4,'',0,4500,4,'',0,8500,4,'',0,9000,4,'',0,8500,4,'',0,9500,4,'',0,5000,4,'',0,9000,4,'',0,8000,4,'',0,9000,4,'',0,4000,4,'',0,9000,4,'',0,8500,4,'',0,8000,4,'',0,9000,4,'',0,3500,4,'',0,12000,4,'',0,16000,4,'',0
'20240613',81209,60500,4,'',0,4000,4,'',0,9500,4,'',0,8500,4,'',0,9500,4,'',0,8500,4,'',0,4500,4,'',0,8500,4,'',0,9000,4,'',0,8500,4,'',0,9500,4,'',0,5000,4,'',0,9000,4,'',0,8000,4,'',0,9000,4,'',0,4000,4,'',0,9000,4,'',0,8500,4,'',0,8000,4,'',0,9000,4,'',0,3500,4,'',0,12000,4,'',0,16000,4,'',0
'20240614',81209,60500,4,'',0,4000,4,'',0,9500,4,'',0,8500,4,'',0,9500,4,'',0,8500,4,'',0,4500,4,'',0,8500,4,'',0,9000,4,'',0,8500,4,'',0,9500,4,'',0,5000,4,'',0,9000,4,'',0,8000,4,'',0,9000,4,'',0,4000,4,'',0,9000,4,'',0,8500,4,'',0,8000,4,'',0,9000,4,'',0,3500,4,'',0,8500,4,'',0,3500,4,'',0,8500,4,'',0,7500,4,'',0
'20240615',81209,60500,4,'',0,4000,4,'',0,9500,4,'',0,8500,4,'',0,9500,4,'',0,8500,4,'',0,4500,4,'',0,8500,4,'',0,9000,4,'',0,8500,4,'',0,9500,4,'',0,5000,4,'',0,9000,4,'',0,8000,4,'',0,9000,4,'',0,4000,4,'',0,9000,4,'',0,8500,4,'',0,8000,4,'',0,9000,4,'',0,3500,4,'',0,8500,4,'',0,3500,4,'',0,16000,4,'',0
