'20230829',3709,52000,4,'',0,3500,4,'',0,10000,4,'',0,8500,4,'',0,9000,4,'',0,9000,4,'',0,9500,4,'',0,8500,4,'',0,10500,4,'',0,5000,4,'',0,9500,4,'',0,9000,4,'',0,9000,4,'',0,9500,4,'',0,9500,4,'',0,9000,4,'',0,10500,4,'',0,4000,4,'',0,10000,4,'',0,8000,4,'',0,10000,4,'',0,17000,4,'',0,12500,4,'',0
'20230830',3709,52000,4,'',0,3500,4,'',0,10000,4,'',0,8500,4,'',0,9000,4,'',0,9000,4,'',0,9500,4,'',0,8500,4,'',0,10500,4,'',0,5000,4,'',0,9500,4,'',0,9000,4,'',0,9000,4,'',0,9500,4,'',0,9500,4,'',0,9000,4,'',0,10500,4,'',0,4000,4,'',0,10000,4,'',0,8000,4,'',0,10000,4,'',0,17000,4,'',0,12500,4,'',0
'20230831',3709,52000,4,'',0,3500,4,'',0,10000,4,'',0,8500,4,'',0,9000,4,'',0,9000,4,'',0,9500,4,'',0,8500,4,'',0,10500,4,'',0,5000,4,'',0,9500,4,'',0,9000,4,'',0,9000,4,'',0,9500,4,'',0,9500,4,'',0,9000,4,'',0,10500,4,'',0,4000,4,'',0,10000,4,'',0,8000,4,'',0,10000,4,'',0,17000,4,'',0,12500,4,'',0
'20230901',3709,52000,4,'',0,3500,4,'',0,10000,4,'',0,8500,4,'',0,9000,4,'',0,9000,4,'',0,9500,4,'',0,8500,4,'',0,10500,4,'',0,5000,4,'',0,9500,4,'',0,9000,4,'',0,9000,4,'',0,9500,4,'',0,9500,4,'',0,9000,4,'',0,10500,4,'',0,4000,4,'',0,10000,4,'',0,8000,4,'',0,10000,4,'',0,17000,4,'',0,12500,4,'',0
'20230902',3709,55500,4,'',0,18500,4,'',0,9000,4,'',0,9000,4,'',0,10000,4,'',0,8000,4,'',0,11000,4,'',0,4500,4,'',0,10000,4,'',0,9000,4,'',0,9000,4,'',0,9500,4,'',0,8500,4,'',0,9500,4,'',0,9500,4,'',0,4500,4,'',0,9500,4,'',0,8500,4,'',0,9000,4,'',0,8500,4,'',0,13000,4,'',0,16500,4,'',0
'20230903',3709,55500,4,'',0,18500,4,'',0,18000,4,'',0,10000,4,'',0,8000,4,'',0,11000,4,'',0,4500,4,'',0,10000,4,'',0,9000,4,'',0,9000,4,'',0,9500,4,'',0,8500,4,'',0,9500,4,'',0,9500,4,'',0,4500,4,'',0,9500,4,'',0,8500,4,'',0,9000,4,'',0,8500,4,'',0,13000,4,'',0,16500,4,'',0
'20230904',3709,55500,4,'',0,18500,4,'',0,9000,4,'',0,9000,4,'',0,10000,4,'',0,8000,4,'',0,11000,4,'',0,4500,4,'',0,10000,4,'',0,9000,4,'',0,9000,4,'',0,9500,4,'',0,8500,4,'',0,9500,4,'',0,9500,4,'',0,4500,4,'',0,9500,4,'',0,8500,4,'',0,9000,4,'',0,8500,4,'',0,13000,4,'',0,16500,4,'',0
'20230905',3709,52000,4,'',0,3500,4,'',0,10000,4,'',0,8500,4,'',0,9000,4,'',0,9000,4,'',0,9500,4,'',0,8500,4,'',0,10500,4,'',0,5000,4,'',0,9500,4,'',0,9000,4,'',0,9000,4,'',0,9500,4,'',0,9500,4,'',0,9000,4,'',0,10500,4,'',0,4000,4,'',0,10000,4,'',0,8000,4,'',0,10000,4,'',0,17000,4,'',0,12500,4,'',0
'20230906',3709,52000,4,'',0,3500,4,'',0,10000,4,'',0,8500,4,'',0,9000,4,'',0,9000,4,'',0,9500,4,'',0,8500,4,'',0,10500,4,'',0,5000,4,'',0,9500,4,'',0,9000,4,'',0,9000,4,'',0,9500,4,'',0,9500,4,'',0,9000,4,'',0,10500,4,'',0,4000,4,'',0,10000,4,'',0,8000,4,'',0,10000,4,'',0,17000,4,'',0,12500,4,'',0
'20230907',3709,52000,4,'',0,3500,4,'',0,10000,4,'',0,8500,4,'',0,9000,4,'',0,9000,4,'',0,9500,4,'',0,8500,4,'',0,10500,4,'',0,5000,4,'',0,9500,4,'',0,9000,4,'',0,9000,4,'',0,9500,4,'',0,9500,4,'',0,9000,4,'',0,10500,4,'',0,4000,4,'',0,10000,4,'',0,8000,4,'',0,10000,4,'',0,17000,4,'',0,12500,4,'',0
'20230908',3709,52000,4,'',0,3500,4,'',0,10000,4,'',0,8500,4,'',0,9000,4,'',0,9000,4,'',0,9500,4,'',0,8500,4,'',0,10500,4,'',0,5000,4,'',0,9500,4,'',0,9000,4,'',0,9000,4,'',0,9500,4,'',0,9500,4,'',0,9000,4,'',0,10500,4,'',0,4000,4,'',0,10000,4,'',0,8000,4,'',0,10000,4,'',0,17000,4,'',0,12500,4,'',0
'20230909',3709,55500,4,'',0,18500,4,'',0,9000,4,'',0,9000,4,'',0,10000,4,'',0,8000,4,'',0,11000,4,'',0,4500,4,'',0,10000,4,'',0,9000,4,'',0,9000,4,'',0,9500,4,'',0,8500,4,'',0,9500,4,'',0,9500,4,'',0,4500,4,'',0,9500,4,'',0,8500,4,'',0,9000,4,'',0,8500,4,'',0,13000,4,'',0,16500,4,'',0
'20230910',3709,55500,4,'',0,18500,4,'',0,18000,4,'',0,10000,4,'',0,8000,4,'',0,11000,4,'',0,4500,4,'',0,10000,4,'',0,9000,4,'',0,9000,4,'',0,9500,4,'',0,8500,4,'',0,9500,4,'',0,9500,4,'',0,4500,4,'',0,9500,4,'',0,8500,4,'',0,9000,4,'',0,8500,4,'',0,13000,4,'',0,16500,4,'',0
'20230911',3709,52000,4,'',0,3500,4,'',0,10000,4,'',0,8500,4,'',0,9000,4,'',0,9000,4,'',0,9500,4,'',0,8500,4,'',0,10500,4,'',0,5000,4,'',0,9500,4,'',0,9000,4,'',0,9000,4,'',0,9500,4,'',0,9500,4,'',0,9000,4,'',0,10500,4,'',0,4000,4,'',0,10000,4,'',0,8000,4,'',0,10000,4,'',0,17000,4,'',0,12500,4,'',0
'20230912',3709,52000,4,'',0,3500,4,'',0,10000,4,'',0,8500,4,'',0,9000,4,'',0,9000,4,'',0,9500,4,'',0,8500,4,'',0,10500,4,'',0,5000,4,'',0,9500,4,'',0,9000,4,'',0,9000,4,'',0,9500,4,'',0,9500,4,'',0,9000,4,'',0,10500,4,'',0,4000,4,'',0,10000,4,'',0,8000,4,'',0,10000,4,'',0,17000,4,'',0,12500,4,'',0
'20230913',3709,52000,4,'',0,3500,4,'',0,10000,4,'',0,8500,4,'',0,9000,4,'',0,9000,4,'',0,9500,4,'',0,8500,4,'',0,10500,4,'',0,5000,4,'',0,9500,4,'',0,9000,4,'',0,9000,4,'',0,9500,4,'',0,9500,4,'',0,9000,4,'',0,10500,4,'',0,4000,4,'',0,10000,4,'',0,8000,4,'',0,10000,4,'',0,17000,4,'',0,12500,4,'',0
'20230914',3709,52000,4,'',0,3500,4,'',0,10000,4,'',0,8500,4,'',0,9000,4,'',0,9000,4,'',0,9500,4,'',0,8500,4,'',0,10500,4,'',0,5000,4,'',0,9500,4,'',0,9000,4,'',0,9000,4,'',0,9500,4,'',0,9500,4,'',0,9000,4,'',0,10500,4,'',0,4000,4,'',0,10000,4,'',0,8000,4,'',0,10000,4,'',0,17000,4,'',0,12500,4,'',0
'20230915',3709,52000,4,'',0,3500,4,'',0,10000,4,'',0,8500,4,'',0,9000,4,'',0,9000,4,'',0,9500,4,'',0,8500,4,'',0,10500,4,'',0,5000,4,'',0,9500,4,'',0,9000,4,'',0,9000,4,'',0,9500,4,'',0,9500,4,'',0,9000,4,'',0,10500,4,'',0,4000,4,'',0,10000,4,'',0,8000,4,'',0,10000,4,'',0,17000,4,'',0,12500,4,'',0
'20230916',3709,55500,4,'',0,18500,4,'',0,9000,4,'',0,9000,4,'',0,10000,4,'',0,8000,4,'',0,11000,4,'',0,4500,4,'',0,10000,4,'',0,9000,4,'',0,9000,4,'',0,9500,4,'',0,8500,4,'',0,9500,4,'',0,9500,4,'',0,4500,4,'',0,9500,4,'',0,8500,4,'',0,9000,4,'',0,8500,4,'',0,13000,4,'',0,16500,4,'',0
'20230917',3709,55500,4,'',0,18500,4,'',0,18000,4,'',0,10000,4,'',0,8000,4,'',0,11000,4,'',0,4500,4,'',0,10000,4,'',0,9000,4,'',0,9000,4,'',0,9500,4,'',0,8500,4,'',0,9500,4,'',0,9500,4,'',0,4500,4,'',0,9500,4,'',0,8500,4,'',0,9000,4,'',0,8500,4,'',0,13000,4,'',0,16500,4,'',0
'20230918',3709,52000,4,'',0,3500,4,'',0,10000,4,'',0,8500,4,'',0,9000,4,'',0,9000,4,'',0,9500,4,'',0,8500,4,'',0,10500,4,'',0,5000,4,'',0,9500,4,'',0,9000,4,'',0,9000,4,'',0,9500,4,'',0,9500,4,'',0,9000,4,'',0,10500,4,'',0,4000,4,'',0,10000,4,'',0,8000,4,'',0,10000,4,'',0,17000,4,'',0,12500,4,'',0
'20230919',3709,52000,4,'',0,3500,4,'',0,10000,4,'',0,8500,4,'',0,9000,4,'',0,9000,4,'',0,9500,4,'',0,8500,4,'',0,10500,4,'',0,5000,4,'',0,9500,4,'',0,9000,4,'',0,9000,4,'',0,9500,4,'',0,9500,4,'',0,9000,4,'',0,10500,4,'',0,4000,4,'',0,10000,4,'',0,8000,4,'',0,10000,4,'',0,17000,4,'',0,12500,4,'',0
'20230920',3709,52000,4,'',0,3500,4,'',0,10000,4,'',0,8500,4,'',0,9000,4,'',0,9000,4,'',0,9500,4,'',0,8500,4,'',0,10500,4,'',0,5000,4,'',0,9500,4,'',0,9000,4,'',0,9000,4,'',0,9500,4,'',0,9500,4,'',0,9000,4,'',0,10500,4,'',0,4000,4,'',0,10000,4,'',0,8000,4,'',0,10000,4,'',0,17000,4,'',0,12500,4,'',0
'20230921',3709,52000,4,'',0,3500,4,'',0,10000,4,'',0,8500,4,'',0,9000,4,'',0,9000,4,'',0,9500,4,'',0,8500,4,'',0,10500,4,'',0,5000,4,'',0,9500,4,'',0,9000,4,'',0,9000,4,'',0,9500,4,'',0,9500,4,'',0,9000,4,'',0,10500,4,'',0,4000,4,'',0,10000,4,'',0,8000,4,'',0,10000,4,'',0,17000,4,'',0,12500,4,'',0
'20230922',3709,52000,4,'',0,3500,4,'',0,10000,4,'',0,8500,4,'',0,9000,4,'',0,9000,4,'',0,9500,4,'',0,8500,4,'',0,10500,4,'',0,5000,4,'',0,9500,4,'',0,9000,4,'',0,9000,4,'',0,9500,4,'',0,9500,4,'',0,9000,4,'',0,10500,4,'',0,4000,4,'',0,10000,4,'',0,8000,4,'',0,10000,4,'',0,17000,4,'',0,12500,4,'',0
'20230923',3709,55500,4,'',0,18500,4,'',0,9000,4,'',0,9000,4,'',0,10000,4,'',0,8000,4,'',0,11000,4,'',0,4500,4,'',0,10000,4,'',0,9000,4,'',0,9000,4,'',0,9500,4,'',0,8500,4,'',0,9500,4,'',0,9500,4,'',0,4500,4,'',0,9500,4,'',0,8500,4,'',0,9000,4,'',0,8500,4,'',0,13000,4,'',0,16500,4,'',0
'20230924',3709,55500,4,'',0,18500,4,'',0,18000,4,'',0,10000,4,'',0,8000,4,'',0,11000,4,'',0,4500,4,'',0,10000,4,'',0,9000,4,'',0,9000,4,'',0,9500,4,'',0,8500,4,'',0,9500,4,'',0,9500,4,'',0,4500,4,'',0,9500,4,'',0,8500,4,'',0,9000,4,'',0,8500,4,'',0,13000,4,'',0,16500,4,'',0
'20230925',3709,52000,4,'',0,3500,4,'',0,10000,4,'',0,8500,4,'',0,9000,4,'',0,9000,4,'',0,9500,4,'',0,8500,4,'',0,10500,4,'',0,5000,4,'',0,9500,4,'',0,9000,4,'',0,9000,4,'',0,9500,4,'',0,9500,4,'',0,9000,4,'',0,10500,4,'',0,4000,4,'',0,10000,4,'',0,8000,4,'',0,10000,4,'',0,17000,4,'',0,12500,4,'',0
'20230926',3709,52000,4,'',0,3500,4,'',0,10000,4,'',0,8500,4,'',0,9000,4,'',0,9000,4,'',0,9500,4,'',0,8500,4,'',0,10500,4,'',0,5000,4,'',0,9500,4,'',0,9000,4,'',0,9000,4,'',0,9500,4,'',0,9500,4,'',0,9000,4,'',0,10500,4,'',0,4000,4,'',0,10000,4,'',0,8000,4,'',0,10000,4,'',0,17000,4,'',0,12500,4,'',0
'20230927',3709,52000,4,'',0,3500,4,'',0,10000,4,'',0,8500,4,'',0,9000,4,'',0,9000,4,'',0,9500,4,'',0,8500,4,'',0,10500,4,'',0,5000,4,'',0,9500,4,'',0,9000,4,'',0,9000,4,'',0,9500,4,'',0,9500,4,'',0,9000,4,'',0,10500,4,'',0,4000,4,'',0,10000,4,'',0,8000,4,'',0,10000,4,'',0,17000,4,'',0,12500,4,'',0
'20230928',3709,52000,4,'',0,3500,4,'',0,10000,4,'',0,8500,4,'',0,9000,4,'',0,9000,4,'',0,9500,4,'',0,8500,4,'',0,10500,4,'',0,5000,4,'',0,9500,4,'',0,9000,4,'',0,9000,4,'',0,9500,4,'',0,9500,4,'',0,9000,4,'',0,10500,4,'',0,4000,4,'',0,10000,4,'',0,8000,4,'',0,10000,4,'',0,17000,4,'',0,12500,4,'',0
'20230929',3709,52000,4,'',0,3500,4,'',0,10000,4,'',0,8500,4,'',0,9000,4,'',0,9000,4,'',0,9500,4,'',0,8500,4,'',0,10500,4,'',0,5000,4,'',0,9500,4,'',0,9000,4,'',0,9000,4,'',0,9500,4,'',0,9500,4,'',0,9000,4,'',0,10500,4,'',0,4000,4,'',0,10000,4,'',0,8000,4,'',0,10000,4,'',0,17000,4,'',0,12500,4,'',0
'20230930',3709,55500,4,'',0,18500,4,'',0,9000,4,'',0,9000,4,'',0,10000,4,'',0,8000,4,'',0,11000,4,'',0,4500,4,'',0,10000,4,'',0,9000,4,'',0,9000,4,'',0,9500,4,'',0,8500,4,'',0,9500,4,'',0,9500,4,'',0,4500,4,'',0,9500,4,'',0,8500,4,'',0,9000,4,'',0,8500,4,'',0,13000,4,'',0,16500,4,'',0
'20231001',3709,55500,4,'',0,18500,4,'',0,18000,4,'',0,10000,4,'',0,8000,4,'',0,11000,4,'',0,4500,4,'',0,10000,4,'',0,9000,4,'',0,9000,4,'',0,9500,4,'',0,8500,4,'',0,9500,4,'',0,9500,4,'',0,4500,4,'',0,9500,4,'',0,8500,4,'',0,9000,4,'',0,8500,4,'',0,13000,4,'',0,16500,4,'',0
'20231002',3709,52000,4,'',0,3500,4,'',0,10000,4,'',0,8500,4,'',0,9000,4,'',0,9000,4,'',0,9500,4,'',0,8500,4,'',0,10500,4,'',0,5000,4,'',0,9500,4,'',0,9000,4,'',0,9000,4,'',0,9500,4,'',0,9500,4,'',0,9000,4,'',0,10500,4,'',0,4000,4,'',0,10000,4,'',0,8000,4,'',0,10000,4,'',0,17000,4,'',0,12500,4,'',0
'20231003',3709,52000,4,'',0,3500,4,'',0,10000,4,'',0,8500,4,'',0,9000,4,'',0,9000,4,'',0,9500,4,'',0,8500,4,'',0,10500,4,'',0,5000,4,'',0,9500,4,'',0,9000,4,'',0,9000,4,'',0,9500,4,'',0,9500,4,'',0,9000,4,'',0,10500,4,'',0,4000,4,'',0,10000,4,'',0,8000,4,'',0,10000,4,'',0,17000,4,'',0,12500,4,'',0
'20231004',3709,52000,4,'',0,3500,4,'',0,10000,4,'',0,8500,4,'',0,9000,4,'',0,9000,4,'',0,9500,4,'',0,8500,4,'',0,10500,4,'',0,5000,4,'',0,9500,4,'',0,9000,4,'',0,9000,4,'',0,9500,4,'',0,9500,4,'',0,9000,4,'',0,10500,4,'',0,4000,4,'',0,10000,4,'',0,8000,4,'',0,10000,4,'',0,17000,4,'',0,12500,4,'',0
'20231005',3709,52000,4,'',0,3500,4,'',0,10000,4,'',0,8500,4,'',0,9000,4,'',0,9000,4,'',0,9500,4,'',0,8500,4,'',0,10500,4,'',0,5000,4,'',0,9500,4,'',0,9000,4,'',0,9000,4,'',0,9500,4,'',0,9500,4,'',0,9000,4,'',0,10500,4,'',0,4000,4,'',0,10000,4,'',0,8000,4,'',0,10000,4,'',0,17000,4,'',0,12500,4,'',0
'20231006',3709,52000,4,'',0,3500,4,'',0,10000,4,'',0,8500,4,'',0,9000,4,'',0,9000,4,'',0,9500,4,'',0,8500,4,'',0,10500,4,'',0,5000,4,'',0,9500,4,'',0,9000,4,'',0,9000,4,'',0,9500,4,'',0,9500,4,'',0,9000,4,'',0,10500,4,'',0,4000,4,'',0,10000,4,'',0,8000,4,'',0,10000,4,'',0,17000,4,'',0,12500,4,'',0
'20231007',3709,55500,4,'',0,18500,4,'',0,9000,4,'',0,9000,4,'',0,10000,4,'',0,8000,4,'',0,11000,4,'',0,4500,4,'',0,10000,4,'',0,9000,4,'',0,9000,4,'',0,9500,4,'',0,8500,4,'',0,9500,4,'',0,9500,4,'',0,4500,4,'',0,9500,4,'',0,8500,4,'',0,9000,4,'',0,8500,4,'',0,13000,4,'',0,16500,4,'',0
'20231008',3709,55500,4,'',0,18500,4,'',0,18000,4,'',0,10000,4,'',0,8000,4,'',0,11000,4,'',0,4500,4,'',0,10000,4,'',0,9000,4,'',0,9000,4,'',0,9500,4,'',0,8500,4,'',0,9500,4,'',0,9500,4,'',0,4500,4,'',0,9500,4,'',0,8500,4,'',0,9000,4,'',0,8500,4,'',0,13000,4,'',0,16500,4,'',0
'20231009',3709,52000,4,'',0,3500,4,'',0,10000,4,'',0,8500,4,'',0,9000,4,'',0,9000,4,'',0,9500,4,'',0,8500,4,'',0,10500,4,'',0,5000,4,'',0,9500,4,'',0,9000,4,'',0,9000,4,'',0,9500,4,'',0,9500,4,'',0,9000,4,'',0,10500,4,'',0,4000,4,'',0,10000,4,'',0,8000,4,'',0,10000,4,'',0,17000,4,'',0,12500,4,'',0
'20231010',3709,52000,4,'',0,3500,4,'',0,10000,4,'',0,8500,4,'',0,9000,4,'',0,9000,4,'',0,9500,4,'',0,8500,4,'',0,10500,4,'',0,5000,4,'',0,9500,4,'',0,9000,4,'',0,9000,4,'',0,9500,4,'',0,9500,4,'',0,9000,4,'',0,10500,4,'',0,4000,4,'',0,10000,4,'',0,8000,4,'',0,10000,4,'',0,17000,4,'',0,12500,4,'',0
'20231011',3709,52000,4,'',0,3500,4,'',0,10000,4,'',0,8500,4,'',0,9000,4,'',0,9000,4,'',0,9500,4,'',0,8500,4,'',0,10500,4,'',0,5000,4,'',0,9500,4,'',0,9000,4,'',0,9000,4,'',0,9500,4,'',0,9500,4,'',0,9000,4,'',0,10500,4,'',0,4000,4,'',0,10000,4,'',0,8000,4,'',0,10000,4,'',0,17000,4,'',0,12500,4,'',0
'20231012',3709,52000,4,'',0,3500,4,'',0,10000,4,'',0,8500,4,'',0,9000,4,'',0,9000,4,'',0,9500,4,'',0,8500,4,'',0,10500,4,'',0,5000,4,'',0,9500,4,'',0,9000,4,'',0,9000,4,'',0,9500,4,'',0,9500,4,'',0,9000,4,'',0,10500,4,'',0,4000,4,'',0,10000,4,'',0,8000,4,'',0,10000,4,'',0,17000,4,'',0,12500,4,'',0
'20231013',3709,52000,4,'',0,3500,4,'',0,10000,4,'',0,8500,4,'',0,9000,4,'',0,9000,4,'',0,9500,4,'',0,8500,4,'',0,10500,4,'',0,5000,4,'',0,9500,4,'',0,9000,4,'',0,9000,4,'',0,9500,4,'',0,9500,4,'',0,9000,4,'',0,10500,4,'',0,4000,4,'',0,10000,4,'',0,8000,4,'',0,10000,4,'',0,17000,4,'',0,12500,4,'',0
'20231014',3709,55500,4,'',0,18500,4,'',0,9000,4,'',0,9000,4,'',0,10000,4,'',0,8000,4,'',0,11000,4,'',0,4500,4,'',0,10000,4,'',0,9000,4,'',0,9000,4,'',0,9500,4,'',0,8500,4,'',0,9500,4,'',0,9500,4,'',0,4500,4,'',0,9500,4,'',0,8500,4,'',0,9000,4,'',0,8500,4,'',0,13000,4,'',0,16500,4,'',0
'20231015',3709,55500,4,'',0,18500,4,'',0,18000,4,'',0,10000,4,'',0,8000,4,'',0,11000,4,'',0,4500,4,'',0,10000,4,'',0,9000,4,'',0,9000,4,'',0,9500,4,'',0,8500,4,'',0,9500,4,'',0,9500,4,'',0,4500,4,'',0,9500,4,'',0,8500,4,'',0,9000,4,'',0,8500,4,'',0,13000,4,'',0,16500,4,'',0
'20231016',3709,52000,4,'',0,3500,4,'',0,10000,4,'',0,8500,4,'',0,9000,4,'',0,9000,4,'',0,9500,4,'',0,8500,4,'',0,10500,4,'',0,5000,4,'',0,9500,4,'',0,9000,4,'',0,9000,4,'',0,9500,4,'',0,9500,4,'',0,9000,4,'',0,10500,4,'',0,4000,4,'',0,10000,4,'',0,8000,4,'',0,10000,4,'',0,17000,4,'',0,12500,4,'',0
'20231017',3709,52000,4,'',0,3500,4,'',0,10000,4,'',0,8500,4,'',0,9000,4,'',0,9000,4,'',0,9500,4,'',0,8500,4,'',0,10500,4,'',0,5000,4,'',0,9500,4,'',0,9000,4,'',0,9000,4,'',0,9500,4,'',0,9500,4,'',0,9000,4,'',0,10500,4,'',0,4000,4,'',0,10000,4,'',0,8000,4,'',0,10000,4,'',0,17000,4,'',0,12500,4,'',0
'20231018',3709,52000,4,'',0,3500,4,'',0,10000,4,'',0,8500,4,'',0,9000,4,'',0,9000,4,'',0,9500,4,'',0,8500,4,'',0,10500,4,'',0,5000,4,'',0,9500,4,'',0,9000,4,'',0,9000,4,'',0,9500,4,'',0,9500,4,'',0,9000,4,'',0,10500,4,'',0,4000,4,'',0,10000,4,'',0,8000,4,'',0,10000,4,'',0,17000,4,'',0,12500,4,'',0
'20231019',3709,52000,4,'',0,3500,4,'',0,10000,4,'',0,8500,4,'',0,9000,4,'',0,9000,4,'',0,9500,4,'',0,8500,4,'',0,10500,4,'',0,5000,4,'',0,9500,4,'',0,9000,4,'',0,9000,4,'',0,9500,4,'',0,9500,4,'',0,9000,4,'',0,10500,4,'',0,4000,4,'',0,10000,4,'',0,8000,4,'',0,10000,4,'',0,17000,4,'',0,12500,4,'',0
'20231020',3709,52000,4,'',0,3500,4,'',0,10000,4,'',0,8500,4,'',0,9000,4,'',0,9000,4,'',0,9500,4,'',0,8500,4,'',0,10500,4,'',0,5000,4,'',0,9500,4,'',0,9000,4,'',0,9000,4,'',0,9500,4,'',0,9500,4,'',0,9000,4,'',0,10500,4,'',0,4000,4,'',0,10000,4,'',0,8000,4,'',0,10000,4,'',0,17000,4,'',0,12500,4,'',0
'20231021',3709,55500,4,'',0,18500,4,'',0,9000,4,'',0,9000,4,'',0,10000,4,'',0,8000,4,'',0,11000,4,'',0,4500,4,'',0,10000,4,'',0,9000,4,'',0,9000,4,'',0,9500,4,'',0,8500,4,'',0,9500,4,'',0,9500,4,'',0,4500,4,'',0,9500,4,'',0,8500,4,'',0,9000,4,'',0,8500,4,'',0,13000,4,'',0,16500,4,'',0
'20231022',3709,55500,4,'',0,18500,4,'',0,18000,4,'',0,10000,4,'',0,8000,4,'',0,11000,4,'',0,4500,4,'',0,10000,4,'',0,9000,4,'',0,9000,4,'',0,9500,4,'',0,8500,4,'',0,9500,4,'',0,9500,4,'',0,4500,4,'',0,9500,4,'',0,8500,4,'',0,9000,4,'',0,8500,4,'',0,13000,4,'',0,16500,4,'',0
'20231023',3709,52000,4,'',0,3500,4,'',0,10000,4,'',0,8500,4,'',0,9000,4,'',0,9000,4,'',0,9500,4,'',0,8500,4,'',0,10500,4,'',0,5000,4,'',0,9500,4,'',0,9000,4,'',0,9000,4,'',0,9500,4,'',0,9500,4,'',0,9000,4,'',0,10500,4,'',0,4000,4,'',0,10000,4,'',0,8000,4,'',0,10000,4,'',0,17000,4,'',0,12500,4,'',0
'20231024',3709,52000,4,'',0,3500,4,'',0,10000,4,'',0,8500,4,'',0,9000,4,'',0,9000,4,'',0,9500,4,'',0,8500,4,'',0,10500,4,'',0,5000,4,'',0,9500,4,'',0,9000,4,'',0,9000,4,'',0,9500,4,'',0,9500,4,'',0,9000,4,'',0,10500,4,'',0,4000,4,'',0,10000,4,'',0,8000,4,'',0,10000,4,'',0,17000,4,'',0,12500,4,'',0
'20231025',3709,52000,4,'',0,3500,4,'',0,10000,4,'',0,8500,4,'',0,9000,4,'',0,9000,4,'',0,9500,4,'',0,8500,4,'',0,10500,4,'',0,5000,4,'',0,9500,4,'',0,9000,4,'',0,9000,4,'',0,9500,4,'',0,9500,4,'',0,9000,4,'',0,10500,4,'',0,4000,4,'',0,10000,4,'',0,8000,4,'',0,10000,4,'',0,17000,4,'',0,12500,4,'',0
'20231026',3709,52000,4,'',0,3500,4,'',0,10000,4,'',0,8500,4,'',0,9000,4,'',0,9000,4,'',0,9500,4,'',0,8500,4,'',0,10500,4,'',0,5000,4,'',0,9500,4,'',0,9000,4,'',0,9000,4,'',0,9500,4,'',0,9500,4,'',0,9000,4,'',0,10500,4,'',0,4000,4,'',0,10000,4,'',0,8000,4,'',0,10000,4,'',0,17000,4,'',0,12500,4,'',0
'20231027',3709,52000,4,'',0,3500,4,'',0,10000,4,'',0,8500,4,'',0,9000,4,'',0,9000,4,'',0,9500,4,'',0,8500,4,'',0,10500,4,'',0,5000,4,'',0,9500,4,'',0,9000,4,'',0,9000,4,'',0,9500,4,'',0,9500,4,'',0,9000,4,'',0,10500,4,'',0,4000,4,'',0,10000,4,'',0,8000,4,'',0,10000,4,'',0,17000,4,'',0,12500,4,'',0
'20231028',3709,55500,4,'',0,18500,4,'',0,9000,4,'',0,9000,4,'',0,10000,4,'',0,8000,4,'',0,11000,4,'',0,4500,4,'',0,10000,4,'',0,9000,4,'',0,9000,4,'',0,9500,4,'',0,8500,4,'',0,9500,4,'',0,9500,4,'',0,4500,4,'',0,9500,4,'',0,8500,4,'',0,9000,4,'',0,8500,4,'',0,13000,4,'',0,16500,4,'',0
'20231029',3709,55500,4,'',0,18500,4,'',0,18000,4,'',0,10000,4,'',0,8000,4,'',0,11000,4,'',0,4500,4,'',0,10000,4,'',0,9000,4,'',0,9000,4,'',0,9500,4,'',0,8500,4,'',0,9500,4,'',0,9500,4,'',0,4500,4,'',0,9500,4,'',0,8500,4,'',0,9000,4,'',0,8500,4,'',0,13000,4,'',0,16500,4,'',0
'20231030',3709,52000,4,'',0,3500,4,'',0,10000,4,'',0,8500,4,'',0,9000,4,'',0,9000,4,'',0,9500,4,'',0,8500,4,'',0,10500,4,'',0,5000,4,'',0,9500,4,'',0,9000,4,'',0,9000,4,'',0,9500,4,'',0,9500,4,'',0,9000,4,'',0,10500,4,'',0,4000,4,'',0,10000,4,'',0,8000,4,'',0,10000,4,'',0,17000,4,'',0,12500,4,'',0
'20231031',3709,52000,4,'',0,3500,4,'',0,10000,4,'',0,8500,4,'',0,9000,4,'',0,9000,4,'',0,9500,4,'',0,8500,4,'',0,10500,4,'',0,5000,4,'',0,9500,4,'',0,9000,4,'',0,9000,4,'',0,9500,4,'',0,9500,4,'',0,9000,4,'',0,10500,4,'',0,4000,4,'',0,10000,4,'',0,8000,4,'',0,10000,4,'',0,17000,4,'',0,12500,4,'',0
'20231101',3709,52000,4,'',0,3500,4,'',0,10000,4,'',0,8500,4,'',0,9000,4,'',0,9000,4,'',0,9500,4,'',0,8500,4,'',0,10500,4,'',0,5000,4,'',0,9500,4,'',0,9000,4,'',0,9000,4,'',0,9500,4,'',0,9500,4,'',0,9000,4,'',0,10500,4,'',0,4000,4,'',0,10000,4,'',0,8000,4,'',0,10000,4,'',0,17000,4,'',0,12500,4,'',0
'20231102',3709,52000,4,'',0,3500,4,'',0,10000,4,'',0,8500,4,'',0,9000,4,'',0,9000,4,'',0,9500,4,'',0,8500,4,'',0,10500,4,'',0,5000,4,'',0,9500,4,'',0,9000,4,'',0,9000,4,'',0,9500,4,'',0,9500,4,'',0,9000,4,'',0,10500,4,'',0,4000,4,'',0,10000,4,'',0,8000,4,'',0,10000,4,'',0,17000,4,'',0,12500,4,'',0
'20231103',3709,52000,4,'',0,3500,4,'',0,10000,4,'',0,8500,4,'',0,9000,4,'',0,9000,4,'',0,9500,4,'',0,8500,4,'',0,10500,4,'',0,5000,4,'',0,9500,4,'',0,9000,4,'',0,9000,4,'',0,9500,4,'',0,9500,4,'',0,9000,4,'',0,10500,4,'',0,4000,4,'',0,10000,4,'',0,8000,4,'',0,10000,4,'',0,17000,4,'',0,12500,4,'',0
'20231104',3709,55500,4,'',0,18500,4,'',0,9000,4,'',0,9000,4,'',0,10000,4,'',0,8000,4,'',0,11000,4,'',0,4500,4,'',0,10000,4,'',0,9000,4,'',0,9000,4,'',0,9500,4,'',0,8500,4,'',0,9500,4,'',0,9500,4,'',0,4500,4,'',0,9500,4,'',0,8500,4,'',0,9000,4,'',0,8500,4,'',0,13000,4,'',0,16500,4,'',0
'20231105',3709,55500,4,'',0,18500,4,'',0,18000,4,'',0,10000,4,'',0,8000,4,'',0,11000,4,'',0,4500,4,'',0,10000,4,'',0,9000,4,'',0,9000,4,'',0,9500,4,'',0,8500,4,'',0,9500,4,'',0,9500,4,'',0,4500,4,'',0,9500,4,'',0,8500,4,'',0,9000,4,'',0,8500,4,'',0,13000,4,'',0,16500,4,'',0
'20231106',3709,52000,4,'',0,3500,4,'',0,10000,4,'',0,8500,4,'',0,9000,4,'',0,9000,4,'',0,9500,4,'',0,8500,4,'',0,10500,4,'',0,5000,4,'',0,9500,4,'',0,9000,4,'',0,9000,4,'',0,9500,4,'',0,9500,4,'',0,9000,4,'',0,10500,4,'',0,4000,4,'',0,10000,4,'',0,8000,4,'',0,10000,4,'',0,17000,4,'',0,12500,4,'',0
'20231107',3709,52000,4,'',0,3500,4,'',0,10000,4,'',0,8500,4,'',0,9000,4,'',0,9000,4,'',0,9500,4,'',0,8500,4,'',0,10500,4,'',0,5000,4,'',0,9500,4,'',0,9000,4,'',0,9000,4,'',0,9500,4,'',0,9500,4,'',0,9000,4,'',0,10500,4,'',0,4000,4,'',0,10000,4,'',0,8000,4,'',0,10000,4,'',0,17000,4,'',0,12500,4,'',0
'20231108',3709,52000,4,'',0,3500,4,'',0,10000,4,'',0,8500,4,'',0,9000,4,'',0,9000,4,'',0,9500,4,'',0,8500,4,'',0,10500,4,'',0,5000,4,'',0,9500,4,'',0,9000,4,'',0,9000,4,'',0,9500,4,'',0,9500,4,'',0,9000,4,'',0,10500,4,'',0,4000,4,'',0,10000,4,'',0,8000,4,'',0,10000,4,'',0,17000,4,'',0,12500,4,'',0
'20231109',3709,52000,4,'',0,3500,4,'',0,10000,4,'',0,8500,4,'',0,9000,4,'',0,9000,4,'',0,9500,4,'',0,8500,4,'',0,10500,4,'',0,5000,4,'',0,9500,4,'',0,9000,4,'',0,9000,4,'',0,9500,4,'',0,9500,4,'',0,9000,4,'',0,10500,4,'',0,4000,4,'',0,10000,4,'',0,8000,4,'',0,10000,4,'',0,17000,4,'',0,12500,4,'',0
'20231110',3709,52000,4,'',0,3500,4,'',0,10000,4,'',0,8500,4,'',0,9000,4,'',0,9000,4,'',0,9500,4,'',0,8500,4,'',0,10500,4,'',0,5000,4,'',0,9500,4,'',0,9000,4,'',0,9000,4,'',0,9500,4,'',0,9500,4,'',0,9000,4,'',0,10500,4,'',0,4000,4,'',0,10000,4,'',0,8000,4,'',0,10000,4,'',0,17000,4,'',0,12500,4,'',0
'20231111',3709,55500,4,'',0,18500,4,'',0,9000,4,'',0,9000,4,'',0,10000,4,'',0,8000,4,'',0,11000,4,'',0,4500,4,'',0,10000,4,'',0,9000,4,'',0,9000,4,'',0,9500,4,'',0,8500,4,'',0,9500,4,'',0,9500,4,'',0,4500,4,'',0,9500,4,'',0,8500,4,'',0,9000,4,'',0,8500,4,'',0,13000,4,'',0,16500,4,'',0
'20231112',3709,55500,4,'',0,18500,4,'',0,18000,4,'',0,10000,4,'',0,8000,4,'',0,11000,4,'',0,4500,4,'',0,10000,4,'',0,9000,4,'',0,9000,4,'',0,9500,4,'',0,8500,4,'',0,9500,4,'',0,9500,4,'',0,4500,4,'',0,9500,4,'',0,8500,4,'',0,9000,4,'',0,8500,4,'',0,13000,4,'',0,16500,4,'',0
'20231113',3709,52000,4,'',0,3500,4,'',0,10000,4,'',0,8500,4,'',0,9000,4,'',0,9000,4,'',0,9500,4,'',0,8500,4,'',0,10500,4,'',0,5000,4,'',0,9500,4,'',0,9000,4,'',0,9000,4,'',0,9500,4,'',0,9500,4,'',0,9000,4,'',0,10500,4,'',0,4000,4,'',0,10000,4,'',0,8000,4,'',0,10000,4,'',0,17000,4,'',0,12500,4,'',0
'20231114',3709,52000,4,'',0,3500,4,'',0,10000,4,'',0,8500,4,'',0,9000,4,'',0,9000,4,'',0,9500,4,'',0,8500,4,'',0,10500,4,'',0,5000,4,'',0,9500,4,'',0,9000,4,'',0,9000,4,'',0,9500,4,'',0,9500,4,'',0,9000,4,'',0,10500,4,'',0,4000,4,'',0,10000,4,'',0,8000,4,'',0,10000,4,'',0,17000,4,'',0,12500,4,'',0
'20231115',3709,52000,4,'',0,3500,4,'',0,10000,4,'',0,8500,4,'',0,9000,4,'',0,9000,4,'',0,9500,4,'',0,8500,4,'',0,10500,4,'',0,5000,4,'',0,9500,4,'',0,9000,4,'',0,9000,4,'',0,9500,4,'',0,9500,4,'',0,9000,4,'',0,10500,4,'',0,4000,4,'',0,10000,4,'',0,8000,4,'',0,10000,4,'',0,17000,4,'',0,12500,4,'',0
'20231116',3709,52000,4,'',0,3500,4,'',0,10000,4,'',0,8500,4,'',0,9000,4,'',0,9000,4,'',0,9500,4,'',0,8500,4,'',0,10500,4,'',0,5000,4,'',0,9500,4,'',0,9000,4,'',0,9000,4,'',0,9500,4,'',0,9500,4,'',0,9000,4,'',0,10500,4,'',0,4000,4,'',0,10000,4,'',0,8000,4,'',0,10000,4,'',0,17000,4,'',0,12500,4,'',0
'20231117',3709,52000,4,'',0,3500,4,'',0,10000,4,'',0,8500,4,'',0,9000,4,'',0,9000,4,'',0,9500,4,'',0,8500,4,'',0,10500,4,'',0,5000,4,'',0,9500,4,'',0,9000,4,'',0,9000,4,'',0,9500,4,'',0,9500,4,'',0,9000,4,'',0,10500,4,'',0,4000,4,'',0,10000,4,'',0,8000,4,'',0,10000,4,'',0,17000,4,'',0,12500,4,'',0
'20231118',3709,55500,4,'',0,18500,4,'',0,9000,4,'',0,9000,4,'',0,10000,4,'',0,8000,4,'',0,11000,4,'',0,4500,4,'',0,10000,4,'',0,9000,4,'',0,9000,4,'',0,9500,4,'',0,8500,4,'',0,9500,4,'',0,9500,4,'',0,4500,4,'',0,9500,4,'',0,8500,4,'',0,9000,4,'',0,8500,4,'',0,13000,4,'',0,16500,4,'',0
'20231119',3709,55500,4,'',0,18500,4,'',0,18000,4,'',0,10000,4,'',0,8000,4,'',0,11000,4,'',0,4500,4,'',0,10000,4,'',0,9000,4,'',0,9000,4,'',0,9500,4,'',0,8500,4,'',0,9500,4,'',0,9500,4,'',0,4500,4,'',0,9500,4,'',0,8500,4,'',0,9000,4,'',0,8500,4,'',0,13000,4,'',0,16500,4,'',0
'20231120',3709,52000,4,'',0,3500,4,'',0,10000,4,'',0,8500,4,'',0,9000,4,'',0,9000,4,'',0,9500,4,'',0,8500,4,'',0,10500,4,'',0,5000,4,'',0,9500,4,'',0,9000,4,'',0,9000,4,'',0,9500,4,'',0,9500,4,'',0,9000,4,'',0,10500,4,'',0,4000,4,'',0,10000,4,'',0,8000,4,'',0,10000,4,'',0,17000,4,'',0,12500,4,'',0
'20231121',3709,52000,4,'',0,3500,4,'',0,10000,4,'',0,8500,4,'',0,9000,4,'',0,9000,4,'',0,9500,4,'',0,8500,4,'',0,10500,4,'',0,5000,4,'',0,9500,4,'',0,9000,4,'',0,9000,4,'',0,9500,4,'',0,9500,4,'',0,9000,4,'',0,10500,4,'',0,4000,4,'',0,10000,4,'',0,8000,4,'',0,10000,4,'',0,17000,4,'',0,12500,4,'',0
'20231122',3709,52000,4,'',0,3500,4,'',0,10000,4,'',0,8500,4,'',0,9000,4,'',0,9000,4,'',0,9500,4,'',0,8500,4,'',0,10500,4,'',0,5000,4,'',0,9500,4,'',0,9000,4,'',0,9000,4,'',0,9500,4,'',0,9500,4,'',0,9000,4,'',0,10500,4,'',0,4000,4,'',0,10000,4,'',0,8000,4,'',0,10000,4,'',0,17000,4,'',0,12500,4,'',0
'20231123',3709,55500,4,'',0,18500,4,'',0,9000,4,'',0,9000,4,'',0,10000,4,'',0,8000,4,'',0,11000,4,'',0,4500,4,'',0,10000,4,'',0,9000,4,'',0,9000,4,'',0,9500,4,'',0,8500,4,'',0,9500,4,'',0,9500,4,'',0,4500,4,'',0,9500,4,'',0,8500,4,'',0,9000,4,'',0,8500,4,'',0,13000,4,'',0,16500,4,'',0
'20231124',3709,52000,4,'',0,3500,4,'',0,10000,4,'',0,8500,4,'',0,9000,4,'',0,9000,4,'',0,9500,4,'',0,8500,4,'',0,10500,4,'',0,5000,4,'',0,9500,4,'',0,9000,4,'',0,9000,4,'',0,9500,4,'',0,9500,4,'',0,9000,4,'',0,10500,4,'',0,4000,4,'',0,10000,4,'',0,8000,4,'',0,10000,4,'',0,17000,4,'',0,12500,4,'',0
'20231125',3709,55500,4,'',0,18500,4,'',0,9000,4,'',0,9000,4,'',0,10000,4,'',0,8000,4,'',0,11000,4,'',0,4500,4,'',0,10000,4,'',0,9000,4,'',0,9000,4,'',0,9500,4,'',0,8500,4,'',0,9500,4,'',0,9500,4,'',0,4500,4,'',0,9500,4,'',0,8500,4,'',0,9000,4,'',0,8500,4,'',0,13000,4,'',0,16500,4,'',0
'20231126',3709,55500,4,'',0,18500,4,'',0,18000,4,'',0,10000,4,'',0,8000,4,'',0,11000,4,'',0,4500,4,'',0,10000,4,'',0,9000,4,'',0,9000,4,'',0,9500,4,'',0,8500,4,'',0,9500,4,'',0,9500,4,'',0,4500,4,'',0,9500,4,'',0,8500,4,'',0,9000,4,'',0,8500,4,'',0,13000,4,'',0,16500,4,'',0
'20231127',3709,52000,4,'',0,3500,4,'',0,10000,4,'',0,8500,4,'',0,9000,4,'',0,9000,4,'',0,9500,4,'',0,8500,4,'',0,10500,4,'',0,5000,4,'',0,9500,4,'',0,9000,4,'',0,9000,4,'',0,9500,4,'',0,9500,4,'',0,9000,4,'',0,10500,4,'',0,4000,4,'',0,10000,4,'',0,8000,4,'',0,10000,4,'',0,17000,4,'',0,12500,4,'',0
'20231128',3709,52000,4,'',0,3500,4,'',0,10000,4,'',0,8500,4,'',0,9000,4,'',0,9000,4,'',0,9500,4,'',0,8500,4,'',0,10500,4,'',0,5000,4,'',0,9500,4,'',0,9000,4,'',0,9000,4,'',0,9500,4,'',0,9500,4,'',0,9000,4,'',0,10500,4,'',0,4000,4,'',0,10000,4,'',0,8000,4,'',0,10000,4,'',0,17000,4,'',0,12500,4,'',0
'20231129',3709,52000,4,'',0,3500,4,'',0,10000,4,'',0,8500,4,'',0,9000,4,'',0,9000,4,'',0,9500,4,'',0,8500,4,'',0,10500,4,'',0,5000,4,'',0,9500,4,'',0,9000,4,'',0,9000,4,'',0,9500,4,'',0,9500,4,'',0,9000,4,'',0,10500,4,'',0,4000,4,'',0,10000,4,'',0,8000,4,'',0,10000,4,'',0,17000,4,'',0,12500,4,'',0
'20231130',3709,52000,4,'',0,3500,4,'',0,10000,4,'',0,8500,4,'',0,9000,4,'',0,9000,4,'',0,9500,4,'',0,8500,4,'',0,10500,4,'',0,5000,4,'',0,9500,4,'',0,9000,4,'',0,9000,4,'',0,9500,4,'',0,9500,4,'',0,9000,4,'',0,10500,4,'',0,4000,4,'',0,10000,4,'',0,8000,4,'',0,10000,4,'',0,17000,4,'',0,12500,4,'',0
'20231201',3709,52000,4,'',0,3500,4,'',0,10000,4,'',0,8500,4,'',0,9000,4,'',0,9000,4,'',0,9500,4,'',0,8500,4,'',0,10500,4,'',0,5000,4,'',0,9500,4,'',0,9000,4,'',0,9000,4,'',0,9500,4,'',0,9500,4,'',0,9000,4,'',0,10500,4,'',0,4000,4,'',0,10000,4,'',0,8000,4,'',0,10000,4,'',0,17000,4,'',0,12500,4,'',0
'20231202',3709,55500,4,'',0,18500,4,'',0,9000,4,'',0,9000,4,'',0,10000,4,'',0,8000,4,'',0,11000,4,'',0,4500,4,'',0,10000,4,'',0,9000,4,'',0,9000,4,'',0,9500,4,'',0,8500,4,'',0,9500,4,'',0,9500,4,'',0,4500,4,'',0,9500,4,'',0,8500,4,'',0,9000,4,'',0,8500,4,'',0,13000,4,'',0,16500,4,'',0
'20231203',3709,55500,4,'',0,18500,4,'',0,18000,4,'',0,10000,4,'',0,8000,4,'',0,11000,4,'',0,4500,4,'',0,10000,4,'',0,9000,4,'',0,9000,4,'',0,9500,4,'',0,8500,4,'',0,9500,4,'',0,9500,4,'',0,4500,4,'',0,9500,4,'',0,8500,4,'',0,9000,4,'',0,8500,4,'',0,13000,4,'',0,16500,4,'',0
'20231204',3709,52000,4,'',0,3500,4,'',0,10000,4,'',0,8500,4,'',0,9000,4,'',0,9000,4,'',0,9500,4,'',0,8500,4,'',0,10500,4,'',0,5000,4,'',0,9500,4,'',0,9000,4,'',0,9000,4,'',0,9500,4,'',0,9500,4,'',0,9000,4,'',0,10500,4,'',0,4000,4,'',0,10000,4,'',0,8000,4,'',0,10000,4,'',0,17000,4,'',0,12500,4,'',0
'20231205',3709,52000,4,'',0,3500,4,'',0,10000,4,'',0,8500,4,'',0,9000,4,'',0,9000,4,'',0,9500,4,'',0,8500,4,'',0,10500,4,'',0,5000,4,'',0,9500,4,'',0,9000,4,'',0,9000,4,'',0,9500,4,'',0,9500,4,'',0,9000,4,'',0,10500,4,'',0,4000,4,'',0,10000,4,'',0,8000,4,'',0,10000,4,'',0,17000,4,'',0,12500,4,'',0
'20231206',3709,52000,4,'',0,3500,4,'',0,10000,4,'',0,8500,4,'',0,9000,4,'',0,9000,4,'',0,9500,4,'',0,8500,4,'',0,10500,4,'',0,5000,4,'',0,9500,4,'',0,9000,4,'',0,9000,4,'',0,9500,4,'',0,9500,4,'',0,9000,4,'',0,10500,4,'',0,4000,4,'',0,10000,4,'',0,8000,4,'',0,10000,4,'',0,17000,4,'',0,12500,4,'',0
'20231207',3709,52000,4,'',0,3500,4,'',0,10000,4,'',0,8500,4,'',0,9000,4,'',0,9000,4,'',0,9500,4,'',0,8500,4,'',0,10500,4,'',0,5000,4,'',0,9500,4,'',0,9000,4,'',0,9000,4,'',0,9500,4,'',0,9500,4,'',0,9000,4,'',0,10500,4,'',0,4000,4,'',0,10000,4,'',0,8000,4,'',0,10000,4,'',0,17000,4,'',0,12500,4,'',0
'20231208',3709,52000,4,'',0,3500,4,'',0,10000,4,'',0,8500,4,'',0,9000,4,'',0,9000,4,'',0,9500,4,'',0,8500,4,'',0,10500,4,'',0,5000,4,'',0,9500,4,'',0,9000,4,'',0,9000,4,'',0,9500,4,'',0,9500,4,'',0,9000,4,'',0,10500,4,'',0,4000,4,'',0,10000,4,'',0,8000,4,'',0,10000,4,'',0,17000,4,'',0,12500,4,'',0
'20231209',3709,55500,4,'',0,18500,4,'',0,9000,4,'',0,9000,4,'',0,10000,4,'',0,8000,4,'',0,11000,4,'',0,4500,4,'',0,10000,4,'',0,9000,4,'',0,9000,4,'',0,9500,4,'',0,8500,4,'',0,9500,4,'',0,9500,4,'',0,4500,4,'',0,9500,4,'',0,8500,4,'',0,9000,4,'',0,8500,4,'',0,13000,4,'',0,16500,4,'',0
'20231210',3709,55500,4,'',0,18500,4,'',0,18000,4,'',0,10000,4,'',0,8000,4,'',0,11000,4,'',0,4500,4,'',0,10000,4,'',0,9000,4,'',0,9000,4,'',0,9500,4,'',0,8500,4,'',0,9500,4,'',0,9500,4,'',0,4500,4,'',0,9500,4,'',0,8500,4,'',0,9000,4,'',0,8500,4,'',0,13000,4,'',0,16500,4,'',0
'20231211',3709,52000,4,'',0,3500,4,'',0,10000,4,'',0,8500,4,'',0,9000,4,'',0,9000,4,'',0,9500,4,'',0,8500,4,'',0,10500,4,'',0,5000,4,'',0,9500,4,'',0,9000,4,'',0,9000,4,'',0,9500,4,'',0,9500,4,'',0,9000,4,'',0,10500,4,'',0,4000,4,'',0,10000,4,'',0,8000,4,'',0,10000,4,'',0,17000,4,'',0,12500,4,'',0
'20231212',3709,52000,4,'',0,3500,4,'',0,10000,4,'',0,8500,4,'',0,9000,4,'',0,9000,4,'',0,9500,4,'',0,8500,4,'',0,10500,4,'',0,5000,4,'',0,9500,4,'',0,9000,4,'',0,9000,4,'',0,9500,4,'',0,9500,4,'',0,9000,4,'',0,10500,4,'',0,4000,4,'',0,10000,4,'',0,8000,4,'',0,10000,4,'',0,17000,4,'',0,12500,4,'',0
'20231213',3709,52000,4,'',0,3500,4,'',0,10000,4,'',0,8500,4,'',0,9000,4,'',0,9000,4,'',0,9500,4,'',0,8500,4,'',0,10500,4,'',0,5000,4,'',0,9500,4,'',0,9000,4,'',0,9000,4,'',0,9500,4,'',0,9500,4,'',0,9000,4,'',0,10500,4,'',0,4000,4,'',0,10000,4,'',0,8000,4,'',0,10000,4,'',0,17000,4,'',0,12500,4,'',0
'20231214',3709,52000,4,'',0,3500,4,'',0,10000,4,'',0,8500,4,'',0,9000,4,'',0,9000,4,'',0,9500,4,'',0,8500,4,'',0,10500,4,'',0,5000,4,'',0,9500,4,'',0,9000,4,'',0,9000,4,'',0,9500,4,'',0,9500,4,'',0,9000,4,'',0,10500,4,'',0,4000,4,'',0,10000,4,'',0,8000,4,'',0,10000,4,'',0,17000,4,'',0,12500,4,'',0
'20231215',3709,52000,4,'',0,3500,4,'',0,10000,4,'',0,8500,4,'',0,9000,4,'',0,9000,4,'',0,9500,4,'',0,8500,4,'',0,10500,4,'',0,5000,4,'',0,9500,4,'',0,9000,4,'',0,9000,4,'',0,9500,4,'',0,9500,4,'',0,9000,4,'',0,10500,4,'',0,4000,4,'',0,10000,4,'',0,8000,4,'',0,10000,4,'',0,17000,4,'',0,12500,4,'',0
'20231216',3709,55500,4,'',0,18500,4,'',0,9000,4,'',0,9000,4,'',0,10000,4,'',0,8000,4,'',0,11000,4,'',0,4500,4,'',0,10000,4,'',0,9000,4,'',0,9000,4,'',0,9500,4,'',0,8500,4,'',0,9500,4,'',0,9500,4,'',0,4500,4,'',0,9500,4,'',0,8500,4,'',0,9000,4,'',0,8500,4,'',0,13000,4,'',0,16500,4,'',0
'20231217',3709,55500,4,'',0,18500,4,'',0,18000,4,'',0,10000,4,'',0,8000,4,'',0,11000,4,'',0,4500,4,'',0,10000,4,'',0,9000,4,'',0,9000,4,'',0,9500,4,'',0,8500,4,'',0,9500,4,'',0,9500,4,'',0,4500,4,'',0,9500,4,'',0,8500,4,'',0,9000,4,'',0,8500,4,'',0,13000,4,'',0,16500,4,'',0
'20231218',3709,52000,4,'',0,3500,4,'',0,10000,4,'',0,8500,4,'',0,9000,4,'',0,9000,4,'',0,9500,4,'',0,8500,4,'',0,10500,4,'',0,5000,4,'',0,9500,4,'',0,9000,4,'',0,9000,4,'',0,9500,4,'',0,9500,4,'',0,9000,4,'',0,10500,4,'',0,4000,4,'',0,10000,4,'',0,8000,4,'',0,10000,4,'',0,17000,4,'',0,12500,4,'',0
'20231219',3709,52000,4,'',0,3500,4,'',0,10000,4,'',0,8500,4,'',0,9000,4,'',0,9000,4,'',0,9500,4,'',0,8500,4,'',0,10500,4,'',0,5000,4,'',0,9500,4,'',0,9000,4,'',0,9000,4,'',0,9500,4,'',0,9500,4,'',0,9000,4,'',0,10500,4,'',0,4000,4,'',0,10000,4,'',0,8000,4,'',0,10000,4,'',0,17000,4,'',0,12500,4,'',0
'20231220',3709,52000,4,'',0,3500,4,'',0,10000,4,'',0,8500,4,'',0,9000,4,'',0,9000,4,'',0,9500,4,'',0,8500,4,'',0,10500,4,'',0,5000,4,'',0,9500,4,'',0,9000,4,'',0,9000,4,'',0,9500,4,'',0,9500,4,'',0,9000,4,'',0,10500,4,'',0,4000,4,'',0,10000,4,'',0,8000,4,'',0,10000,4,'',0,17000,4,'',0,12500,4,'',0
'20231221',3709,52000,4,'',0,3500,4,'',0,10000,4,'',0,8500,4,'',0,9000,4,'',0,9000,4,'',0,9500,4,'',0,8500,4,'',0,10500,4,'',0,5000,4,'',0,9500,4,'',0,9000,4,'',0,9000,4,'',0,9500,4,'',0,9500,4,'',0,9000,4,'',0,10500,4,'',0,4000,4,'',0,10000,4,'',0,8000,4,'',0,10000,4,'',0,17000,4,'',0,12500,4,'',0
'20231222',3709,52000,4,'',0,3500,4,'',0,10000,4,'',0,8500,4,'',0,9000,4,'',0,9000,4,'',0,9500,4,'',0,8500,4,'',0,10500,4,'',0,5000,4,'',0,9500,4,'',0,9000,4,'',0,9000,4,'',0,9500,4,'',0,9500,4,'',0,9000,4,'',0,10500,4,'',0,4000,4,'',0,10000,4,'',0,8000,4,'',0,10000,4,'',0,17000,4,'',0,12500,4,'',0
'20231223',3709,55500,4,'',0,18500,4,'',0,9000,4,'',0,9000,4,'',0,10000,4,'',0,8000,4,'',0,11000,4,'',0,4500,4,'',0,10000,4,'',0,9000,4,'',0,9000,4,'',0,9500,4,'',0,8500,4,'',0,9500,4,'',0,9500,4,'',0,4500,4,'',0,9500,4,'',0,8500,4,'',0,9000,4,'',0,8500,4,'',0,13000,4,'',0,16500,4,'',0
'20231224',3709,55500,4,'',0,18500,4,'',0,18000,4,'',0,10000,4,'',0,8000,4,'',0,11000,4,'',0,4500,4,'',0,10000,4,'',0,9000,4,'',0,9000,4,'',0,9500,4,'',0,8500,4,'',0,9500,4,'',0,9500,4,'',0,4500,4,'',0,9500,4,'',0,8500,4,'',0,9000,4,'',0,8500,4,'',0,13000,4,'',0,16500,4,'',0
'20231225',3709,55500,4,'',0,18500,4,'',0,9000,4,'',0,9000,4,'',0,10000,4,'',0,8000,4,'',0,11000,4,'',0,4500,4,'',0,10000,4,'',0,9000,4,'',0,9000,4,'',0,9500,4,'',0,8500,4,'',0,9500,4,'',0,9500,4,'',0,4500,4,'',0,9500,4,'',0,8500,4,'',0,9000,4,'',0,8500,4,'',0,13000,4,'',0,16500,4,'',0
'20231226',3709,52000,4,'',0,3500,4,'',0,10000,4,'',0,8500,4,'',0,9000,4,'',0,9000,4,'',0,9500,4,'',0,8500,4,'',0,10500,4,'',0,5000,4,'',0,9500,4,'',0,9000,4,'',0,9000,4,'',0,9500,4,'',0,9500,4,'',0,9000,4,'',0,10500,4,'',0,4000,4,'',0,10000,4,'',0,8000,4,'',0,10000,4,'',0,17000,4,'',0,12500,4,'',0
'20231227',3709,52000,4,'',0,3500,4,'',0,10000,4,'',0,8500,4,'',0,9000,4,'',0,9000,4,'',0,9500,4,'',0,8500,4,'',0,10500,4,'',0,5000,4,'',0,9500,4,'',0,9000,4,'',0,9000,4,'',0,9500,4,'',0,9500,4,'',0,9000,4,'',0,10500,4,'',0,4000,4,'',0,10000,4,'',0,8000,4,'',0,10000,4,'',0,17000,4,'',0,12500,4,'',0
'20231228',3709,52000,4,'',0,3500,4,'',0,10000,4,'',0,8500,4,'',0,9000,4,'',0,9000,4,'',0,9500,4,'',0,8500,4,'',0,10500,4,'',0,5000,4,'',0,9500,4,'',0,9000,4,'',0,9000,4,'',0,9500,4,'',0,9500,4,'',0,9000,4,'',0,10500,4,'',0,4000,4,'',0,10000,4,'',0,8000,4,'',0,10000,4,'',0,17000,4,'',0,12500,4,'',0
'20231229',3709,52000,4,'',0,3500,4,'',0,10000,4,'',0,8500,4,'',0,9000,4,'',0,9000,4,'',0,9500,4,'',0,8500,4,'',0,10500,4,'',0,5000,4,'',0,9500,4,'',0,9000,4,'',0,9000,4,'',0,9500,4,'',0,9500,4,'',0,9000,4,'',0,10500,4,'',0,4000,4,'',0,10000,4,'',0,8000,4,'',0,10000,4,'',0,17000,4,'',0,12500,4,'',0
'20231230',3709,55500,4,'',0,18500,4,'',0,9000,4,'',0,9000,4,'',0,10000,4,'',0,8000,4,'',0,11000,4,'',0,4500,4,'',0,10000,4,'',0,9000,4,'',0,9000,4,'',0,9500,4,'',0,8500,4,'',0,9500,4,'',0,9500,4,'',0,4500,4,'',0,9500,4,'',0,8500,4,'',0,9000,4,'',0,8500,4,'',0,13000,4,'',0,16500,4,'',0
'20230829',4709,72000,4,'',0,22500,4,'',0,26500,4,'',0,22000,4,'',0,28500,4,'',0,22500,4,'',0,26000,4,'',0,24000,4,'',0
'20230830',4709,72000,4,'',0,22500,4,'',0,26500,4,'',0,22000,4,'',0,28500,4,'',0,22500,4,'',0,26000,4,'',0,24000,4,'',0
'20230831',4709,72000,4,'',0,22500,4,'',0,26500,4,'',0,22000,4,'',0,28500,4,'',0,22500,4,'',0,26000,4,'',0,24000,4,'',0
'20230901',4709,72000,4,'',0,22500,4,'',0,26500,4,'',0,22000,4,'',0,28500,4,'',0,22500,4,'',0,26000,4,'',0,24000,4,'',0
'20230902',4709,72000,4,'',0,22500,4,'',0,26500,4,'',0,22000,4,'',0,28500,4,'',0,22500,4,'',0,26000,4,'',0,24000,4,'',0
'20230903',4709,72000,4,'',0,22500,4,'',0,26500,4,'',0,22000,4,'',0,28500,4,'',0,22500,4,'',0,26000,4,'',0,24000,4,'',0
'20230904',4709,72000,4,'',0,22500,4,'',0,26500,4,'',0,22000,4,'',0,28500,4,'',0,22500,4,'',0,26000,4,'',0,24000,4,'',0
'20230905',4709,72000,4,'',0,22500,4,'',0,26500,4,'',0,22000,4,'',0,28500,4,'',0,22500,4,'',0,26000,4,'',0,24000,4,'',0
'20230906',4709,72000,4,'',0,22500,4,'',0,26500,4,'',0,22000,4,'',0,28500,4,'',0,22500,4,'',0,26000,4,'',0,24000,4,'',0
'20230907',4709,72000,4,'',0,22500,4,'',0,26500,4,'',0,22000,4,'',0,28500,4,'',0,22500,4,'',0,26000,4,'',0,24000,4,'',0
'20230908',4709,72000,4,'',0,22500,4,'',0,26500,4,'',0,22000,4,'',0,28500,4,'',0,22500,4,'',0,26000,4,'',0,24000,4,'',0
'20230909',4709,72000,4,'',0,22500,4,'',0,26500,4,'',0,22000,4,'',0,28500,4,'',0,22500,4,'',0,26000,4,'',0,24000,4,'',0
'20230910',4709,72000,4,'',0,22500,4,'',0,26500,4,'',0,22000,4,'',0,28500,4,'',0,22500,4,'',0,26000,4,'',0,24000,4,'',0
'20230911',4709,72000,4,'',0,22500,4,'',0,26500,4,'',0,22000,4,'',0,28500,4,'',0,22500,4,'',0,26000,4,'',0,24000,4,'',0
'20230912',4709,72000,4,'',0,22500,4,'',0,26500,4,'',0,22000,4,'',0,28500,4,'',0,22500,4,'',0,26000,4,'',0,24000,4,'',0
'20230913',4709,72000,4,'',0,22500,4,'',0,26500,4,'',0,22000,4,'',0,28500,4,'',0,22500,4,'',0,26000,4,'',0,24000,4,'',0
'20230914',4709,72000,4,'',0,22500,4,'',0,26500,4,'',0,22000,4,'',0,28500,4,'',0,22500,4,'',0,26000,4,'',0,24000,4,'',0
'20230915',4709,72000,4,'',0,22500,4,'',0,26500,4,'',0,22000,4,'',0,28500,4,'',0,22500,4,'',0,26000,4,'',0,24000,4,'',0
'20230916',4709,72000,4,'',0,22500,4,'',0,26500,4,'',0,22000,4,'',0,28500,4,'',0,22500,4,'',0,26000,4,'',0,24000,4,'',0
'20230917',4709,72000,4,'',0,22500,4,'',0,26500,4,'',0,22000,4,'',0,28500,4,'',0,22500,4,'',0,26000,4,'',0,24000,4,'',0
'20230918',4709,72000,4,'',0,22500,4,'',0,26500,4,'',0,22000,4,'',0,28500,4,'',0,22500,4,'',0,26000,4,'',0,24000,4,'',0
'20230919',4709,72000,4,'',0,22500,4,'',0,26500,4,'',0,22000,4,'',0,28500,4,'',0,22500,4,'',0,26000,4,'',0,24000,4,'',0
'20230920',4709,72000,4,'',0,22500,4,'',0,26500,4,'',0,22000,4,'',0,28500,4,'',0,22500,4,'',0,26000,4,'',0,24000,4,'',0
'20230921',4709,72000,4,'',0,22500,4,'',0,26500,4,'',0,22000,4,'',0,28500,4,'',0,22500,4,'',0,26000,4,'',0,24000,4,'',0
'20230922',4709,72000,4,'',0,22500,4,'',0,26500,4,'',0,22000,4,'',0,28500,4,'',0,22500,4,'',0,26000,4,'',0,24000,4,'',0
'20230923',4709,72000,4,'',0,22500,4,'',0,26500,4,'',0,22000,4,'',0,28500,4,'',0,22500,4,'',0,26000,4,'',0,24000,4,'',0
'20230829',7309,53000,,'',0,8000,,'',0,9500,,'',0,5000,,'',0,9000,,'',0,9000,,'',0,10500,,'',0,8500,,'',0,10000,,'',0,8500,,'',0,9500,,'',0,9500,,'',0,5000,,'',0,9500,,'',0,10000,,'',0,8500,,'',0,10000,,'',0,8500,,'',0,10500,,'',0,8500,,'',0,4500,,'',0,16500,,'',0,12000,,'',0
'20230830',7309,53000,,'',0,8000,,'',0,9500,,'',0,5000,,'',0,9000,,'',0,9000,,'',0,10500,,'',0,8500,,'',0,10000,,'',0,8500,,'',0,9500,,'',0,9500,,'',0,5000,,'',0,9500,,'',0,10000,,'',0,8500,,'',0,10000,,'',0,8500,,'',0,10500,,'',0,8500,,'',0,4500,,'',0,16500,,'',0,12000,,'',0
'20230831',7309,53000,,'',0,8000,,'',0,9500,,'',0,5000,,'',0,9000,,'',0,9000,,'',0,10500,,'',0,8500,,'',0,10000,,'',0,8500,,'',0,9500,,'',0,9500,,'',0,5000,,'',0,9500,,'',0,10000,,'',0,8500,,'',0,10000,,'',0,8500,,'',0,10500,,'',0,8500,,'',0,4500,,'',0,16500,,'',0,12000,,'',0
'20230901',7309,53000,,'',0,8000,,'',0,9500,,'',0,5000,,'',0,9000,,'',0,9000,,'',0,10500,,'',0,8500,,'',0,10000,,'',0,8500,,'',0,9500,,'',0,9500,,'',0,5000,,'',0,9500,,'',0,10000,,'',0,8500,,'',0,10000,,'',0,8500,,'',0,10500,,'',0,8500,,'',0,4500,,'',0,16500,,'',0,12000,,'',0
'20230902',7309,61000,,'',0,14500,,'',0,10000,,'',0,8000,,'',0,10500,,'',0,8500,,'',0,10500,,'',0,8500,,'',0,9500,,'',0,9500,,'',0,4500,,'',0,9500,,'',0,9000,,'',0,9000,,'',0,9500,,'',0,9000,,'',0,9000,,'',0,4500,,'',0,9500,,'',0,7500,,'',0,13000,,'',0,16500,,'',0
'20230903',7309,61000,,'',0,14500,,'',0,10000,,'',0,8000,,'',0,10500,,'',0,8500,,'',0,10500,,'',0,8500,,'',0,9500,,'',0,9500,,'',0,4500,,'',0,9500,,'',0,9000,,'',0,9000,,'',0,9500,,'',0,9000,,'',0,9000,,'',0,4500,,'',0,9500,,'',0,7500,,'',0,13000,,'',0,16500,,'',0
'20230904',7309,61000,,'',0,14500,,'',0,10000,,'',0,8000,,'',0,10500,,'',0,8500,,'',0,10500,,'',0,8500,,'',0,9500,,'',0,9500,,'',0,4500,,'',0,9500,,'',0,9000,,'',0,9000,,'',0,9500,,'',0,9000,,'',0,9000,,'',0,4500,,'',0,9500,,'',0,7500,,'',0,13000,,'',0,16500,,'',0
'20230905',7309,53000,,'',0,8000,,'',0,9500,,'',0,5000,,'',0,9000,,'',0,9000,,'',0,10500,,'',0,8500,,'',0,10000,,'',0,8500,,'',0,9500,,'',0,9500,,'',0,5000,,'',0,9500,,'',0,10000,,'',0,8500,,'',0,10000,,'',0,8500,,'',0,10500,,'',0,8500,,'',0,4500,,'',0,16500,,'',0,12000,,'',0
'20230906',7309,53000,,'',0,8000,,'',0,9500,,'',0,5000,,'',0,9000,,'',0,9000,,'',0,10500,,'',0,8500,,'',0,10000,,'',0,8500,,'',0,9500,,'',0,9500,,'',0,5000,,'',0,9500,,'',0,10000,,'',0,8500,,'',0,10000,,'',0,8500,,'',0,10500,,'',0,8500,,'',0,4500,,'',0,16500,,'',0,12000,,'',0
'20230907',7309,53000,,'',0,8000,,'',0,9500,,'',0,5000,,'',0,9000,,'',0,9000,,'',0,10500,,'',0,8500,,'',0,10000,,'',0,8500,,'',0,9500,,'',0,9500,,'',0,5000,,'',0,9500,,'',0,10000,,'',0,8500,,'',0,10000,,'',0,8500,,'',0,10500,,'',0,8500,,'',0,4500,,'',0,16500,,'',0,12000,,'',0
'20230908',7309,53000,,'',0,8000,,'',0,9500,,'',0,5000,,'',0,9000,,'',0,9000,,'',0,10500,,'',0,8500,,'',0,10000,,'',0,8500,,'',0,9500,,'',0,9500,,'',0,5000,,'',0,9500,,'',0,10000,,'',0,8500,,'',0,10000,,'',0,8500,,'',0,10500,,'',0,8500,,'',0,4500,,'',0,16500,,'',0,12000,,'',0
'20230909',7309,61000,,'',0,14500,,'',0,10000,,'',0,8000,,'',0,10500,,'',0,8500,,'',0,10500,,'',0,8500,,'',0,9500,,'',0,9500,,'',0,4500,,'',0,9500,,'',0,9000,,'',0,9000,,'',0,9500,,'',0,9000,,'',0,9000,,'',0,4500,,'',0,9500,,'',0,7500,,'',0,13000,,'',0,16500,,'',0
'20230910',7309,61000,,'',0,14500,,'',0,10000,,'',0,8000,,'',0,10500,,'',0,8500,,'',0,10500,,'',0,8500,,'',0,9500,,'',0,9500,,'',0,4500,,'',0,9500,,'',0,9000,,'',0,9000,,'',0,9500,,'',0,9000,,'',0,9000,,'',0,4500,,'',0,9500,,'',0,7500,,'',0,13000,,'',0,16500,,'',0
'20230911',7309,53000,,'',0,8000,,'',0,9500,,'',0,5000,,'',0,9000,,'',0,9000,,'',0,10500,,'',0,8500,,'',0,10000,,'',0,8500,,'',0,9500,,'',0,9500,,'',0,5000,,'',0,9500,,'',0,10000,,'',0,8500,,'',0,10000,,'',0,8500,,'',0,10500,,'',0,8500,,'',0,4500,,'',0,16500,,'',0,12000,,'',0
'20230912',7309,53000,,'',0,8000,,'',0,9500,,'',0,5000,,'',0,9000,,'',0,9000,,'',0,10500,,'',0,8500,,'',0,10000,,'',0,8500,,'',0,9500,,'',0,9500,,'',0,5000,,'',0,9500,,'',0,10000,,'',0,8500,,'',0,10000,,'',0,8500,,'',0,10500,,'',0,8500,,'',0,4500,,'',0,16500,,'',0,12000,,'',0
'20230913',7309,53000,,'',0,8000,,'',0,9500,,'',0,5000,,'',0,9000,,'',0,9000,,'',0,10500,,'',0,8500,,'',0,10000,,'',0,8500,,'',0,9500,,'',0,9500,,'',0,5000,,'',0,9500,,'',0,10000,,'',0,8500,,'',0,10000,,'',0,8500,,'',0,10500,,'',0,8500,,'',0,4500,,'',0,16500,,'',0,12000,,'',0
'20230914',7309,53000,,'',0,8000,,'',0,9500,,'',0,5000,,'',0,9000,,'',0,9000,,'',0,10500,,'',0,8500,,'',0,10000,,'',0,8500,,'',0,9500,,'',0,9500,,'',0,5000,,'',0,9500,,'',0,10000,,'',0,8500,,'',0,10000,,'',0,8500,,'',0,10500,,'',0,8500,,'',0,4500,,'',0,16500,,'',0,12000,,'',0
'20230915',7309,53000,,'',0,8000,,'',0,9500,,'',0,5000,,'',0,9000,,'',0,9000,,'',0,10500,,'',0,8500,,'',0,10000,,'',0,8500,,'',0,9500,,'',0,9500,,'',0,5000,,'',0,9500,,'',0,10000,,'',0,8500,,'',0,10000,,'',0,8500,,'',0,10500,,'',0,8500,,'',0,4500,,'',0,16500,,'',0,12000,,'',0
'20230916',7309,61000,,'',0,14500,,'',0,10000,,'',0,8000,,'',0,10500,,'',0,8500,,'',0,10500,,'',0,8500,,'',0,9500,,'',0,9500,,'',0,4500,,'',0,9500,,'',0,9000,,'',0,9000,,'',0,9500,,'',0,9000,,'',0,9000,,'',0,4500,,'',0,9500,,'',0,7500,,'',0,13000,,'',0,16500,,'',0
'20230917',7309,61000,,'',0,14500,,'',0,10000,,'',0,8000,,'',0,10500,,'',0,8500,,'',0,10500,,'',0,8500,,'',0,9500,,'',0,9500,,'',0,4500,,'',0,9500,,'',0,9000,,'',0,9000,,'',0,9500,,'',0,9000,,'',0,9000,,'',0,4500,,'',0,9500,,'',0,7500,,'',0,13000,,'',0,16500,,'',0
'20230918',7309,53000,,'',0,8000,,'',0,9500,,'',0,5000,,'',0,9000,,'',0,9000,,'',0,10500,,'',0,8500,,'',0,10000,,'',0,8500,,'',0,9500,,'',0,9500,,'',0,5000,,'',0,9500,,'',0,10000,,'',0,8500,,'',0,10000,,'',0,8500,,'',0,10500,,'',0,8500,,'',0,4500,,'',0,16500,,'',0,12000,,'',0
'20230919',7309,53000,,'',0,8000,,'',0,9500,,'',0,5000,,'',0,9000,,'',0,9000,,'',0,10500,,'',0,8500,,'',0,10000,,'',0,8500,,'',0,9500,,'',0,9500,,'',0,5000,,'',0,9500,,'',0,10000,,'',0,8500,,'',0,10000,,'',0,8500,,'',0,10500,,'',0,8500,,'',0,4500,,'',0,16500,,'',0,12000,,'',0
'20230920',7309,53000,,'',0,8000,,'',0,9500,,'',0,5000,,'',0,9000,,'',0,9000,,'',0,10500,,'',0,8500,,'',0,10000,,'',0,8500,,'',0,9500,,'',0,9500,,'',0,5000,,'',0,9500,,'',0,10000,,'',0,8500,,'',0,10000,,'',0,8500,,'',0,10500,,'',0,8500,,'',0,4500,,'',0,16500,,'',0,12000,,'',0
'20230921',7309,53000,,'',0,8000,,'',0,9500,,'',0,5000,,'',0,9000,,'',0,9000,,'',0,10500,,'',0,8500,,'',0,10000,,'',0,8500,,'',0,9500,,'',0,9500,,'',0,5000,,'',0,9500,,'',0,10000,,'',0,8500,,'',0,10000,,'',0,8500,,'',0,10500,,'',0,8500,,'',0,4500,,'',0,16500,,'',0,12000,,'',0
'20230922',7309,53000,,'',0,8000,,'',0,9500,,'',0,5000,,'',0,9000,,'',0,9000,,'',0,10500,,'',0,8500,,'',0,10000,,'',0,8500,,'',0,9500,,'',0,9500,,'',0,5000,,'',0,9500,,'',0,10000,,'',0,8500,,'',0,10000,,'',0,8500,,'',0,10500,,'',0,8500,,'',0,4500,,'',0,16500,,'',0,12000,,'',0
'20230923',7309,61000,,'',0,14500,,'',0,10000,,'',0,8000,,'',0,10500,,'',0,8500,,'',0,10500,,'',0,8500,,'',0,9500,,'',0,9500,,'',0,4500,,'',0,9500,,'',0,9000,,'',0,9000,,'',0,9500,,'',0,9000,,'',0,9000,,'',0,4500,,'',0,9500,,'',0,7500,,'',0,13000,,'',0,16500,,'',0
'20230924',7309,61000,,'',0,14500,,'',0,10000,,'',0,8000,,'',0,10500,,'',0,8500,,'',0,10500,,'',0,8500,,'',0,9500,,'',0,9500,,'',0,4500,,'',0,9500,,'',0,9000,,'',0,9000,,'',0,9500,,'',0,9000,,'',0,9000,,'',0,4500,,'',0,9500,,'',0,7500,,'',0,13000,,'',0,16500,,'',0
'20230925',7309,53000,,'',0,8000,,'',0,9500,,'',0,5000,,'',0,9000,,'',0,9000,,'',0,10500,,'',0,8500,,'',0,10000,,'',0,8500,,'',0,9500,,'',0,9500,,'',0,5000,,'',0,9500,,'',0,10000,,'',0,8500,,'',0,10000,,'',0,8500,,'',0,10500,,'',0,8500,,'',0,4500,,'',0,16500,,'',0,12000,,'',0
'20230926',7309,53000,,'',0,8000,,'',0,9500,,'',0,5000,,'',0,9000,,'',0,9000,,'',0,10500,,'',0,8500,,'',0,10000,,'',0,8500,,'',0,9500,,'',0,9500,,'',0,5000,,'',0,9500,,'',0,10000,,'',0,8500,,'',0,10000,,'',0,8500,,'',0,10500,,'',0,8500,,'',0,4500,,'',0,16500,,'',0,12000,,'',0
'20230927',7309,53000,,'',0,8000,,'',0,9500,,'',0,5000,,'',0,9000,,'',0,9000,,'',0,10500,,'',0,8500,,'',0,10000,,'',0,8500,,'',0,9500,,'',0,9500,,'',0,5000,,'',0,9500,,'',0,10000,,'',0,8500,,'',0,10000,,'',0,8500,,'',0,10500,,'',0,8500,,'',0,4500,,'',0,16500,,'',0,12000,,'',0
'20230928',7309,53000,,'',0,8000,,'',0,9500,,'',0,5000,,'',0,9000,,'',0,9000,,'',0,10500,,'',0,8500,,'',0,10000,,'',0,8500,,'',0,9500,,'',0,9500,,'',0,5000,,'',0,9500,,'',0,10000,,'',0,8500,,'',0,10000,,'',0,8500,,'',0,10500,,'',0,8500,,'',0,4500,,'',0,16500,,'',0,12000,,'',0
'20230929',7309,53000,,'',0,8000,,'',0,9500,,'',0,5000,,'',0,9000,,'',0,9000,,'',0,10500,,'',0,8500,,'',0,10000,,'',0,8500,,'',0,9500,,'',0,9500,,'',0,5000,,'',0,9500,,'',0,10000,,'',0,8500,,'',0,10000,,'',0,8500,,'',0,10500,,'',0,8500,,'',0,4500,,'',0,16500,,'',0,12000,,'',0
'20230930',7309,61000,,'',0,14500,,'',0,10000,,'',0,8000,,'',0,10500,,'',0,8500,,'',0,10500,,'',0,8500,,'',0,9500,,'',0,9500,,'',0,4500,,'',0,9500,,'',0,9000,,'',0,9000,,'',0,9500,,'',0,9000,,'',0,9000,,'',0,4500,,'',0,9500,,'',0,7500,,'',0,13000,,'',0,16500,,'',0
'20231001',7309,61000,,'',0,14500,,'',0,10000,,'',0,8000,,'',0,10500,,'',0,8500,,'',0,10500,,'',0,8500,,'',0,9500,,'',0,9500,,'',0,4500,,'',0,9500,,'',0,9000,,'',0,9000,,'',0,9500,,'',0,9000,,'',0,9000,,'',0,4500,,'',0,9500,,'',0,7500,,'',0,13000,,'',0,16500,,'',0
'20231002',7309,53000,,'',0,8000,,'',0,9500,,'',0,5000,,'',0,9000,,'',0,9000,,'',0,10500,,'',0,8500,,'',0,10000,,'',0,8500,,'',0,9500,,'',0,9500,,'',0,5000,,'',0,9500,,'',0,10000,,'',0,8500,,'',0,10000,,'',0,8500,,'',0,10500,,'',0,8500,,'',0,4500,,'',0,16500,,'',0,12000,,'',0
'20231003',7309,53000,,'',0,8000,,'',0,9500,,'',0,5000,,'',0,9000,,'',0,9000,,'',0,10500,,'',0,8500,,'',0,10000,,'',0,8500,,'',0,9500,,'',0,9500,,'',0,5000,,'',0,9500,,'',0,10000,,'',0,8500,,'',0,10000,,'',0,8500,,'',0,10500,,'',0,8500,,'',0,4500,,'',0,16500,,'',0,12000,,'',0
'20231004',7309,53000,,'',0,8000,,'',0,9500,,'',0,5000,,'',0,9000,,'',0,9000,,'',0,10500,,'',0,8500,,'',0,10000,,'',0,8500,,'',0,9500,,'',0,9500,,'',0,5000,,'',0,9500,,'',0,10000,,'',0,8500,,'',0,10000,,'',0,8500,,'',0,10500,,'',0,8500,,'',0,4500,,'',0,16500,,'',0,12000,,'',0
'20231005',7309,53000,,'',0,8000,,'',0,9500,,'',0,5000,,'',0,9000,,'',0,9000,,'',0,10500,,'',0,8500,,'',0,10000,,'',0,8500,,'',0,9500,,'',0,9500,,'',0,5000,,'',0,9500,,'',0,10000,,'',0,8500,,'',0,10000,,'',0,8500,,'',0,10500,,'',0,8500,,'',0,4500,,'',0,16500,,'',0,12000,,'',0
'20231006',7309,53000,,'',0,8000,,'',0,9500,,'',0,5000,,'',0,9000,,'',0,9000,,'',0,10500,,'',0,8500,,'',0,10000,,'',0,8500,,'',0,9500,,'',0,9500,,'',0,5000,,'',0,9500,,'',0,10000,,'',0,8500,,'',0,10000,,'',0,8500,,'',0,10500,,'',0,8500,,'',0,4500,,'',0,16500,,'',0,12000,,'',0
'20231007',7309,61000,,'',0,14500,,'',0,10000,,'',0,8000,,'',0,10500,,'',0,8500,,'',0,10500,,'',0,8500,,'',0,9500,,'',0,9500,,'',0,4500,,'',0,9500,,'',0,9000,,'',0,9000,,'',0,9500,,'',0,9000,,'',0,9000,,'',0,4500,,'',0,9500,,'',0,7500,,'',0,13000,,'',0,16500,,'',0
'20231008',7309,61000,,'',0,14500,,'',0,10000,,'',0,8000,,'',0,10500,,'',0,8500,,'',0,10500,,'',0,8500,,'',0,9500,,'',0,9500,,'',0,4500,,'',0,9500,,'',0,9000,,'',0,9000,,'',0,9500,,'',0,9000,,'',0,9000,,'',0,4500,,'',0,9500,,'',0,7500,,'',0,13000,,'',0,16500,,'',0
'20231009',7309,53000,,'',0,8000,,'',0,9500,,'',0,5000,,'',0,9000,,'',0,9000,,'',0,10500,,'',0,8500,,'',0,10000,,'',0,8500,,'',0,9500,,'',0,9500,,'',0,5000,,'',0,9500,,'',0,10000,,'',0,8500,,'',0,10000,,'',0,8500,,'',0,10500,,'',0,8500,,'',0,4500,,'',0,16500,,'',0,12000,,'',0
'20231010',7309,53000,,'',0,8000,,'',0,9500,,'',0,5000,,'',0,9000,,'',0,9000,,'',0,10500,,'',0,8500,,'',0,10000,,'',0,8500,,'',0,9500,,'',0,9500,,'',0,5000,,'',0,9500,,'',0,10000,,'',0,8500,,'',0,10000,,'',0,8500,,'',0,10500,,'',0,8500,,'',0,4500,,'',0,16500,,'',0,12000,,'',0
'20231011',7309,53000,,'',0,8000,,'',0,9500,,'',0,5000,,'',0,9000,,'',0,9000,,'',0,10500,,'',0,8500,,'',0,10000,,'',0,8500,,'',0,9500,,'',0,9500,,'',0,5000,,'',0,9500,,'',0,10000,,'',0,8500,,'',0,10000,,'',0,8500,,'',0,10500,,'',0,8500,,'',0,4500,,'',0,16500,,'',0,12000,,'',0
'20231012',7309,53000,,'',0,8000,,'',0,9500,,'',0,5000,,'',0,9000,,'',0,9000,,'',0,10500,,'',0,8500,,'',0,10000,,'',0,8500,,'',0,9500,,'',0,9500,,'',0,5000,,'',0,9500,,'',0,10000,,'',0,8500,,'',0,10000,,'',0,8500,,'',0,10500,,'',0,8500,,'',0,4500,,'',0,16500,,'',0,12000,,'',0
'20231013',7309,53000,,'',0,8000,,'',0,9500,,'',0,5000,,'',0,9000,,'',0,9000,,'',0,10500,,'',0,8500,,'',0,10000,,'',0,8500,,'',0,9500,,'',0,9500,,'',0,5000,,'',0,9500,,'',0,10000,,'',0,8500,,'',0,10000,,'',0,8500,,'',0,10500,,'',0,8500,,'',0,4500,,'',0,16500,,'',0,12000,,'',0
'20231014',7309,61000,,'',0,14500,,'',0,10000,,'',0,8000,,'',0,10500,,'',0,8500,,'',0,10500,,'',0,8500,,'',0,9500,,'',0,9500,,'',0,4500,,'',0,9500,,'',0,9000,,'',0,9000,,'',0,9500,,'',0,9000,,'',0,9000,,'',0,4500,,'',0,9500,,'',0,7500,,'',0,13000,,'',0,16500,,'',0
'20231015',7309,61000,,'',0,14500,,'',0,10000,,'',0,8000,,'',0,10500,,'',0,8500,,'',0,10500,,'',0,8500,,'',0,9500,,'',0,9500,,'',0,4500,,'',0,9500,,'',0,9000,,'',0,9000,,'',0,9500,,'',0,9000,,'',0,9000,,'',0,4500,,'',0,9500,,'',0,7500,,'',0,13000,,'',0,16500,,'',0
'20231016',7309,53000,,'',0,8000,,'',0,9500,,'',0,5000,,'',0,9000,,'',0,9000,,'',0,10500,,'',0,8500,,'',0,10000,,'',0,8500,,'',0,9500,,'',0,9500,,'',0,5000,,'',0,9500,,'',0,10000,,'',0,8500,,'',0,10000,,'',0,8500,,'',0,10500,,'',0,8500,,'',0,4500,,'',0,16500,,'',0,12000,,'',0
'20231017',7309,53000,,'',0,8000,,'',0,9500,,'',0,5000,,'',0,9000,,'',0,9000,,'',0,10500,,'',0,8500,,'',0,10000,,'',0,8500,,'',0,9500,,'',0,9500,,'',0,5000,,'',0,9500,,'',0,10000,,'',0,8500,,'',0,10000,,'',0,8500,,'',0,10500,,'',0,8500,,'',0,4500,,'',0,16500,,'',0,12000,,'',0
'20231018',7309,53000,,'',0,8000,,'',0,9500,,'',0,5000,,'',0,9000,,'',0,9000,,'',0,10500,,'',0,8500,,'',0,10000,,'',0,8500,,'',0,9500,,'',0,9500,,'',0,5000,,'',0,9500,,'',0,10000,,'',0,8500,,'',0,10000,,'',0,8500,,'',0,10500,,'',0,8500,,'',0,4500,,'',0,16500,,'',0,12000,,'',0
'20231019',7309,53000,,'',0,8000,,'',0,9500,,'',0,5000,,'',0,9000,,'',0,9000,,'',0,10500,,'',0,8500,,'',0,10000,,'',0,8500,,'',0,9500,,'',0,9500,,'',0,5000,,'',0,9500,,'',0,10000,,'',0,8500,,'',0,10000,,'',0,8500,,'',0,10500,,'',0,8500,,'',0,4500,,'',0,16500,,'',0,12000,,'',0
'20231020',7309,53000,,'',0,8000,,'',0,9500,,'',0,5000,,'',0,9000,,'',0,9000,,'',0,10500,,'',0,8500,,'',0,10000,,'',0,8500,,'',0,9500,,'',0,9500,,'',0,5000,,'',0,9500,,'',0,10000,,'',0,8500,,'',0,10000,,'',0,8500,,'',0,10500,,'',0,8500,,'',0,4500,,'',0,16500,,'',0,12000,,'',0
'20231021',7309,61000,,'',0,14500,,'',0,10000,,'',0,8000,,'',0,10500,,'',0,8500,,'',0,10500,,'',0,8500,,'',0,9500,,'',0,9500,,'',0,4500,,'',0,9500,,'',0,9000,,'',0,9000,,'',0,9500,,'',0,9000,,'',0,9000,,'',0,4500,,'',0,9500,,'',0,7500,,'',0,13000,,'',0,16500,,'',0
'20231022',7309,61000,,'',0,14500,,'',0,10000,,'',0,8000,,'',0,10500,,'',0,8500,,'',0,10500,,'',0,8500,,'',0,9500,,'',0,9500,,'',0,4500,,'',0,9500,,'',0,9000,,'',0,9000,,'',0,9500,,'',0,9000,,'',0,9000,,'',0,4500,,'',0,9500,,'',0,7500,,'',0,13000,,'',0,16500,,'',0
'20231023',7309,53000,,'',0,8000,,'',0,9500,,'',0,5000,,'',0,9000,,'',0,9000,,'',0,10500,,'',0,8500,,'',0,10000,,'',0,8500,,'',0,9500,,'',0,9500,,'',0,5000,,'',0,9500,,'',0,10000,,'',0,8500,,'',0,10000,,'',0,8500,,'',0,10500,,'',0,8500,,'',0,4500,,'',0,16500,,'',0,12000,,'',0
'20231024',7309,53000,,'',0,8000,,'',0,9500,,'',0,5000,,'',0,9000,,'',0,9000,,'',0,10500,,'',0,8500,,'',0,10000,,'',0,8500,,'',0,9500,,'',0,9500,,'',0,5000,,'',0,9500,,'',0,10000,,'',0,8500,,'',0,10000,,'',0,8500,,'',0,10500,,'',0,8500,,'',0,4500,,'',0,16500,,'',0,12000,,'',0
'20231025',7309,53000,,'',0,8000,,'',0,9500,,'',0,5000,,'',0,9000,,'',0,9000,,'',0,10500,,'',0,8500,,'',0,10000,,'',0,8500,,'',0,9500,,'',0,9500,,'',0,5000,,'',0,9500,,'',0,10000,,'',0,8500,,'',0,10000,,'',0,8500,,'',0,10500,,'',0,8500,,'',0,4500,,'',0,16500,,'',0,12000,,'',0
'20231026',7309,53000,,'',0,8000,,'',0,9500,,'',0,5000,,'',0,9000,,'',0,9000,,'',0,10500,,'',0,8500,,'',0,10000,,'',0,8500,,'',0,9500,,'',0,9500,,'',0,5000,,'',0,9500,,'',0,10000,,'',0,8500,,'',0,10000,,'',0,8500,,'',0,10500,,'',0,8500,,'',0,4500,,'',0,16500,,'',0,12000,,'',0
'20231027',7309,53000,,'',0,8000,,'',0,9500,,'',0,5000,,'',0,9000,,'',0,9000,,'',0,10500,,'',0,8500,,'',0,10000,,'',0,8500,,'',0,9500,,'',0,9500,,'',0,5000,,'',0,9500,,'',0,10000,,'',0,8500,,'',0,10000,,'',0,8500,,'',0,10500,,'',0,8500,,'',0,4500,,'',0,16500,,'',0,12000,,'',0
'20231028',7309,61000,,'',0,14500,,'',0,10000,,'',0,8000,,'',0,10500,,'',0,8500,,'',0,10500,,'',0,8500,,'',0,9500,,'',0,9500,,'',0,4500,,'',0,9500,,'',0,9000,,'',0,9000,,'',0,9500,,'',0,9000,,'',0,9000,,'',0,4500,,'',0,9500,,'',0,7500,,'',0,13000,,'',0,16500,,'',0
'20231029',7309,61000,,'',0,14500,,'',0,10000,,'',0,8000,,'',0,10500,,'',0,8500,,'',0,10500,,'',0,8500,,'',0,9500,,'',0,9500,,'',0,4500,,'',0,9500,,'',0,9000,,'',0,9000,,'',0,9500,,'',0,9000,,'',0,9000,,'',0,4500,,'',0,9500,,'',0,7500,,'',0,13000,,'',0,16500,,'',0
'20231030',7309,53000,,'',0,8000,,'',0,9500,,'',0,5000,,'',0,9000,,'',0,9000,,'',0,10500,,'',0,8500,,'',0,10000,,'',0,8500,,'',0,9500,,'',0,9500,,'',0,5000,,'',0,9500,,'',0,10000,,'',0,8500,,'',0,10000,,'',0,8500,,'',0,10500,,'',0,8500,,'',0,4500,,'',0,16500,,'',0,12000,,'',0
'20231031',7309,53000,,'',0,8000,,'',0,9500,,'',0,5000,,'',0,9000,,'',0,9000,,'',0,10500,,'',0,8500,,'',0,10000,,'',0,8500,,'',0,9500,,'',0,9500,,'',0,5000,,'',0,9500,,'',0,10000,,'',0,8500,,'',0,10000,,'',0,8500,,'',0,10500,,'',0,8500,,'',0,4500,,'',0,16500,,'',0,12000,,'',0
'20231101',7309,53000,,'',0,8000,,'',0,9500,,'',0,5000,,'',0,9000,,'',0,9000,,'',0,10500,,'',0,8500,,'',0,10000,,'',0,8500,,'',0,9500,,'',0,9500,,'',0,5000,,'',0,9500,,'',0,10000,,'',0,8500,,'',0,10000,,'',0,8500,,'',0,10500,,'',0,8500,,'',0,4500,,'',0,16500,,'',0,12000,,'',0
'20231102',7309,53000,,'',0,8000,,'',0,9500,,'',0,5000,,'',0,9000,,'',0,9000,,'',0,10500,,'',0,8500,,'',0,10000,,'',0,8500,,'',0,9500,,'',0,9500,,'',0,5000,,'',0,9500,,'',0,10000,,'',0,8500,,'',0,10000,,'',0,8500,,'',0,10500,,'',0,8500,,'',0,4500,,'',0,16500,,'',0,12000,,'',0
'20231103',7309,53000,,'',0,8000,,'',0,9500,,'',0,5000,,'',0,9000,,'',0,9000,,'',0,10500,,'',0,8500,,'',0,10000,,'',0,8500,,'',0,9500,,'',0,9500,,'',0,5000,,'',0,9500,,'',0,10000,,'',0,8500,,'',0,10000,,'',0,8500,,'',0,10500,,'',0,8500,,'',0,4500,,'',0,16500,,'',0,12000,,'',0
'20231104',7309,61000,,'',0,14500,,'',0,10000,,'',0,8000,,'',0,10500,,'',0,8500,,'',0,10500,,'',0,8500,,'',0,9500,,'',0,9500,,'',0,4500,,'',0,9500,,'',0,9000,,'',0,9000,,'',0,9500,,'',0,9000,,'',0,9000,,'',0,4500,,'',0,9500,,'',0,7500,,'',0,13000,,'',0,16500,,'',0
'20231105',7309,61000,,'',0,14500,,'',0,10000,,'',0,8000,,'',0,10500,,'',0,8500,,'',0,10500,,'',0,8500,,'',0,9500,,'',0,9500,,'',0,4500,,'',0,9500,,'',0,9000,,'',0,9000,,'',0,9500,,'',0,9000,,'',0,9000,,'',0,4500,,'',0,9500,,'',0,7500,,'',0,13000,,'',0,16500,,'',0
'20231106',7309,53000,,'',0,8000,,'',0,9500,,'',0,5000,,'',0,9000,,'',0,9000,,'',0,10500,,'',0,8500,,'',0,10000,,'',0,8500,,'',0,9500,,'',0,9500,,'',0,5000,,'',0,9500,,'',0,10000,,'',0,8500,,'',0,10000,,'',0,8500,,'',0,10500,,'',0,8500,,'',0,4500,,'',0,16500,,'',0,12000,,'',0
'20231107',7309,53000,,'',0,8000,,'',0,9500,,'',0,5000,,'',0,9000,,'',0,9000,,'',0,10500,,'',0,8500,,'',0,10000,,'',0,8500,,'',0,9500,,'',0,9500,,'',0,5000,,'',0,9500,,'',0,10000,,'',0,8500,,'',0,10000,,'',0,8500,,'',0,10500,,'',0,8500,,'',0,4500,,'',0,16500,,'',0,12000,,'',0
'20231108',7309,53000,,'',0,8000,,'',0,9500,,'',0,5000,,'',0,9000,,'',0,9000,,'',0,10500,,'',0,8500,,'',0,10000,,'',0,8500,,'',0,9500,,'',0,9500,,'',0,5000,,'',0,9500,,'',0,10000,,'',0,8500,,'',0,10000,,'',0,8500,,'',0,10500,,'',0,8500,,'',0,4500,,'',0,16500,,'',0,12000,,'',0
'20231109',7309,53000,,'',0,8000,,'',0,9500,,'',0,5000,,'',0,9000,,'',0,9000,,'',0,10500,,'',0,8500,,'',0,10000,,'',0,8500,,'',0,9500,,'',0,9500,,'',0,5000,,'',0,9500,,'',0,10000,,'',0,8500,,'',0,10000,,'',0,8500,,'',0,10500,,'',0,8500,,'',0,4500,,'',0,16500,,'',0,12000,,'',0
'20231110',7309,53000,,'',0,8000,,'',0,9500,,'',0,5000,,'',0,9000,,'',0,9000,,'',0,10500,,'',0,8500,,'',0,10000,,'',0,8500,,'',0,9500,,'',0,9500,,'',0,5000,,'',0,9500,,'',0,10000,,'',0,8500,,'',0,10000,,'',0,8500,,'',0,10500,,'',0,8500,,'',0,4500,,'',0,16500,,'',0,12000,,'',0
'20231111',7309,61000,,'',0,14500,,'',0,10000,,'',0,8000,,'',0,10500,,'',0,8500,,'',0,10500,,'',0,8500,,'',0,9500,,'',0,9500,,'',0,4500,,'',0,9500,,'',0,9000,,'',0,9000,,'',0,9500,,'',0,9000,,'',0,9000,,'',0,4500,,'',0,9500,,'',0,7500,,'',0,13000,,'',0,16500,,'',0
'20231112',7309,61000,,'',0,14500,,'',0,10000,,'',0,8000,,'',0,10500,,'',0,8500,,'',0,10500,,'',0,8500,,'',0,9500,,'',0,9500,,'',0,4500,,'',0,9500,,'',0,9000,,'',0,9000,,'',0,9500,,'',0,9000,,'',0,9000,,'',0,4500,,'',0,9500,,'',0,7500,,'',0,13000,,'',0,16500,,'',0
'20231113',7309,53000,,'',0,8000,,'',0,9500,,'',0,5000,,'',0,9000,,'',0,9000,,'',0,10500,,'',0,8500,,'',0,10000,,'',0,8500,,'',0,9500,,'',0,9500,,'',0,5000,,'',0,9500,,'',0,10000,,'',0,8500,,'',0,10000,,'',0,8500,,'',0,10500,,'',0,8500,,'',0,4500,,'',0,16500,,'',0,12000,,'',0
'20231114',7309,53000,,'',0,8000,,'',0,9500,,'',0,5000,,'',0,9000,,'',0,9000,,'',0,10500,,'',0,8500,,'',0,10000,,'',0,8500,,'',0,9500,,'',0,9500,,'',0,5000,,'',0,9500,,'',0,10000,,'',0,8500,,'',0,10000,,'',0,8500,,'',0,10500,,'',0,8500,,'',0,4500,,'',0,16500,,'',0,12000,,'',0
'20231115',7309,53000,,'',0,8000,,'',0,9500,,'',0,5000,,'',0,9000,,'',0,9000,,'',0,10500,,'',0,8500,,'',0,10000,,'',0,8500,,'',0,9500,,'',0,9500,,'',0,5000,,'',0,9500,,'',0,10000,,'',0,8500,,'',0,10000,,'',0,8500,,'',0,10500,,'',0,8500,,'',0,4500,,'',0,16500,,'',0,12000,,'',0
'20231116',7309,53000,,'',0,8000,,'',0,9500,,'',0,5000,,'',0,9000,,'',0,9000,,'',0,10500,,'',0,8500,,'',0,10000,,'',0,8500,,'',0,9500,,'',0,9500,,'',0,5000,,'',0,9500,,'',0,10000,,'',0,8500,,'',0,10000,,'',0,8500,,'',0,10500,,'',0,8500,,'',0,4500,,'',0,16500,,'',0,12000,,'',0
'20231117',7309,53000,,'',0,8000,,'',0,9500,,'',0,5000,,'',0,9000,,'',0,9000,,'',0,10500,,'',0,8500,,'',0,10000,,'',0,8500,,'',0,9500,,'',0,9500,,'',0,5000,,'',0,9500,,'',0,10000,,'',0,8500,,'',0,10000,,'',0,8500,,'',0,10500,,'',0,8500,,'',0,4500,,'',0,16500,,'',0,12000,,'',0
'20231118',7309,61000,,'',0,14500,,'',0,10000,,'',0,8000,,'',0,10500,,'',0,8500,,'',0,10500,,'',0,8500,,'',0,9500,,'',0,9500,,'',0,4500,,'',0,9500,,'',0,9000,,'',0,9000,,'',0,9500,,'',0,9000,,'',0,9000,,'',0,4500,,'',0,9500,,'',0,7500,,'',0,13000,,'',0,16500,,'',0
'20231119',7309,61000,,'',0,14500,,'',0,10000,,'',0,8000,,'',0,10500,,'',0,8500,,'',0,10500,,'',0,8500,,'',0,9500,,'',0,9500,,'',0,4500,,'',0,9500,,'',0,9000,,'',0,9000,,'',0,9500,,'',0,9000,,'',0,9000,,'',0,4500,,'',0,9500,,'',0,7500,,'',0,13000,,'',0,16500,,'',0
'20231120',7309,53000,,'',0,8000,,'',0,9500,,'',0,5000,,'',0,9000,,'',0,9000,,'',0,10500,,'',0,8500,,'',0,10000,,'',0,8500,,'',0,9500,,'',0,9500,,'',0,5000,,'',0,9500,,'',0,10000,,'',0,8500,,'',0,10000,,'',0,8500,,'',0,10500,,'',0,8500,,'',0,4500,,'',0,16500,,'',0,12000,,'',0
'20231121',7309,53000,,'',0,8000,,'',0,9500,,'',0,5000,,'',0,9000,,'',0,9000,,'',0,10500,,'',0,8500,,'',0,10000,,'',0,8500,,'',0,9500,,'',0,9500,,'',0,5000,,'',0,9500,,'',0,10000,,'',0,8500,,'',0,10000,,'',0,8500,,'',0,10500,,'',0,8500,,'',0,4500,,'',0,16500,,'',0,12000,,'',0
'20231122',7309,53000,,'',0,8000,,'',0,9500,,'',0,5000,,'',0,9000,,'',0,9000,,'',0,10500,,'',0,8500,,'',0,10000,,'',0,8500,,'',0,9500,,'',0,9500,,'',0,5000,,'',0,9500,,'',0,10000,,'',0,8500,,'',0,10000,,'',0,8500,,'',0,10500,,'',0,8500,,'',0,4500,,'',0,16500,,'',0,12000,,'',0
'20231123',7309,61000,,'',0,14500,,'',0,10000,,'',0,8000,,'',0,10500,,'',0,8500,,'',0,10500,,'',0,8500,,'',0,9500,,'',0,9500,,'',0,4500,,'',0,9500,,'',0,9000,,'',0,9000,,'',0,9500,,'',0,9000,,'',0,9000,,'',0,4500,,'',0,9500,,'',0,7500,,'',0,13000,,'',0,16500,,'',0
'20231124',7309,53000,,'',0,8000,,'',0,9500,,'',0,5000,,'',0,9000,,'',0,9000,,'',0,10500,,'',0,8500,,'',0,10000,,'',0,8500,,'',0,9500,,'',0,9500,,'',0,5000,,'',0,9500,,'',0,10000,,'',0,8500,,'',0,10000,,'',0,8500,,'',0,10500,,'',0,8500,,'',0,4500,,'',0,16500,,'',0,12000,,'',0
'20231125',7309,61000,,'',0,14500,,'',0,10000,,'',0,8000,,'',0,10500,,'',0,8500,,'',0,10500,,'',0,8500,,'',0,9500,,'',0,9500,,'',0,4500,,'',0,9500,,'',0,9000,,'',0,9000,,'',0,9500,,'',0,9000,,'',0,9000,,'',0,4500,,'',0,9500,,'',0,7500,,'',0,13000,,'',0,16500,,'',0
'20231126',7309,61000,,'',0,14500,,'',0,10000,,'',0,8000,,'',0,10500,,'',0,8500,,'',0,10500,,'',0,8500,,'',0,9500,,'',0,9500,,'',0,4500,,'',0,9500,,'',0,9000,,'',0,9000,,'',0,9500,,'',0,9000,,'',0,9000,,'',0,4500,,'',0,9500,,'',0,7500,,'',0,13000,,'',0,16500,,'',0
'20231127',7309,53000,,'',0,8000,,'',0,9500,,'',0,5000,,'',0,9000,,'',0,9000,,'',0,10500,,'',0,8500,,'',0,10000,,'',0,8500,,'',0,9500,,'',0,9500,,'',0,5000,,'',0,9500,,'',0,10000,,'',0,8500,,'',0,10000,,'',0,8500,,'',0,10500,,'',0,8500,,'',0,4500,,'',0,16500,,'',0,12000,,'',0
'20231128',7309,53000,,'',0,8000,,'',0,9500,,'',0,5000,,'',0,9000,,'',0,9000,,'',0,10500,,'',0,8500,,'',0,10000,,'',0,8500,,'',0,9500,,'',0,9500,,'',0,5000,,'',0,9500,,'',0,10000,,'',0,8500,,'',0,10000,,'',0,8500,,'',0,10500,,'',0,8500,,'',0,4500,,'',0,16500,,'',0,12000,,'',0
'20231129',7309,53000,,'',0,8000,,'',0,9500,,'',0,5000,,'',0,9000,,'',0,9000,,'',0,10500,,'',0,8500,,'',0,10000,,'',0,8500,,'',0,9500,,'',0,9500,,'',0,5000,,'',0,9500,,'',0,10000,,'',0,8500,,'',0,10000,,'',0,8500,,'',0,10500,,'',0,8500,,'',0,4500,,'',0,16500,,'',0,12000,,'',0
'20231130',7309,53000,,'',0,8000,,'',0,9500,,'',0,5000,,'',0,9000,,'',0,9000,,'',0,10500,,'',0,8500,,'',0,10000,,'',0,8500,,'',0,9500,,'',0,9500,,'',0,5000,,'',0,9500,,'',0,10000,,'',0,8500,,'',0,10000,,'',0,8500,,'',0,10500,,'',0,8500,,'',0,4500,,'',0,16500,,'',0,12000,,'',0
'20231201',7309,53000,,'',0,8000,,'',0,9500,,'',0,5000,,'',0,9000,,'',0,9000,,'',0,10500,,'',0,8500,,'',0,10000,,'',0,8500,,'',0,9500,,'',0,9500,,'',0,5000,,'',0,9500,,'',0,10000,,'',0,8500,,'',0,10000,,'',0,8500,,'',0,10500,,'',0,8500,,'',0,4500,,'',0,16500,,'',0,12000,,'',0
'20231202',7309,61000,,'',0,14500,,'',0,10000,,'',0,8000,,'',0,10500,,'',0,8500,,'',0,10500,,'',0,8500,,'',0,9500,,'',0,9500,,'',0,4500,,'',0,9500,,'',0,9000,,'',0,9000,,'',0,9500,,'',0,9000,,'',0,9000,,'',0,4500,,'',0,9500,,'',0,7500,,'',0,13000,,'',0,16500,,'',0
'20231203',7309,61000,,'',0,14500,,'',0,10000,,'',0,8000,,'',0,10500,,'',0,8500,,'',0,10500,,'',0,8500,,'',0,9500,,'',0,9500,,'',0,4500,,'',0,9500,,'',0,9000,,'',0,9000,,'',0,9500,,'',0,9000,,'',0,9000,,'',0,4500,,'',0,9500,,'',0,7500,,'',0,13000,,'',0,16500,,'',0
'20231204',7309,53000,,'',0,8000,,'',0,9500,,'',0,5000,,'',0,9000,,'',0,9000,,'',0,10500,,'',0,8500,,'',0,10000,,'',0,8500,,'',0,9500,,'',0,9500,,'',0,5000,,'',0,9500,,'',0,10000,,'',0,8500,,'',0,10000,,'',0,8500,,'',0,10500,,'',0,8500,,'',0,4500,,'',0,16500,,'',0,12000,,'',0
'20231205',7309,53000,,'',0,8000,,'',0,9500,,'',0,5000,,'',0,9000,,'',0,9000,,'',0,10500,,'',0,8500,,'',0,10000,,'',0,8500,,'',0,9500,,'',0,9500,,'',0,5000,,'',0,9500,,'',0,10000,,'',0,8500,,'',0,10000,,'',0,8500,,'',0,10500,,'',0,8500,,'',0,4500,,'',0,16500,,'',0,12000,,'',0
'20231206',7309,53000,,'',0,8000,,'',0,9500,,'',0,5000,,'',0,9000,,'',0,9000,,'',0,10500,,'',0,8500,,'',0,10000,,'',0,8500,,'',0,9500,,'',0,9500,,'',0,5000,,'',0,9500,,'',0,10000,,'',0,8500,,'',0,10000,,'',0,8500,,'',0,10500,,'',0,8500,,'',0,4500,,'',0,16500,,'',0,12000,,'',0
'20231207',7309,53000,,'',0,8000,,'',0,9500,,'',0,5000,,'',0,9000,,'',0,9000,,'',0,10500,,'',0,8500,,'',0,10000,,'',0,8500,,'',0,9500,,'',0,9500,,'',0,5000,,'',0,9500,,'',0,10000,,'',0,8500,,'',0,10000,,'',0,8500,,'',0,10500,,'',0,8500,,'',0,4500,,'',0,16500,,'',0,12000,,'',0
'20231208',7309,53000,,'',0,8000,,'',0,9500,,'',0,5000,,'',0,9000,,'',0,9000,,'',0,10500,,'',0,8500,,'',0,10000,,'',0,8500,,'',0,9500,,'',0,9500,,'',0,5000,,'',0,9500,,'',0,10000,,'',0,8500,,'',0,10000,,'',0,8500,,'',0,10500,,'',0,8500,,'',0,4500,,'',0,16500,,'',0,12000,,'',0
'20231209',7309,61000,,'',0,14500,,'',0,10000,,'',0,8000,,'',0,10500,,'',0,8500,,'',0,10500,,'',0,8500,,'',0,9500,,'',0,9500,,'',0,4500,,'',0,9500,,'',0,9000,,'',0,9000,,'',0,9500,,'',0,9000,,'',0,9000,,'',0,4500,,'',0,9500,,'',0,7500,,'',0,13000,,'',0,16500,,'',0
'20231210',7309,61000,,'',0,14500,,'',0,10000,,'',0,8000,,'',0,10500,,'',0,8500,,'',0,10500,,'',0,8500,,'',0,9500,,'',0,9500,,'',0,4500,,'',0,9500,,'',0,9000,,'',0,9000,,'',0,9500,,'',0,9000,,'',0,9000,,'',0,4500,,'',0,9500,,'',0,7500,,'',0,13000,,'',0,16500,,'',0
'20231211',7309,53000,,'',0,8000,,'',0,9500,,'',0,5000,,'',0,9000,,'',0,9000,,'',0,10500,,'',0,8500,,'',0,10000,,'',0,8500,,'',0,9500,,'',0,9500,,'',0,5000,,'',0,9500,,'',0,10000,,'',0,8500,,'',0,10000,,'',0,8500,,'',0,10500,,'',0,8500,,'',0,4500,,'',0,16500,,'',0,12000,,'',0
'20231212',7309,53000,,'',0,8000,,'',0,9500,,'',0,5000,,'',0,9000,,'',0,9000,,'',0,10500,,'',0,8500,,'',0,10000,,'',0,8500,,'',0,9500,,'',0,9500,,'',0,5000,,'',0,9500,,'',0,10000,,'',0,8500,,'',0,10000,,'',0,8500,,'',0,10500,,'',0,8500,,'',0,4500,,'',0,16500,,'',0,12000,,'',0
'20231213',7309,53000,,'',0,8000,,'',0,9500,,'',0,5000,,'',0,9000,,'',0,9000,,'',0,10500,,'',0,8500,,'',0,10000,,'',0,8500,,'',0,9500,,'',0,9500,,'',0,5000,,'',0,9500,,'',0,10000,,'',0,8500,,'',0,10000,,'',0,8500,,'',0,10500,,'',0,8500,,'',0,4500,,'',0,16500,,'',0,12000,,'',0
'20231214',7309,53000,,'',0,8000,,'',0,9500,,'',0,5000,,'',0,9000,,'',0,9000,,'',0,10500,,'',0,8500,,'',0,10000,,'',0,8500,,'',0,9500,,'',0,9500,,'',0,5000,,'',0,9500,,'',0,10000,,'',0,8500,,'',0,10000,,'',0,8500,,'',0,10500,,'',0,8500,,'',0,4500,,'',0,16500,,'',0,12000,,'',0
'20231215',7309,53000,,'',0,8000,,'',0,9500,,'',0,5000,,'',0,9000,,'',0,9000,,'',0,10500,,'',0,8500,,'',0,10000,,'',0,8500,,'',0,9500,,'',0,9500,,'',0,5000,,'',0,9500,,'',0,10000,,'',0,8500,,'',0,10000,,'',0,8500,,'',0,10500,,'',0,8500,,'',0,4500,,'',0,16500,,'',0,12000,,'',0
'20231216',7309,61000,,'',0,14500,,'',0,10000,,'',0,8000,,'',0,10500,,'',0,8500,,'',0,10500,,'',0,8500,,'',0,9500,,'',0,9500,,'',0,4500,,'',0,9500,,'',0,9000,,'',0,9000,,'',0,9500,,'',0,9000,,'',0,9000,,'',0,4500,,'',0,9500,,'',0,7500,,'',0,13000,,'',0,16500,,'',0
'20231217',7309,61000,,'',0,14500,,'',0,10000,,'',0,8000,,'',0,10500,,'',0,8500,,'',0,10500,,'',0,8500,,'',0,9500,,'',0,9500,,'',0,4500,,'',0,9500,,'',0,9000,,'',0,9000,,'',0,9500,,'',0,9000,,'',0,9000,,'',0,4500,,'',0,9500,,'',0,7500,,'',0,13000,,'',0,16500,,'',0
'20231218',7309,53000,,'',0,8000,,'',0,9500,,'',0,5000,,'',0,9000,,'',0,9000,,'',0,10500,,'',0,8500,,'',0,10000,,'',0,8500,,'',0,9500,,'',0,9500,,'',0,5000,,'',0,9500,,'',0,10000,,'',0,8500,,'',0,10000,,'',0,8500,,'',0,10500,,'',0,8500,,'',0,4500,,'',0,16500,,'',0,12000,,'',0
'20231219',7309,53000,,'',0,8000,,'',0,9500,,'',0,5000,,'',0,9000,,'',0,9000,,'',0,10500,,'',0,8500,,'',0,10000,,'',0,8500,,'',0,9500,,'',0,9500,,'',0,5000,,'',0,9500,,'',0,10000,,'',0,8500,,'',0,10000,,'',0,8500,,'',0,10500,,'',0,8500,,'',0,4500,,'',0,16500,,'',0,12000,,'',0
'20231220',7309,53000,,'',0,8000,,'',0,9500,,'',0,5000,,'',0,9000,,'',0,9000,,'',0,10500,,'',0,8500,,'',0,10000,,'',0,8500,,'',0,9500,,'',0,9500,,'',0,5000,,'',0,9500,,'',0,10000,,'',0,8500,,'',0,10000,,'',0,8500,,'',0,10500,,'',0,8500,,'',0,4500,,'',0,16500,,'',0,12000,,'',0
'20231221',7309,53000,,'',0,8000,,'',0,9500,,'',0,5000,,'',0,9000,,'',0,9000,,'',0,10500,,'',0,8500,,'',0,10000,,'',0,8500,,'',0,9500,,'',0,9500,,'',0,5000,,'',0,9500,,'',0,10000,,'',0,8500,,'',0,10000,,'',0,8500,,'',0,10500,,'',0,8500,,'',0,4500,,'',0,16500,,'',0,12000,,'',0
'20231222',7309,53000,,'',0,8000,,'',0,9500,,'',0,5000,,'',0,9000,,'',0,9000,,'',0,10500,,'',0,8500,,'',0,10000,,'',0,8500,,'',0,9500,,'',0,9500,,'',0,5000,,'',0,9500,,'',0,10000,,'',0,8500,,'',0,10000,,'',0,8500,,'',0,10500,,'',0,8500,,'',0,4500,,'',0,16500,,'',0,12000,,'',0
'20231223',7309,61000,,'',0,14500,,'',0,10000,,'',0,8000,,'',0,10500,,'',0,8500,,'',0,10500,,'',0,8500,,'',0,9500,,'',0,9500,,'',0,4500,,'',0,9500,,'',0,9000,,'',0,9000,,'',0,9500,,'',0,9000,,'',0,9000,,'',0,4500,,'',0,9500,,'',0,7500,,'',0,13000,,'',0,16500,,'',0
'20231224',7309,61000,,'',0,14500,,'',0,10000,,'',0,8000,,'',0,10500,,'',0,8500,,'',0,10500,,'',0,8500,,'',0,9500,,'',0,9500,,'',0,4500,,'',0,9500,,'',0,9000,,'',0,9000,,'',0,9500,,'',0,9000,,'',0,9000,,'',0,4500,,'',0,9500,,'',0,7500,,'',0,13000,,'',0,16500,,'',0
'20231225',7309,61000,,'',0,14500,,'',0,10000,,'',0,8000,,'',0,10500,,'',0,8500,,'',0,10500,,'',0,8500,,'',0,9500,,'',0,9500,,'',0,4500,,'',0,9500,,'',0,9000,,'',0,9000,,'',0,9500,,'',0,9000,,'',0,9000,,'',0,4500,,'',0,9500,,'',0,7500,,'',0,13000,,'',0,16500,,'',0
'20231226',7309,53000,,'',0,8000,,'',0,9500,,'',0,5000,,'',0,9000,,'',0,9000,,'',0,10500,,'',0,8500,,'',0,10000,,'',0,8500,,'',0,9500,,'',0,9500,,'',0,5000,,'',0,9500,,'',0,10000,,'',0,8500,,'',0,10000,,'',0,8500,,'',0,10500,,'',0,8500,,'',0,4500,,'',0,16500,,'',0,12000,,'',0
'20231227',7309,53000,,'',0,8000,,'',0,9500,,'',0,5000,,'',0,9000,,'',0,9000,,'',0,10500,,'',0,8500,,'',0,10000,,'',0,8500,,'',0,9500,,'',0,9500,,'',0,5000,,'',0,9500,,'',0,10000,,'',0,8500,,'',0,10000,,'',0,8500,,'',0,10500,,'',0,8500,,'',0,4500,,'',0,16500,,'',0,12000,,'',0
'20231228',7309,53000,,'',0,8000,,'',0,9500,,'',0,5000,,'',0,9000,,'',0,9000,,'',0,10500,,'',0,8500,,'',0,10000,,'',0,8500,,'',0,9500,,'',0,9500,,'',0,5000,,'',0,9500,,'',0,10000,,'',0,8500,,'',0,10000,,'',0,8500,,'',0,10500,,'',0,8500,,'',0,4500,,'',0,16500,,'',0,12000,,'',0
'20231229',7309,53000,,'',0,8000,,'',0,9500,,'',0,5000,,'',0,9000,,'',0,9000,,'',0,10500,,'',0,8500,,'',0,10000,,'',0,8500,,'',0,9500,,'',0,9500,,'',0,5000,,'',0,9500,,'',0,10000,,'',0,8500,,'',0,10000,,'',0,8500,,'',0,10500,,'',0,8500,,'',0,4500,,'',0,16500,,'',0,12000,,'',0
'20231230',7309,61000,,'',0,14500,,'',0,10000,,'',0,8000,,'',0,10500,,'',0,8500,,'',0,10500,,'',0,8500,,'',0,9500,,'',0,9500,,'',0,4500,,'',0,9500,,'',0,9000,,'',0,9000,,'',0,9500,,'',0,9000,,'',0,9000,,'',0,4500,,'',0,9500,,'',0,7500,,'',0,13000,,'',0,16500,,'',0
'20230829',7409,73500,,'',0,26500,,'',0,22000,,'',0,23000,,'',0,28000,,'',0,22000,,'',0,28000,,'',0,22000,,'',0
'20230830',7409,73500,,'',0,26500,,'',0,22000,,'',0,23000,,'',0,28000,,'',0,22000,,'',0,28000,,'',0,22000,,'',0
'20230831',7409,73500,,'',0,26500,,'',0,22000,,'',0,23000,,'',0,28000,,'',0,22000,,'',0,28000,,'',0,22000,,'',0
'20230901',7409,73500,,'',0,26500,,'',0,22000,,'',0,23000,,'',0,28000,,'',0,22000,,'',0,28000,,'',0,22000,,'',0
'20230902',7409,73500,,'',0,26500,,'',0,22000,,'',0,23000,,'',0,28000,,'',0,22000,,'',0,28000,,'',0,22000,,'',0
'20230903',7409,73500,,'',0,26500,,'',0,22000,,'',0,23000,,'',0,28000,,'',0,22000,,'',0,28000,,'',0,22000,,'',0
'20230904',7409,73500,,'',0,26500,,'',0,22000,,'',0,23000,,'',0,28000,,'',0,22000,,'',0,28000,,'',0,22000,,'',0
'20230905',7409,73500,,'',0,26500,,'',0,22000,,'',0,23000,,'',0,28000,,'',0,22000,,'',0,28000,,'',0,22000,,'',0
'20230906',7409,73500,,'',0,26500,,'',0,22000,,'',0,23000,,'',0,28000,,'',0,22000,,'',0,28000,,'',0,22000,,'',0
'20230907',7409,73500,,'',0,26500,,'',0,22000,,'',0,23000,,'',0,28000,,'',0,22000,,'',0,28000,,'',0,22000,,'',0
'20230908',7409,73500,,'',0,26500,,'',0,22000,,'',0,23000,,'',0,28000,,'',0,22000,,'',0,28000,,'',0,22000,,'',0
'20230909',7409,73500,,'',0,26500,,'',0,22000,,'',0,23000,,'',0,28000,,'',0,22000,,'',0,28000,,'',0,22000,,'',0
'20230910',7409,73500,,'',0,26500,,'',0,22000,,'',0,23000,,'',0,28000,,'',0,22000,,'',0,28000,,'',0,22000,,'',0
'20230911',7409,73500,,'',0,26500,,'',0,22000,,'',0,23000,,'',0,28000,,'',0,22000,,'',0,28000,,'',0,22000,,'',0
'20230912',7409,73500,,'',0,26500,,'',0,22000,,'',0,23000,,'',0,28000,,'',0,22000,,'',0,28000,,'',0,22000,,'',0
'20230913',7409,73500,,'',0,26500,,'',0,22000,,'',0,23000,,'',0,28000,,'',0,22000,,'',0,28000,,'',0,22000,,'',0
'20230914',7409,73500,,'',0,26500,,'',0,22000,,'',0,23000,,'',0,28000,,'',0,22000,,'',0,28000,,'',0,22000,,'',0
'20230915',7409,73500,,'',0,26500,,'',0,22000,,'',0,23000,,'',0,28000,,'',0,22000,,'',0,28000,,'',0,22000,,'',0
'20230916',7409,73500,,'',0,26500,,'',0,22000,,'',0,23000,,'',0,28000,,'',0,22000,,'',0,28000,,'',0,22000,,'',0
'20230917',7409,73500,,'',0,26500,,'',0,22000,,'',0,23000,,'',0,28000,,'',0,22000,,'',0,28000,,'',0,22000,,'',0
'20230918',7409,73500,,'',0,26500,,'',0,22000,,'',0,23000,,'',0,28000,,'',0,22000,,'',0,28000,,'',0,22000,,'',0
'20230919',7409,73500,,'',0,26500,,'',0,22000,,'',0,23000,,'',0,28000,,'',0,22000,,'',0,28000,,'',0,22000,,'',0
'20230920',7409,73500,,'',0,26500,,'',0,22000,,'',0,23000,,'',0,28000,,'',0,22000,,'',0,28000,,'',0,22000,,'',0
'20230921',7409,73500,,'',0,26500,,'',0,22000,,'',0,23000,,'',0,28000,,'',0,22000,,'',0,28000,,'',0,22000,,'',0
'20230922',7409,73500,,'',0,26500,,'',0,22000,,'',0,23000,,'',0,28000,,'',0,22000,,'',0,28000,,'',0,22000,,'',0
'20230923',7409,73500,,'',0,26500,,'',0,22000,,'',0,23000,,'',0,28000,,'',0,22000,,'',0,28000,,'',0,22000,,'',0
