'20240416',22909,40500,0,'''Fauntleroy''',0,2500,0,'''Fauntleroy''',0,9000,0,'''Fauntleroy''',0,9500,0,'''Fauntleroy''',0,8500,0,'''Fauntleroy''',0,1500,0,'''Fauntleroy''',0,4000,0,'''Fauntleroy''',0,9000,0,'''Fauntleroy''',0,5500,0,'''Fauntleroy''',0,5500,0,'''Fauntleroy''',0,6000,0,'''Fauntleroy''',0,22500,0,'''Fauntleroy''',0,10000,0,'''Fauntleroy''',0,18000,0,'''Fauntleroy''',0,12500,0,'''Fauntleroy''',0,10000,0,'''Fauntleroy''',0,9500,0,'''Fauntleroy''',0,17500,0,'''Fauntleroy''',0,19000,0,'''Fauntleroy''',0,9500,0,'''Fauntleroy''',0,11500,0,'''Fauntleroy''',0
'20240417',22909,40500,0,'''Fauntleroy''',0,2500,0,'''Fauntleroy''',0,9000,0,'''Fauntleroy''',0,9500,0,'''Fauntleroy''',0,8500,0,'''Fauntleroy''',0,1500,0,'''Fauntleroy''',0,4000,0,'''Fauntleroy''',0,9000,0,'''Fauntleroy''',0,5500,0,'''Fauntleroy''',0,5500,0,'''Fauntleroy''',0,6000,0,'''Fauntleroy''',0,22500,0,'''Fauntleroy''',0,10000,0,'''Fauntleroy''',0,18000,0,'''Fauntleroy''',0,12500,0,'''Fauntleroy''',0,10000,0,'''Fauntleroy''',0,9500,0,'''Fauntleroy''',0,17500,0,'''Fauntleroy''',0,19000,0,'''Fauntleroy''',0,9500,0,'''Fauntleroy''',0,11500,0,'''Fauntleroy''',0
'20240418',22909,40500,0,'''Fauntleroy''',0,2500,0,'''Fauntleroy''',0,9000,0,'''Fauntleroy''',0,9500,0,'''Fauntleroy''',0,8500,0,'''Fauntleroy''',0,1500,0,'''Fauntleroy''',0,4000,0,'''Fauntleroy''',0,9000,0,'''Fauntleroy''',0,5500,0,'''Fauntleroy''',0,5500,0,'''Fauntleroy''',0,6000,0,'''Fauntleroy''',0,22500,0,'''Fauntleroy''',0,10000,0,'''Fauntleroy''',0,18000,0,'''Fauntleroy''',0,12500,0,'''Fauntleroy''',0,10000,0,'''Fauntleroy''',0,9500,0,'''Fauntleroy''',0,17500,0,'''Fauntleroy''',0,19000,0,'''Fauntleroy''',0,9500,0,'''Fauntleroy''',0,11500,0,'''Fauntleroy''',0
'20240419',22909,40500,0,'''Fauntleroy''',0,2500,0,'''Fauntleroy''',0,9000,0,'''Fauntleroy''',0,9500,0,'''Fauntleroy''',0,8500,0,'''Fauntleroy''',0,1500,0,'''Fauntleroy''',0,4000,0,'''Fauntleroy''',0,9000,0,'''Fauntleroy''',0,5500,0,'''Fauntleroy''',0,5500,0,'''Fauntleroy''',0,6000,0,'''Fauntleroy''',0,22500,0,'''Fauntleroy''',0,10000,0,'''Fauntleroy''',0,18000,0,'''Fauntleroy''',0,12500,0,'''Fauntleroy''',0,10000,0,'''Fauntleroy''',0,9500,0,'''Fauntleroy''',0,17500,0,'''Fauntleroy''',0,19000,0,'''Fauntleroy''',0,9500,0,'''Fauntleroy''',0,11500,0,'''Fauntleroy''',0
'20240420',22909,44000,0,'''Fauntleroy''',0,17500,0,'''Fauntleroy''',0,10000,0,'''Fauntleroy''',0,2500,0,'''Fauntleroy''',0,11500,0,'''Fauntleroy''',0,7000,0,'''Fauntleroy''',0,2500,0,'''Fauntleroy''',0,9500,0,'''Fauntleroy''',0,6000,0,'''Fauntleroy''',0,4000,0,'''Fauntleroy''',0,9500,0,'''Fauntleroy''',0,9000,0,'''Fauntleroy''',0,2000,0,'''Fauntleroy''',0,9500,0,'''Fauntleroy''',0,6500,0,'''Fauntleroy''',0,3500,0,'''Fauntleroy''',0,10500,0,'''Fauntleroy''',0,7500,0,'''Fauntleroy''',0,2000,0,'''Fauntleroy''',0,16000,0,'''Fauntleroy''',0,2000,0,'''Fauntleroy''',0,10000,0,'''Fauntleroy''',0,1500,0,'''Fauntleroy''',0,16500,0,'''Fauntleroy''',0,9500,0,'''Fauntleroy''',0,11500,0,'''Fauntleroy''',0
'20240421',22909,44000,0,'''Fauntleroy''',0,17500,0,'''Fauntleroy''',0,10000,0,'''Fauntleroy''',0,2500,0,'''Fauntleroy''',0,11500,0,'''Fauntleroy''',0,7000,0,'''Fauntleroy''',0,2500,0,'''Fauntleroy''',0,9500,0,'''Fauntleroy''',0,6000,0,'''Fauntleroy''',0,4000,0,'''Fauntleroy''',0,9500,0,'''Fauntleroy''',0,9000,0,'''Fauntleroy''',0,2000,0,'''Fauntleroy''',0,9500,0,'''Fauntleroy''',0,6500,0,'''Fauntleroy''',0,3500,0,'''Fauntleroy''',0,10500,0,'''Fauntleroy''',0,7500,0,'''Fauntleroy''',0,2000,0,'''Fauntleroy''',0,16000,0,'''Fauntleroy''',0,2000,0,'''Fauntleroy''',0,10000,0,'''Fauntleroy''',0,1500,0,'''Fauntleroy''',0,16500,0,'''Fauntleroy''',0,9500,0,'''Fauntleroy''',0,11500,0,'''Fauntleroy''',0
'20240416',92209,52500,4,'',0,8500,4,'',0,9500,4,'',0,9500,4,'',0,5000,4,'',0,8000,4,'',0,2000,4,'',0,9500,4,'',0,5500,4,'',0,5000,4,'',0,18500,4,'',0,2000,4,'',0,7500,4,'',0,9500,4,'',0,8500,4,'',0,4500,4,'',0,8000,4,'',0,10000,4,'',0,2000,4,'',0,10000,4,'',0,6000,4,'',0,12000,4,'',0,12000,4,'',0,15500,4,'',0,11500,4,'',0
'20240417',92209,52500,4,'',0,8500,4,'',0,9500,4,'',0,9500,4,'',0,5000,4,'',0,8000,4,'',0,2000,4,'',0,9500,4,'',0,5500,4,'',0,5000,4,'',0,18500,4,'',0,2000,4,'',0,7500,4,'',0,9500,4,'',0,8500,4,'',0,4500,4,'',0,8000,4,'',0,10000,4,'',0,2000,4,'',0,10000,4,'',0,6000,4,'',0,12000,4,'',0,12000,4,'',0,15500,4,'',0,11500,4,'',0
'20240418',92209,52500,4,'',0,8500,4,'',0,9500,4,'',0,9500,4,'',0,5000,4,'',0,8000,4,'',0,2000,4,'',0,9500,4,'',0,5500,4,'',0,5000,4,'',0,18500,4,'',0,2000,4,'',0,7500,4,'',0,9500,4,'',0,8500,4,'',0,4500,4,'',0,8000,4,'',0,10000,4,'',0,2000,4,'',0,10000,4,'',0,6000,4,'',0,12000,4,'',0,12000,4,'',0,15500,4,'',0,11500,4,'',0
'20240419',92209,52500,4,'',0,8500,4,'',0,9500,4,'',0,9500,4,'',0,5000,4,'',0,8000,4,'',0,2000,4,'',0,9500,4,'',0,5500,4,'',0,5000,4,'',0,18500,4,'',0,2000,4,'',0,7500,4,'',0,9500,4,'',0,8500,4,'',0,4500,4,'',0,8000,4,'',0,10000,4,'',0,2000,4,'',0,10000,4,'',0,6000,4,'',0,12000,4,'',0,12000,4,'',0,15500,4,'',0,11500,4,'',0
'20240420',92209,53000,4,'',0,28000,4,'',0,2500,4,'',0,11000,4,'',0,7000,4,'',0,2500,4,'',0,9500,4,'',0,2000,4,'',0,8000,4,'',0,10500,4,'',0,8000,4,'',0,2000,4,'',0,9500,4,'',0,6500,4,'',0,3500,4,'',0,10500,4,'',0,7500,4,'',0,2000,4,'',0,12000,4,'',0,6000,4,'',0,9500,4,'',0,2500,4,'',0,12000,4,'',0,15500,4,'',0,11500,4,'',0
'20240421',92209,53000,4,'',0,28000,4,'',0,2500,4,'',0,11000,4,'',0,7000,4,'',0,2500,4,'',0,9500,4,'',0,2000,4,'',0,8000,4,'',0,10500,4,'',0,8000,4,'',0,2000,4,'',0,9500,4,'',0,6500,4,'',0,3500,4,'',0,10500,4,'',0,7500,4,'',0,2000,4,'',0,12000,4,'',0,6000,4,'',0,9500,4,'',0,2500,4,'',0,12000,4,'',0,15500,4,'',0,11500,4,'',0
'20240416',202209,42000,4,'',0,9000,4,'',0,9000,4,'',0,5000,4,'',0,18500,4,'',0,17000,4,'',0,12000,4,'',0,10000,4,'',0,28500,4,'',0,12500,4,'',0,9500,4,'',0,20000,4,'',0,40000,4,'',0,11500,4,'',0
'20240417',202209,42000,4,'',0,9000,4,'',0,9000,4,'',0,5000,4,'',0,18500,4,'',0,17000,4,'',0,12000,4,'',0,10000,4,'',0,28500,4,'',0,12500,4,'',0,9500,4,'',0,20000,4,'',0,40000,4,'',0,11500,4,'',0
'20240418',202209,42000,4,'',0,9000,4,'',0,9000,4,'',0,5000,4,'',0,18500,4,'',0,17000,4,'',0,12000,4,'',0,10000,4,'',0,28500,4,'',0,12500,4,'',0,9500,4,'',0,20000,4,'',0,40000,4,'',0,11500,4,'',0
'20240419',202209,42000,4,'',0,9000,4,'',0,9000,4,'',0,5000,4,'',0,18500,4,'',0,17000,4,'',0,12000,4,'',0,10000,4,'',0,28500,4,'',0,12500,4,'',0,9500,4,'',0,20000,4,'',0,40000,4,'',0,11500,4,'',0
'20240420',202209,43000,4,'',0,17500,4,'',0,10000,4,'',0,2500,4,'',0,11500,4,'',0,7000,4,'',0,14000,4,'',0,17500,4,'',0,9000,4,'',0,18000,4,'',0,14000,4,'',0,7500,4,'',0,14000,4,'',0,6000,4,'',0,11500,4,'',0,11500,4,'',0,18500,4,'',0,11500,4,'',0
'20240421',202209,43000,4,'',0,17500,4,'',0,10000,4,'',0,2500,4,'',0,11500,4,'',0,7000,4,'',0,14000,4,'',0,17500,4,'',0,9000,4,'',0,18000,4,'',0,14000,4,'',0,7500,4,'',0,14000,4,'',0,6000,4,'',0,11500,4,'',0,11500,4,'',0,18500,4,'',0,11500,4,'',0
'20240416',222009,40500,0,'''Southworth''',0,12000,0,'''Southworth''',0,9000,0,'''Southworth''',0,19000,0,'''Southworth''',0,13000,0,'''Southworth''',0,12000,0,'''Southworth''',0,10000,0,'''Southworth''',0,8000,0,'''Southworth''',0,16500,0,'''Southworth''',0,3500,0,'''Southworth''',0,9500,0,'''Southworth''',0,17000,0,'''Southworth''',0,4000,0,'''Southworth''',0,10000,0,'''Southworth''',0,6000,0,'''Southworth''',0,11500,0,'''Southworth''',0,28500,0,'''Southworth''',0,11500,0,'''Southworth''',0,11500,0,'''Southworth''',0
'20240417',222009,40500,0,'''Southworth''',0,12000,0,'''Southworth''',0,9000,0,'''Southworth''',0,19000,0,'''Southworth''',0,13000,0,'''Southworth''',0,12000,0,'''Southworth''',0,10000,0,'''Southworth''',0,8000,0,'''Southworth''',0,16500,0,'''Southworth''',0,3500,0,'''Southworth''',0,9500,0,'''Southworth''',0,17000,0,'''Southworth''',0,4000,0,'''Southworth''',0,10000,0,'''Southworth''',0,6000,0,'''Southworth''',0,11500,0,'''Southworth''',0,28500,0,'''Southworth''',0,11500,0,'''Southworth''',0,11500,0,'''Southworth''',0
'20240418',222009,40500,0,'''Southworth''',0,12000,0,'''Southworth''',0,9000,0,'''Southworth''',0,19000,0,'''Southworth''',0,13000,0,'''Southworth''',0,12000,0,'''Southworth''',0,10000,0,'''Southworth''',0,8000,0,'''Southworth''',0,16500,0,'''Southworth''',0,3500,0,'''Southworth''',0,9500,0,'''Southworth''',0,17000,0,'''Southworth''',0,4000,0,'''Southworth''',0,10000,0,'''Southworth''',0,6000,0,'''Southworth''',0,11500,0,'''Southworth''',0,28500,0,'''Southworth''',0,11500,0,'''Southworth''',0,11500,0,'''Southworth''',0
'20240419',222009,40500,0,'''Southworth''',0,12000,0,'''Southworth''',0,9000,0,'''Southworth''',0,19000,0,'''Southworth''',0,13000,0,'''Southworth''',0,12000,0,'''Southworth''',0,10000,0,'''Southworth''',0,8000,0,'''Southworth''',0,16500,0,'''Southworth''',0,3500,0,'''Southworth''',0,9500,0,'''Southworth''',0,17000,0,'''Southworth''',0,4000,0,'''Southworth''',0,10000,0,'''Southworth''',0,6000,0,'''Southworth''',0,11500,0,'''Southworth''',0,28500,0,'''Southworth''',0,11500,0,'''Southworth''',0,11500,0,'''Southworth''',0
'20240420',222009,53500,0,'''Southworth''',0,9500,0,'''Southworth''',0,18500,0,'''Southworth''',0,2500,0,'''Southworth''',0,18000,0,'''Southworth''',0,18000,0,'''Southworth''',0,4500,0,'''Southworth''',0,18500,0,'''Southworth''',0,17500,0,'''Southworth''',0,3500,0,'''Southworth''',0,18000,0,'''Southworth''',0,2000,0,'''Southworth''',0,16000,0,'''Southworth''',0,11500,0,'''Southworth''',0,18500,0,'''Southworth''',0,11500,0,'''Southworth''',0,11500,0,'''Southworth''',0
'20240421',222009,53500,0,'''Southworth''',0,9500,0,'''Southworth''',0,18500,0,'''Southworth''',0,2500,0,'''Southworth''',0,18000,0,'''Southworth''',0,18000,0,'''Southworth''',0,4500,0,'''Southworth''',0,18500,0,'''Southworth''',0,17500,0,'''Southworth''',0,3500,0,'''Southworth''',0,18000,0,'''Southworth''',0,2000,0,'''Southworth''',0,16000,0,'''Southworth''',0,11500,0,'''Southworth''',0,18500,0,'''Southworth''',0,11500,0,'''Southworth''',0,11500,0,'''Southworth''',0
