'20240402',10109,54500,0,'''Anacortes''',0,26000,0,'''Anacortes''',0,15000,0,'''Anacortes''',0,15000,0,'''Anacortes''',0,25000,0,'''Anacortes''',0,26000,0,'''Anacortes''',0,21000,0,'''Anacortes''',0,12000,0,'''Anacortes''',0,26000,0,'''Anacortes''',0
'20240403',10109,54500,0,'''Anacortes''',0,26000,0,'''Anacortes''',0,15000,0,'''Anacortes''',0,15000,0,'''Anacortes''',0,25000,0,'''Anacortes''',0,26000,0,'''Anacortes''',0,21000,0,'''Anacortes''',0,12000,0,'''Anacortes''',0,26000,0,'''Anacortes''',0
'20240404',10109,54500,0,'''Anacortes''',0,26000,0,'''Anacortes''',0,15000,0,'''Anacortes''',0,15000,0,'''Anacortes''',0,25000,0,'''Anacortes''',0,26000,0,'''Anacortes''',0,21000,0,'''Anacortes''',0,12000,0,'''Anacortes''',0,26000,0,'''Anacortes''',0
'20240405',10109,54500,0,'''Anacortes''',0,26000,0,'''Anacortes''',0,15000,0,'''Anacortes''',0,15000,0,'''Anacortes''',0,25000,0,'''Anacortes''',0,26000,0,'''Anacortes''',0,21000,0,'''Anacortes''',0,12000,0,'''Anacortes''',0,10500,0,'''Anacortes''',0,15500,0,'''Anacortes''',0
'20240406',10109,54500,0,'''Anacortes''',0,26000,0,'''Anacortes''',0,15000,0,'''Anacortes''',0,15000,0,'''Anacortes''',0,25000,0,'''Anacortes''',0,26000,0,'''Anacortes''',0,21000,0,'''Anacortes''',0,12000,0,'''Anacortes''',0,26000,0,'''Anacortes''',0
'20240407',10109,54500,0,'''Anacortes''',0,26000,0,'''Anacortes''',0,15000,0,'''Anacortes''',0,15000,0,'''Anacortes''',0,25000,0,'''Anacortes''',0,6000,0,'''Anacortes''',0,20000,0,'''Anacortes''',0,21000,0,'''Anacortes''',0,12000,0,'''Anacortes''',0,26000,0,'''Anacortes''',0
'20240408',10109,54500,0,'''Anacortes''',0,26000,0,'''Anacortes''',0,15000,0,'''Anacortes''',0,15000,0,'''Anacortes''',0,25000,0,'''Anacortes''',0,26000,0,'''Anacortes''',0,21000,0,'''Anacortes''',0,12000,0,'''Anacortes''',0,26000,0,'''Anacortes''',0
'20240409',10109,54500,0,'''Anacortes''',0,26000,0,'''Anacortes''',0,15000,0,'''Anacortes''',0,15000,0,'''Anacortes''',0,25000,0,'''Anacortes''',0,26000,0,'''Anacortes''',0,21000,0,'''Anacortes''',0,12000,0,'''Anacortes''',0,26000,0,'''Anacortes''',0
'20240410',10109,54500,0,'''Anacortes''',0,26000,0,'''Anacortes''',0,15000,0,'''Anacortes''',0,15000,0,'''Anacortes''',0,25000,0,'''Anacortes''',0,26000,0,'''Anacortes''',0,21000,0,'''Anacortes''',0,12000,0,'''Anacortes''',0,26000,0,'''Anacortes''',0
'20240411',10109,54500,0,'''Anacortes''',0,26000,0,'''Anacortes''',0,15000,0,'''Anacortes''',0,15000,0,'''Anacortes''',0,25000,0,'''Anacortes''',0,26000,0,'''Anacortes''',0,21000,0,'''Anacortes''',0,12000,0,'''Anacortes''',0,26000,0,'''Anacortes''',0
'20240412',10109,54500,0,'''Anacortes''',0,26000,0,'''Anacortes''',0,15000,0,'''Anacortes''',0,15000,0,'''Anacortes''',0,25000,0,'''Anacortes''',0,26000,0,'''Anacortes''',0,21000,0,'''Anacortes''',0,12000,0,'''Anacortes''',0,10500,0,'''Anacortes''',0,15500,0,'''Anacortes''',0
'20240413',10109,54500,0,'''Anacortes''',0,26000,0,'''Anacortes''',0,15000,0,'''Anacortes''',0,15000,0,'''Anacortes''',0,25000,0,'''Anacortes''',0,26000,0,'''Anacortes''',0,21000,0,'''Anacortes''',0,12000,0,'''Anacortes''',0,26000,0,'''Anacortes''',0
'20240414',10109,54500,0,'''Anacortes''',0,26000,0,'''Anacortes''',0,15000,0,'''Anacortes''',0,15000,0,'''Anacortes''',0,25000,0,'''Anacortes''',0,6000,0,'''Anacortes''',0,20000,0,'''Anacortes''',0,21000,0,'''Anacortes''',0,12000,0,'''Anacortes''',0,26000,0,'''Anacortes''',0
'20240415',10109,54500,0,'''Anacortes''',0,26000,0,'''Anacortes''',0,15000,0,'''Anacortes''',0,15000,0,'''Anacortes''',0,25000,0,'''Anacortes''',0,26000,0,'''Anacortes''',0,21000,0,'''Anacortes''',0,12000,0,'''Anacortes''',0,26000,0,'''Anacortes''',0
'20240416',10109,54500,0,'''Anacortes''',0,26000,0,'''Anacortes''',0,15000,0,'''Anacortes''',0,15000,0,'''Anacortes''',0,25000,0,'''Anacortes''',0,26000,0,'''Anacortes''',0,21000,0,'''Anacortes''',0,12000,0,'''Anacortes''',0,26000,0,'''Anacortes''',0
'20240417',10109,54500,0,'''Anacortes''',0,26000,0,'''Anacortes''',0,15000,0,'''Anacortes''',0,15000,0,'''Anacortes''',0,25000,0,'''Anacortes''',0,26000,0,'''Anacortes''',0,21000,0,'''Anacortes''',0,12000,0,'''Anacortes''',0,26000,0,'''Anacortes''',0
'20240418',10109,54500,0,'''Anacortes''',0,26000,0,'''Anacortes''',0,15000,0,'''Anacortes''',0,15000,0,'''Anacortes''',0,25000,0,'''Anacortes''',0,26000,0,'''Anacortes''',0,21000,0,'''Anacortes''',0,12000,0,'''Anacortes''',0,26000,0,'''Anacortes''',0
'20240419',10109,54500,0,'''Anacortes''',0,26000,0,'''Anacortes''',0,15000,0,'''Anacortes''',0,15000,0,'''Anacortes''',0,25000,0,'''Anacortes''',0,26000,0,'''Anacortes''',0,21000,0,'''Anacortes''',0,12000,0,'''Anacortes''',0,10500,0,'''Anacortes''',0,15500,0,'''Anacortes''',0
'20240420',10109,54500,0,'''Anacortes''',0,26000,0,'''Anacortes''',0,15000,0,'''Anacortes''',0,15000,0,'''Anacortes''',0,25000,0,'''Anacortes''',0,26000,0,'''Anacortes''',0,21000,0,'''Anacortes''',0,12000,0,'''Anacortes''',0,26000,0,'''Anacortes''',0
'20240421',10109,54500,0,'''Anacortes''',0,26000,0,'''Anacortes''',0,15000,0,'''Anacortes''',0,15000,0,'''Anacortes''',0,25000,0,'''Anacortes''',0,6000,0,'''Anacortes''',0,20000,0,'''Anacortes''',0,21000,0,'''Anacortes''',0,12000,0,'''Anacortes''',0,26000,0,'''Anacortes''',0
'20240422',10109,54500,0,'''Anacortes''',0,26000,0,'''Anacortes''',0,15000,0,'''Anacortes''',0,15000,0,'''Anacortes''',0,25000,0,'''Anacortes''',0,26000,0,'''Anacortes''',0,21000,0,'''Anacortes''',0,12000,0,'''Anacortes''',0,26000,0,'''Anacortes''',0
'20240423',10109,54500,0,'''Anacortes''',0,26000,0,'''Anacortes''',0,15000,0,'''Anacortes''',0,15000,0,'''Anacortes''',0,25000,0,'''Anacortes''',0,26000,0,'''Anacortes''',0,21000,0,'''Anacortes''',0,12000,0,'''Anacortes''',0,26000,0,'''Anacortes''',0
'20240424',10109,54500,0,'''Anacortes''',0,26000,0,'''Anacortes''',0,15000,0,'''Anacortes''',0,15000,0,'''Anacortes''',0,25000,0,'''Anacortes''',0,26000,0,'''Anacortes''',0,21000,0,'''Anacortes''',0,12000,0,'''Anacortes''',0,26000,0,'''Anacortes''',0
'20240425',10109,54500,0,'''Anacortes''',0,26000,0,'''Anacortes''',0,15000,0,'''Anacortes''',0,15000,0,'''Anacortes''',0,25000,0,'''Anacortes''',0,26000,0,'''Anacortes''',0,21000,0,'''Anacortes''',0,12000,0,'''Anacortes''',0,26000,0,'''Anacortes''',0
'20240426',10109,54500,0,'''Anacortes''',0,26000,0,'''Anacortes''',0,15000,0,'''Anacortes''',0,15000,0,'''Anacortes''',0,25000,0,'''Anacortes''',0,26000,0,'''Anacortes''',0,21000,0,'''Anacortes''',0,12000,0,'''Anacortes''',0,10500,0,'''Anacortes''',0,15500,0,'''Anacortes''',0
'20240427',10109,54500,0,'''Anacortes''',0,26000,0,'''Anacortes''',0,15000,0,'''Anacortes''',0,15000,0,'''Anacortes''',0,25000,0,'''Anacortes''',0,26000,0,'''Anacortes''',0,21000,0,'''Anacortes''',0,12000,0,'''Anacortes''',0,26000,0,'''Anacortes''',0
'20240428',10109,54500,0,'''Anacortes''',0,26000,0,'''Anacortes''',0,15000,0,'''Anacortes''',0,15000,0,'''Anacortes''',0,25000,0,'''Anacortes''',0,6000,0,'''Anacortes''',0,20000,0,'''Anacortes''',0,21000,0,'''Anacortes''',0,12000,0,'''Anacortes''',0,26000,0,'''Anacortes''',0
'20240429',10109,54500,0,'''Anacortes''',0,26000,0,'''Anacortes''',0,15000,0,'''Anacortes''',0,15000,0,'''Anacortes''',0,25000,0,'''Anacortes''',0,26000,0,'''Anacortes''',0,21000,0,'''Anacortes''',0,12000,0,'''Anacortes''',0,26000,0,'''Anacortes''',0
'20240430',10109,54500,0,'''Anacortes''',0,26000,0,'''Anacortes''',0,15000,0,'''Anacortes''',0,15000,0,'''Anacortes''',0,25000,0,'''Anacortes''',0,26000,0,'''Anacortes''',0,21000,0,'''Anacortes''',0,12000,0,'''Anacortes''',0,26000,0,'''Anacortes''',0
'20240501',10109,54500,0,'''Anacortes''',0,26000,0,'''Anacortes''',0,15000,0,'''Anacortes''',0,15000,0,'''Anacortes''',0,25000,0,'''Anacortes''',0,26000,0,'''Anacortes''',0,21000,0,'''Anacortes''',0,12000,0,'''Anacortes''',0,26000,0,'''Anacortes''',0
'20240502',10109,54500,0,'''Anacortes''',0,26000,0,'''Anacortes''',0,15000,0,'''Anacortes''',0,15000,0,'''Anacortes''',0,25000,0,'''Anacortes''',0,26000,0,'''Anacortes''',0,21000,0,'''Anacortes''',0,12000,0,'''Anacortes''',0,26000,0,'''Anacortes''',0
'20240503',10109,54500,0,'''Anacortes''',0,26000,0,'''Anacortes''',0,15000,0,'''Anacortes''',0,15000,0,'''Anacortes''',0,25000,0,'''Anacortes''',0,26000,0,'''Anacortes''',0,21000,0,'''Anacortes''',0,12000,0,'''Anacortes''',0,10500,0,'''Anacortes''',0,15500,0,'''Anacortes''',0
'20240504',10109,54500,0,'''Anacortes''',0,26000,0,'''Anacortes''',0,15000,0,'''Anacortes''',0,15000,0,'''Anacortes''',0,25000,0,'''Anacortes''',0,26000,0,'''Anacortes''',0,21000,0,'''Anacortes''',0,12000,0,'''Anacortes''',0,26000,0,'''Anacortes''',0
'20240505',10109,54500,0,'''Anacortes''',0,26000,0,'''Anacortes''',0,15000,0,'''Anacortes''',0,15000,0,'''Anacortes''',0,25000,0,'''Anacortes''',0,6000,0,'''Anacortes''',0,20000,0,'''Anacortes''',0,21000,0,'''Anacortes''',0,12000,0,'''Anacortes''',0,26000,0,'''Anacortes''',0
'20240506',10109,54500,0,'''Anacortes''',0,26000,0,'''Anacortes''',0,15000,0,'''Anacortes''',0,15000,0,'''Anacortes''',0,25000,0,'''Anacortes''',0,26000,0,'''Anacortes''',0,21000,0,'''Anacortes''',0,12000,0,'''Anacortes''',0,26000,0,'''Anacortes''',0
'20240507',10109,54500,0,'''Anacortes''',0,26000,0,'''Anacortes''',0,15000,0,'''Anacortes''',0,15000,0,'''Anacortes''',0,25000,0,'''Anacortes''',0,26000,0,'''Anacortes''',0,21000,0,'''Anacortes''',0,12000,0,'''Anacortes''',0,26000,0,'''Anacortes''',0
'20240508',10109,54500,0,'''Anacortes''',0,26000,0,'''Anacortes''',0,15000,0,'''Anacortes''',0,15000,0,'''Anacortes''',0,25000,0,'''Anacortes''',0,26000,0,'''Anacortes''',0,21000,0,'''Anacortes''',0,12000,0,'''Anacortes''',0,26000,0,'''Anacortes''',0
'20240509',10109,54500,0,'''Anacortes''',0,26000,0,'''Anacortes''',0,15000,0,'''Anacortes''',0,15000,0,'''Anacortes''',0,25000,0,'''Anacortes''',0,26000,0,'''Anacortes''',0,21000,0,'''Anacortes''',0,12000,0,'''Anacortes''',0,26000,0,'''Anacortes''',0
'20240510',10109,54500,0,'''Anacortes''',0,26000,0,'''Anacortes''',0,15000,0,'''Anacortes''',0,15000,0,'''Anacortes''',0,25000,0,'''Anacortes''',0,26000,0,'''Anacortes''',0,21000,0,'''Anacortes''',0,12000,0,'''Anacortes''',0,10500,0,'''Anacortes''',0,15500,0,'''Anacortes''',0
'20240511',10109,54500,0,'''Anacortes''',0,26000,0,'''Anacortes''',0,15000,0,'''Anacortes''',0,15000,0,'''Anacortes''',0,25000,0,'''Anacortes''',0,26000,0,'''Anacortes''',0,21000,0,'''Anacortes''',0,12000,0,'''Anacortes''',0,26000,0,'''Anacortes''',0
'20240512',10109,54500,0,'''Anacortes''',0,26000,0,'''Anacortes''',0,15000,0,'''Anacortes''',0,15000,0,'''Anacortes''',0,25000,0,'''Anacortes''',0,6000,0,'''Anacortes''',0,20000,0,'''Anacortes''',0,21000,0,'''Anacortes''',0,12000,0,'''Anacortes''',0,26000,0,'''Anacortes''',0
'20240513',10109,54500,0,'''Anacortes''',0,26000,0,'''Anacortes''',0,15000,0,'''Anacortes''',0,15000,0,'''Anacortes''',0,25000,0,'''Anacortes''',0,26000,0,'''Anacortes''',0,21000,0,'''Anacortes''',0,12000,0,'''Anacortes''',0,26000,0,'''Anacortes''',0
'20240514',10109,54500,0,'''Anacortes''',0,26000,0,'''Anacortes''',0,15000,0,'''Anacortes''',0,15000,0,'''Anacortes''',0,25000,0,'''Anacortes''',0,26000,0,'''Anacortes''',0,21000,0,'''Anacortes''',0,12000,0,'''Anacortes''',0,26000,0,'''Anacortes''',0
'20240515',10109,54500,0,'''Anacortes''',0,26000,0,'''Anacortes''',0,15000,0,'''Anacortes''',0,15000,0,'''Anacortes''',0,25000,0,'''Anacortes''',0,26000,0,'''Anacortes''',0,21000,0,'''Anacortes''',0,12000,0,'''Anacortes''',0,26000,0,'''Anacortes''',0
'20240516',10109,54500,0,'''Anacortes''',0,26000,0,'''Anacortes''',0,15000,0,'''Anacortes''',0,15000,0,'''Anacortes''',0,25000,0,'''Anacortes''',0,26000,0,'''Anacortes''',0,21000,0,'''Anacortes''',0,12000,0,'''Anacortes''',0,26000,0,'''Anacortes''',0
'20240517',10109,54500,0,'''Anacortes''',0,26000,0,'''Anacortes''',0,15000,0,'''Anacortes''',0,15000,0,'''Anacortes''',0,25000,0,'''Anacortes''',0,26000,0,'''Anacortes''',0,21000,0,'''Anacortes''',0,12000,0,'''Anacortes''',0,10500,0,'''Anacortes''',0,15500,0,'''Anacortes''',0
'20240518',10109,54500,0,'''Anacortes''',0,26000,0,'''Anacortes''',0,15000,0,'''Anacortes''',0,15000,0,'''Anacortes''',0,25000,0,'''Anacortes''',0,26000,0,'''Anacortes''',0,21000,0,'''Anacortes''',0,12000,0,'''Anacortes''',0,26000,0,'''Anacortes''',0
'20240519',10109,54500,0,'''Anacortes''',0,26000,0,'''Anacortes''',0,15000,0,'''Anacortes''',0,15000,0,'''Anacortes''',0,25000,0,'''Anacortes''',0,6000,0,'''Anacortes''',0,20000,0,'''Anacortes''',0,21000,0,'''Anacortes''',0,12000,0,'''Anacortes''',0,26000,0,'''Anacortes''',0
'20240520',10109,54500,0,'''Anacortes''',0,26000,0,'''Anacortes''',0,15000,0,'''Anacortes''',0,15000,0,'''Anacortes''',0,25000,0,'''Anacortes''',0,26000,0,'''Anacortes''',0,21000,0,'''Anacortes''',0,12000,0,'''Anacortes''',0,26000,0,'''Anacortes''',0
'20240521',10109,54500,0,'''Anacortes''',0,26000,0,'''Anacortes''',0,15000,0,'''Anacortes''',0,15000,0,'''Anacortes''',0,25000,0,'''Anacortes''',0,26000,0,'''Anacortes''',0,21000,0,'''Anacortes''',0,12000,0,'''Anacortes''',0,26000,0,'''Anacortes''',0
'20240522',10109,54500,0,'''Anacortes''',0,26000,0,'''Anacortes''',0,15000,0,'''Anacortes''',0,15000,0,'''Anacortes''',0,25000,0,'''Anacortes''',0,26000,0,'''Anacortes''',0,21000,0,'''Anacortes''',0,12000,0,'''Anacortes''',0,26000,0,'''Anacortes''',0
'20240523',10109,54500,0,'''Anacortes''',0,26000,0,'''Anacortes''',0,15000,0,'''Anacortes''',0,15000,0,'''Anacortes''',0,25000,0,'''Anacortes''',0,26000,0,'''Anacortes''',0,21000,0,'''Anacortes''',0,12000,0,'''Anacortes''',0,26000,0,'''Anacortes''',0
'20240524',10109,54500,0,'''Anacortes''',0,26000,0,'''Anacortes''',0,15000,0,'''Anacortes''',0,15000,0,'''Anacortes''',0,25000,0,'''Anacortes''',0,26000,0,'''Anacortes''',0,21000,0,'''Anacortes''',0,12000,0,'''Anacortes''',0,10500,0,'''Anacortes''',0,15500,0,'''Anacortes''',0
'20240525',10109,54500,0,'''Anacortes''',0,26000,0,'''Anacortes''',0,15000,0,'''Anacortes''',0,15000,0,'''Anacortes''',0,25000,0,'''Anacortes''',0,26000,0,'''Anacortes''',0,21000,0,'''Anacortes''',0,12000,0,'''Anacortes''',0,26000,0,'''Anacortes''',0
'20240526',10109,54500,0,'''Anacortes''',0,26000,0,'''Anacortes''',0,15000,0,'''Anacortes''',0,15000,0,'''Anacortes''',0,25000,0,'''Anacortes''',0,6000,0,'''Anacortes''',0,20000,0,'''Anacortes''',0,21000,0,'''Anacortes''',0,12000,0,'''Anacortes''',0,26000,0,'''Anacortes''',0
'20240527',10109,54500,0,'''Anacortes''',0,26000,0,'''Anacortes''',0,15000,0,'''Anacortes''',0,15000,0,'''Anacortes''',0,25000,0,'''Anacortes''',0,6000,0,'''Anacortes''',0,20000,0,'''Anacortes''',0,21000,0,'''Anacortes''',0,12000,0,'''Anacortes''',0,26000,0,'''Anacortes''',0
'20240528',10109,54500,0,'''Anacortes''',0,26000,0,'''Anacortes''',0,15000,0,'''Anacortes''',0,15000,0,'''Anacortes''',0,25000,0,'''Anacortes''',0,26000,0,'''Anacortes''',0,21000,0,'''Anacortes''',0,12000,0,'''Anacortes''',0,26000,0,'''Anacortes''',0
'20240529',10109,54500,0,'''Anacortes''',0,26000,0,'''Anacortes''',0,15000,0,'''Anacortes''',0,15000,0,'''Anacortes''',0,25000,0,'''Anacortes''',0,26000,0,'''Anacortes''',0,21000,0,'''Anacortes''',0,12000,0,'''Anacortes''',0,26000,0,'''Anacortes''',0
'20240530',10109,54500,0,'''Anacortes''',0,26000,0,'''Anacortes''',0,15000,0,'''Anacortes''',0,15000,0,'''Anacortes''',0,25000,0,'''Anacortes''',0,26000,0,'''Anacortes''',0,21000,0,'''Anacortes''',0,12000,0,'''Anacortes''',0,26000,0,'''Anacortes''',0
'20240531',10109,54500,0,'''Anacortes''',0,26000,0,'''Anacortes''',0,15000,0,'''Anacortes''',0,15000,0,'''Anacortes''',0,25000,0,'''Anacortes''',0,26000,0,'''Anacortes''',0,21000,0,'''Anacortes''',0,12000,0,'''Anacortes''',0,10500,0,'''Anacortes''',0,15500,0,'''Anacortes''',0
'20240601',10109,54500,0,'''Anacortes''',0,26000,0,'''Anacortes''',0,15000,0,'''Anacortes''',0,15000,0,'''Anacortes''',0,25000,0,'''Anacortes''',0,26000,0,'''Anacortes''',0,21000,0,'''Anacortes''',0,12000,0,'''Anacortes''',0,26000,0,'''Anacortes''',0
'20240602',10109,54500,0,'''Anacortes''',0,26000,0,'''Anacortes''',0,15000,0,'''Anacortes''',0,15000,0,'''Anacortes''',0,25000,0,'''Anacortes''',0,6000,0,'''Anacortes''',0,20000,0,'''Anacortes''',0,21000,0,'''Anacortes''',0,12000,0,'''Anacortes''',0,26000,0,'''Anacortes''',0
'20240603',10109,54500,0,'''Anacortes''',0,26000,0,'''Anacortes''',0,15000,0,'''Anacortes''',0,15000,0,'''Anacortes''',0,25000,0,'''Anacortes''',0,26000,0,'''Anacortes''',0,21000,0,'''Anacortes''',0,12000,0,'''Anacortes''',0,26000,0,'''Anacortes''',0
'20240604',10109,54500,0,'''Anacortes''',0,26000,0,'''Anacortes''',0,15000,0,'''Anacortes''',0,15000,0,'''Anacortes''',0,25000,0,'''Anacortes''',0,26000,0,'''Anacortes''',0,21000,0,'''Anacortes''',0,12000,0,'''Anacortes''',0,26000,0,'''Anacortes''',0
'20240605',10109,54500,0,'''Anacortes''',0,26000,0,'''Anacortes''',0,15000,0,'''Anacortes''',0,15000,0,'''Anacortes''',0,25000,0,'''Anacortes''',0,26000,0,'''Anacortes''',0,21000,0,'''Anacortes''',0,12000,0,'''Anacortes''',0,26000,0,'''Anacortes''',0
'20240606',10109,54500,0,'''Anacortes''',0,26000,0,'''Anacortes''',0,15000,0,'''Anacortes''',0,15000,0,'''Anacortes''',0,25000,0,'''Anacortes''',0,26000,0,'''Anacortes''',0,21000,0,'''Anacortes''',0,12000,0,'''Anacortes''',0,26000,0,'''Anacortes''',0
'20240607',10109,54500,0,'''Anacortes''',0,26000,0,'''Anacortes''',0,15000,0,'''Anacortes''',0,15000,0,'''Anacortes''',0,25000,0,'''Anacortes''',0,26000,0,'''Anacortes''',0,21000,0,'''Anacortes''',0,12000,0,'''Anacortes''',0,10500,0,'''Anacortes''',0,15500,0,'''Anacortes''',0
'20240608',10109,54500,0,'''Anacortes''',0,26000,0,'''Anacortes''',0,15000,0,'''Anacortes''',0,15000,0,'''Anacortes''',0,25000,0,'''Anacortes''',0,26000,0,'''Anacortes''',0,21000,0,'''Anacortes''',0,12000,0,'''Anacortes''',0,26000,0,'''Anacortes''',0
'20240609',10109,54500,0,'''Anacortes''',0,26000,0,'''Anacortes''',0,15000,0,'''Anacortes''',0,15000,0,'''Anacortes''',0,25000,0,'''Anacortes''',0,6000,0,'''Anacortes''',0,20000,0,'''Anacortes''',0,21000,0,'''Anacortes''',0,12000,0,'''Anacortes''',0,26000,0,'''Anacortes''',0
'20240610',10109,54500,0,'''Anacortes''',0,26000,0,'''Anacortes''',0,15000,0,'''Anacortes''',0,15000,0,'''Anacortes''',0,25000,0,'''Anacortes''',0,26000,0,'''Anacortes''',0,21000,0,'''Anacortes''',0,12000,0,'''Anacortes''',0,26000,0,'''Anacortes''',0
'20240611',10109,54500,0,'''Anacortes''',0,26000,0,'''Anacortes''',0,15000,0,'''Anacortes''',0,15000,0,'''Anacortes''',0,25000,0,'''Anacortes''',0,26000,0,'''Anacortes''',0,21000,0,'''Anacortes''',0,12000,0,'''Anacortes''',0,26000,0,'''Anacortes''',0
'20240612',10109,54500,0,'''Anacortes''',0,26000,0,'''Anacortes''',0,15000,0,'''Anacortes''',0,15000,0,'''Anacortes''',0,25000,0,'''Anacortes''',0,26000,0,'''Anacortes''',0,21000,0,'''Anacortes''',0,12000,0,'''Anacortes''',0,26000,0,'''Anacortes''',0
'20240613',10109,54500,0,'''Anacortes''',0,26000,0,'''Anacortes''',0,15000,0,'''Anacortes''',0,15000,0,'''Anacortes''',0,25000,0,'''Anacortes''',0,26000,0,'''Anacortes''',0,21000,0,'''Anacortes''',0,12000,0,'''Anacortes''',0,26000,0,'''Anacortes''',0
'20240614',10109,54500,0,'''Anacortes''',0,26000,0,'''Anacortes''',0,15000,0,'''Anacortes''',0,15000,0,'''Anacortes''',0,25000,0,'''Anacortes''',0,26000,0,'''Anacortes''',0,21000,0,'''Anacortes''',0,12000,0,'''Anacortes''',0,10500,0,'''Anacortes''',0,15500,0,'''Anacortes''',0
'20240615',10109,54500,0,'''Anacortes''',0,26000,0,'''Anacortes''',0,15000,0,'''Anacortes''',0,15000,0,'''Anacortes''',0,25000,0,'''Anacortes''',0,26000,0,'''Anacortes''',0,21000,0,'''Anacortes''',0,12000,0,'''Anacortes''',0,26000,0,'''Anacortes''',0
'20240402',11009,52000,4,'',0,22000,4,'',0,19500,4,'',0,10000,4,'',0,28500,4,'',0,22500,4,'',0,20500,4,'',0,17000,4,'',0,22500,4,'',0
'20240403',11009,52000,4,'',0,22000,4,'',0,19500,4,'',0,10000,4,'',0,28500,4,'',0,22500,4,'',0,20500,4,'',0,17000,4,'',0,22500,4,'',0
'20240404',11009,52000,4,'',0,22000,4,'',0,19500,4,'',0,10000,4,'',0,28500,4,'',0,22500,4,'',0,20500,4,'',0,17000,4,'',0,22500,4,'',0
'20240405',11009,52000,4,'',0,22000,4,'',0,19500,4,'',0,10000,4,'',0,28500,4,'',0,22500,4,'',0,20500,4,'',0,17000,4,'',0,22500,4,'',0,39000,4,'',0
'20240406',11009,52000,4,'',0,22000,4,'',0,19500,4,'',0,10000,4,'',0,28500,4,'',0,22500,4,'',0,20500,4,'',0,17000,4,'',0,22500,4,'',0
'20240407',11009,52000,4,'',0,22000,4,'',0,19500,4,'',0,10000,4,'',0,28500,4,'',0,22500,4,'',0,20500,4,'',0,17000,4,'',0,22500,4,'',0
'20240408',11009,52000,4,'',0,22000,4,'',0,19500,4,'',0,10000,4,'',0,28500,4,'',0,22500,4,'',0,20500,4,'',0,17000,4,'',0,22500,4,'',0
'20240409',11009,52000,4,'',0,22000,4,'',0,19500,4,'',0,10000,4,'',0,28500,4,'',0,22500,4,'',0,20500,4,'',0,17000,4,'',0,22500,4,'',0
'20240410',11009,52000,4,'',0,22000,4,'',0,19500,4,'',0,10000,4,'',0,28500,4,'',0,22500,4,'',0,20500,4,'',0,17000,4,'',0,22500,4,'',0
'20240411',11009,52000,4,'',0,22000,4,'',0,19500,4,'',0,10000,4,'',0,28500,4,'',0,22500,4,'',0,20500,4,'',0,17000,4,'',0,22500,4,'',0
'20240412',11009,52000,4,'',0,22000,4,'',0,19500,4,'',0,10000,4,'',0,28500,4,'',0,22500,4,'',0,20500,4,'',0,17000,4,'',0,22500,4,'',0,39000,4,'',0
'20240413',11009,52000,4,'',0,22000,4,'',0,19500,4,'',0,10000,4,'',0,28500,4,'',0,22500,4,'',0,20500,4,'',0,17000,4,'',0,22500,4,'',0
'20240414',11009,52000,4,'',0,22000,4,'',0,19500,4,'',0,10000,4,'',0,28500,4,'',0,22500,4,'',0,20500,4,'',0,17000,4,'',0,22500,4,'',0
'20240415',11009,52000,4,'',0,22000,4,'',0,19500,4,'',0,10000,4,'',0,28500,4,'',0,22500,4,'',0,20500,4,'',0,17000,4,'',0,22500,4,'',0
'20240416',11009,52000,4,'',0,22000,4,'',0,19500,4,'',0,10000,4,'',0,28500,4,'',0,22500,4,'',0,20500,4,'',0,17000,4,'',0,22500,4,'',0
'20240417',11009,52000,4,'',0,22000,4,'',0,19500,4,'',0,10000,4,'',0,28500,4,'',0,22500,4,'',0,20500,4,'',0,17000,4,'',0,22500,4,'',0
'20240418',11009,52000,4,'',0,22000,4,'',0,19500,4,'',0,10000,4,'',0,28500,4,'',0,22500,4,'',0,20500,4,'',0,17000,4,'',0,22500,4,'',0
'20240419',11009,52000,4,'',0,22000,4,'',0,19500,4,'',0,10000,4,'',0,28500,4,'',0,22500,4,'',0,20500,4,'',0,17000,4,'',0,22500,4,'',0,39000,4,'',0
'20240420',11009,52000,4,'',0,22000,4,'',0,19500,4,'',0,10000,4,'',0,28500,4,'',0,22500,4,'',0,20500,4,'',0,17000,4,'',0,22500,4,'',0
'20240421',11009,52000,4,'',0,22000,4,'',0,19500,4,'',0,10000,4,'',0,28500,4,'',0,22500,4,'',0,20500,4,'',0,17000,4,'',0,22500,4,'',0
'20240422',11009,52000,4,'',0,22000,4,'',0,19500,4,'',0,10000,4,'',0,28500,4,'',0,22500,4,'',0,20500,4,'',0,17000,4,'',0,22500,4,'',0
'20240423',11009,52000,4,'',0,22000,4,'',0,19500,4,'',0,10000,4,'',0,28500,4,'',0,22500,4,'',0,20500,4,'',0,17000,4,'',0,22500,4,'',0
'20240424',11009,52000,4,'',0,22000,4,'',0,19500,4,'',0,10000,4,'',0,28500,4,'',0,22500,4,'',0,20500,4,'',0,17000,4,'',0,22500,4,'',0
'20240425',11009,52000,4,'',0,22000,4,'',0,19500,4,'',0,10000,4,'',0,28500,4,'',0,22500,4,'',0,20500,4,'',0,17000,4,'',0,22500,4,'',0
'20240426',11009,52000,4,'',0,22000,4,'',0,19500,4,'',0,10000,4,'',0,28500,4,'',0,22500,4,'',0,20500,4,'',0,17000,4,'',0,22500,4,'',0,39000,4,'',0
'20240427',11009,52000,4,'',0,22000,4,'',0,19500,4,'',0,10000,4,'',0,28500,4,'',0,22500,4,'',0,20500,4,'',0,17000,4,'',0,22500,4,'',0
'20240428',11009,52000,4,'',0,22000,4,'',0,19500,4,'',0,10000,4,'',0,28500,4,'',0,22500,4,'',0,20500,4,'',0,17000,4,'',0,22500,4,'',0
'20240429',11009,52000,4,'',0,22000,4,'',0,19500,4,'',0,10000,4,'',0,28500,4,'',0,22500,4,'',0,20500,4,'',0,17000,4,'',0,22500,4,'',0
'20240430',11009,52000,4,'',0,22000,4,'',0,19500,4,'',0,10000,4,'',0,28500,4,'',0,22500,4,'',0,20500,4,'',0,17000,4,'',0,22500,4,'',0
'20240501',11009,52000,4,'',0,22000,4,'',0,19500,4,'',0,10000,4,'',0,28500,4,'',0,22500,4,'',0,20500,4,'',0,17000,4,'',0,22500,4,'',0
'20240502',11009,52000,4,'',0,22000,4,'',0,19500,4,'',0,10000,4,'',0,28500,4,'',0,22500,4,'',0,20500,4,'',0,17000,4,'',0,22500,4,'',0
'20240503',11009,52000,4,'',0,22000,4,'',0,19500,4,'',0,10000,4,'',0,28500,4,'',0,22500,4,'',0,20500,4,'',0,17000,4,'',0,22500,4,'',0,39000,4,'',0
'20240504',11009,52000,4,'',0,22000,4,'',0,19500,4,'',0,10000,4,'',0,28500,4,'',0,22500,4,'',0,20500,4,'',0,17000,4,'',0,22500,4,'',0
'20240505',11009,52000,4,'',0,22000,4,'',0,19500,4,'',0,10000,4,'',0,28500,4,'',0,22500,4,'',0,20500,4,'',0,17000,4,'',0,22500,4,'',0
'20240506',11009,52000,4,'',0,22000,4,'',0,19500,4,'',0,10000,4,'',0,28500,4,'',0,22500,4,'',0,20500,4,'',0,17000,4,'',0,22500,4,'',0
'20240507',11009,52000,4,'',0,22000,4,'',0,19500,4,'',0,10000,4,'',0,28500,4,'',0,22500,4,'',0,20500,4,'',0,17000,4,'',0,22500,4,'',0
'20240508',11009,52000,4,'',0,22000,4,'',0,19500,4,'',0,10000,4,'',0,28500,4,'',0,22500,4,'',0,20500,4,'',0,17000,4,'',0,22500,4,'',0
'20240509',11009,52000,4,'',0,22000,4,'',0,19500,4,'',0,10000,4,'',0,28500,4,'',0,22500,4,'',0,20500,4,'',0,17000,4,'',0,22500,4,'',0
'20240510',11009,52000,4,'',0,22000,4,'',0,19500,4,'',0,10000,4,'',0,28500,4,'',0,22500,4,'',0,20500,4,'',0,17000,4,'',0,22500,4,'',0,39000,4,'',0
'20240511',11009,52000,4,'',0,22000,4,'',0,19500,4,'',0,10000,4,'',0,28500,4,'',0,22500,4,'',0,20500,4,'',0,17000,4,'',0,22500,4,'',0
'20240512',11009,52000,4,'',0,22000,4,'',0,19500,4,'',0,10000,4,'',0,28500,4,'',0,22500,4,'',0,20500,4,'',0,17000,4,'',0,22500,4,'',0
'20240513',11009,52000,4,'',0,22000,4,'',0,19500,4,'',0,10000,4,'',0,28500,4,'',0,22500,4,'',0,20500,4,'',0,17000,4,'',0,22500,4,'',0
'20240514',11009,52000,4,'',0,22000,4,'',0,19500,4,'',0,10000,4,'',0,28500,4,'',0,22500,4,'',0,20500,4,'',0,17000,4,'',0,22500,4,'',0
'20240515',11009,52000,4,'',0,22000,4,'',0,19500,4,'',0,10000,4,'',0,28500,4,'',0,22500,4,'',0,20500,4,'',0,17000,4,'',0,22500,4,'',0
'20240516',11009,52000,4,'',0,22000,4,'',0,19500,4,'',0,10000,4,'',0,28500,4,'',0,22500,4,'',0,20500,4,'',0,17000,4,'',0,22500,4,'',0
'20240517',11009,52000,4,'',0,22000,4,'',0,19500,4,'',0,10000,4,'',0,28500,4,'',0,22500,4,'',0,20500,4,'',0,17000,4,'',0,22500,4,'',0,39000,4,'',0
'20240518',11009,52000,4,'',0,22000,4,'',0,19500,4,'',0,10000,4,'',0,28500,4,'',0,22500,4,'',0,20500,4,'',0,17000,4,'',0,22500,4,'',0
'20240519',11009,52000,4,'',0,22000,4,'',0,19500,4,'',0,10000,4,'',0,28500,4,'',0,22500,4,'',0,20500,4,'',0,17000,4,'',0,22500,4,'',0
'20240520',11009,52000,4,'',0,22000,4,'',0,19500,4,'',0,10000,4,'',0,28500,4,'',0,22500,4,'',0,20500,4,'',0,17000,4,'',0,22500,4,'',0
'20240521',11009,52000,4,'',0,22000,4,'',0,19500,4,'',0,10000,4,'',0,28500,4,'',0,22500,4,'',0,20500,4,'',0,17000,4,'',0,22500,4,'',0
'20240522',11009,52000,4,'',0,22000,4,'',0,19500,4,'',0,10000,4,'',0,28500,4,'',0,22500,4,'',0,20500,4,'',0,17000,4,'',0,22500,4,'',0
'20240523',11009,52000,4,'',0,22000,4,'',0,19500,4,'',0,10000,4,'',0,28500,4,'',0,22500,4,'',0,20500,4,'',0,17000,4,'',0,22500,4,'',0
'20240524',11009,52000,4,'',0,22000,4,'',0,19500,4,'',0,10000,4,'',0,28500,4,'',0,22500,4,'',0,20500,4,'',0,17000,4,'',0,22500,4,'',0,39000,4,'',0
'20240525',11009,52000,4,'',0,22000,4,'',0,19500,4,'',0,10000,4,'',0,28500,4,'',0,22500,4,'',0,20500,4,'',0,17000,4,'',0,22500,4,'',0
'20240526',11009,52000,4,'',0,22000,4,'',0,19500,4,'',0,10000,4,'',0,28500,4,'',0,22500,4,'',0,20500,4,'',0,17000,4,'',0,22500,4,'',0
'20240527',11009,52000,4,'',0,22000,4,'',0,19500,4,'',0,10000,4,'',0,28500,4,'',0,22500,4,'',0,20500,4,'',0,17000,4,'',0,22500,4,'',0
'20240528',11009,52000,4,'',0,22000,4,'',0,19500,4,'',0,10000,4,'',0,28500,4,'',0,22500,4,'',0,20500,4,'',0,17000,4,'',0,22500,4,'',0
'20240529',11009,52000,4,'',0,22000,4,'',0,19500,4,'',0,10000,4,'',0,28500,4,'',0,22500,4,'',0,20500,4,'',0,17000,4,'',0,22500,4,'',0
'20240530',11009,52000,4,'',0,22000,4,'',0,19500,4,'',0,10000,4,'',0,28500,4,'',0,22500,4,'',0,20500,4,'',0,17000,4,'',0,22500,4,'',0
'20240531',11009,52000,4,'',0,22000,4,'',0,19500,4,'',0,10000,4,'',0,28500,4,'',0,22500,4,'',0,20500,4,'',0,17000,4,'',0,22500,4,'',0,39000,4,'',0
'20240601',11009,52000,4,'',0,22000,4,'',0,19500,4,'',0,10000,4,'',0,28500,4,'',0,22500,4,'',0,20500,4,'',0,17000,4,'',0,22500,4,'',0
'20240602',11009,52000,4,'',0,22000,4,'',0,19500,4,'',0,10000,4,'',0,28500,4,'',0,22500,4,'',0,20500,4,'',0,17000,4,'',0,22500,4,'',0
'20240603',11009,52000,4,'',0,22000,4,'',0,19500,4,'',0,10000,4,'',0,28500,4,'',0,22500,4,'',0,20500,4,'',0,17000,4,'',0,22500,4,'',0
'20240604',11009,52000,4,'',0,22000,4,'',0,19500,4,'',0,10000,4,'',0,28500,4,'',0,22500,4,'',0,20500,4,'',0,17000,4,'',0,22500,4,'',0
'20240605',11009,52000,4,'',0,22000,4,'',0,19500,4,'',0,10000,4,'',0,28500,4,'',0,22500,4,'',0,20500,4,'',0,17000,4,'',0,22500,4,'',0
'20240606',11009,52000,4,'',0,22000,4,'',0,19500,4,'',0,10000,4,'',0,28500,4,'',0,22500,4,'',0,20500,4,'',0,17000,4,'',0,22500,4,'',0
'20240607',11009,52000,4,'',0,22000,4,'',0,19500,4,'',0,10000,4,'',0,28500,4,'',0,22500,4,'',0,20500,4,'',0,17000,4,'',0,22500,4,'',0,39000,4,'',0
'20240608',11009,52000,4,'',0,22000,4,'',0,19500,4,'',0,10000,4,'',0,28500,4,'',0,22500,4,'',0,20500,4,'',0,17000,4,'',0,22500,4,'',0
'20240609',11009,52000,4,'',0,22000,4,'',0,19500,4,'',0,10000,4,'',0,28500,4,'',0,22500,4,'',0,20500,4,'',0,17000,4,'',0,22500,4,'',0
'20240610',11009,52000,4,'',0,22000,4,'',0,19500,4,'',0,10000,4,'',0,28500,4,'',0,22500,4,'',0,20500,4,'',0,17000,4,'',0,22500,4,'',0
'20240611',11009,52000,4,'',0,22000,4,'',0,19500,4,'',0,10000,4,'',0,28500,4,'',0,22500,4,'',0,20500,4,'',0,17000,4,'',0,22500,4,'',0
'20240612',11009,52000,4,'',0,22000,4,'',0,19500,4,'',0,10000,4,'',0,28500,4,'',0,22500,4,'',0,20500,4,'',0,17000,4,'',0,22500,4,'',0
'20240613',11009,52000,4,'',0,22000,4,'',0,19500,4,'',0,10000,4,'',0,28500,4,'',0,22500,4,'',0,20500,4,'',0,17000,4,'',0,22500,4,'',0
'20240614',11009,52000,4,'',0,22000,4,'',0,19500,4,'',0,10000,4,'',0,28500,4,'',0,22500,4,'',0,20500,4,'',0,17000,4,'',0,22500,4,'',0,39000,4,'',0
'20240615',11009,52000,4,'',0,22000,4,'',0,19500,4,'',0,10000,4,'',0,28500,4,'',0,22500,4,'',0,20500,4,'',0,17000,4,'',0,22500,4,'',0
'20240402',101309,54500,0,'''Lopez Isl''',0,6000,0,'''Lopez Isl''',0,22500,0,'''Lopez Isl''',0,12500,0,'''Lopez Isl''',0,18000,0,'''Lopez Isl''',0,28500,0,'''Lopez Isl''',0,19500,0,'''Lopez Isl''',0,13000,0,'''Lopez Isl''',0,8000,0,'''Lopez Isl''',0,12000,0,'''Lopez Isl''',0
'20240403',101309,54500,0,'''Lopez Isl''',0,6000,0,'''Lopez Isl''',0,22500,0,'''Lopez Isl''',0,12500,0,'''Lopez Isl''',0,18000,0,'''Lopez Isl''',0,28500,0,'''Lopez Isl''',0,19500,0,'''Lopez Isl''',0,13000,0,'''Lopez Isl''',0,8000,0,'''Lopez Isl''',0,12000,0,'''Lopez Isl''',0
'20240404',101309,54500,0,'''Lopez Isl''',0,6000,0,'''Lopez Isl''',0,22500,0,'''Lopez Isl''',0,12500,0,'''Lopez Isl''',0,18000,0,'''Lopez Isl''',0,28500,0,'''Lopez Isl''',0,19500,0,'''Lopez Isl''',0,13000,0,'''Lopez Isl''',0,8000,0,'''Lopez Isl''',0,12000,0,'''Lopez Isl''',0
'20240405',101309,54500,0,'''Lopez Isl''',0,6000,0,'''Lopez Isl''',0,22500,0,'''Lopez Isl''',0,12500,0,'''Lopez Isl''',0,18000,0,'''Lopez Isl''',0,28500,0,'''Lopez Isl''',0,19500,0,'''Lopez Isl''',0,13000,0,'''Lopez Isl''',0,8000,0,'''Lopez Isl''',0,12000,0,'''Lopez Isl''',0
'20240406',101309,54500,0,'''Lopez Isl''',0,6000,0,'''Lopez Isl''',0,22500,0,'''Lopez Isl''',0,12500,0,'''Lopez Isl''',0,18000,0,'''Lopez Isl''',0,28500,0,'''Lopez Isl''',0,19500,0,'''Lopez Isl''',0,13000,0,'''Lopez Isl''',0,8000,0,'''Lopez Isl''',0,12000,0,'''Lopez Isl''',0
'20240407',101309,54500,0,'''Lopez Isl''',0,6000,0,'''Lopez Isl''',0,22500,0,'''Lopez Isl''',0,12500,0,'''Lopez Isl''',0,18000,0,'''Lopez Isl''',0,28000,0,'''Lopez Isl''',0,20000,0,'''Lopez Isl''',0,13000,0,'''Lopez Isl''',0,8000,0,'''Lopez Isl''',0,12000,0,'''Lopez Isl''',0
'20240408',101309,54500,0,'''Lopez Isl''',0,6000,0,'''Lopez Isl''',0,22500,0,'''Lopez Isl''',0,12500,0,'''Lopez Isl''',0,18000,0,'''Lopez Isl''',0,28500,0,'''Lopez Isl''',0,19500,0,'''Lopez Isl''',0,13000,0,'''Lopez Isl''',0,8000,0,'''Lopez Isl''',0,12000,0,'''Lopez Isl''',0
'20240409',101309,54500,0,'''Lopez Isl''',0,6000,0,'''Lopez Isl''',0,22500,0,'''Lopez Isl''',0,12500,0,'''Lopez Isl''',0,18000,0,'''Lopez Isl''',0,28500,0,'''Lopez Isl''',0,19500,0,'''Lopez Isl''',0,13000,0,'''Lopez Isl''',0,8000,0,'''Lopez Isl''',0,12000,0,'''Lopez Isl''',0
'20240410',101309,54500,0,'''Lopez Isl''',0,6000,0,'''Lopez Isl''',0,22500,0,'''Lopez Isl''',0,12500,0,'''Lopez Isl''',0,18000,0,'''Lopez Isl''',0,28500,0,'''Lopez Isl''',0,19500,0,'''Lopez Isl''',0,13000,0,'''Lopez Isl''',0,8000,0,'''Lopez Isl''',0,12000,0,'''Lopez Isl''',0
'20240411',101309,54500,0,'''Lopez Isl''',0,6000,0,'''Lopez Isl''',0,22500,0,'''Lopez Isl''',0,12500,0,'''Lopez Isl''',0,18000,0,'''Lopez Isl''',0,28500,0,'''Lopez Isl''',0,19500,0,'''Lopez Isl''',0,13000,0,'''Lopez Isl''',0,8000,0,'''Lopez Isl''',0,12000,0,'''Lopez Isl''',0
'20240412',101309,54500,0,'''Lopez Isl''',0,6000,0,'''Lopez Isl''',0,22500,0,'''Lopez Isl''',0,12500,0,'''Lopez Isl''',0,18000,0,'''Lopez Isl''',0,28500,0,'''Lopez Isl''',0,19500,0,'''Lopez Isl''',0,13000,0,'''Lopez Isl''',0,8000,0,'''Lopez Isl''',0,12000,0,'''Lopez Isl''',0
'20240413',101309,54500,0,'''Lopez Isl''',0,6000,0,'''Lopez Isl''',0,22500,0,'''Lopez Isl''',0,12500,0,'''Lopez Isl''',0,18000,0,'''Lopez Isl''',0,28500,0,'''Lopez Isl''',0,19500,0,'''Lopez Isl''',0,13000,0,'''Lopez Isl''',0,8000,0,'''Lopez Isl''',0,12000,0,'''Lopez Isl''',0
'20240414',101309,54500,0,'''Lopez Isl''',0,6000,0,'''Lopez Isl''',0,22500,0,'''Lopez Isl''',0,12500,0,'''Lopez Isl''',0,18000,0,'''Lopez Isl''',0,28000,0,'''Lopez Isl''',0,20000,0,'''Lopez Isl''',0,13000,0,'''Lopez Isl''',0,8000,0,'''Lopez Isl''',0,12000,0,'''Lopez Isl''',0
'20240415',101309,54500,0,'''Lopez Isl''',0,6000,0,'''Lopez Isl''',0,22500,0,'''Lopez Isl''',0,12500,0,'''Lopez Isl''',0,18000,0,'''Lopez Isl''',0,28500,0,'''Lopez Isl''',0,19500,0,'''Lopez Isl''',0,13000,0,'''Lopez Isl''',0,8000,0,'''Lopez Isl''',0,12000,0,'''Lopez Isl''',0
'20240416',101309,54500,0,'''Lopez Isl''',0,6000,0,'''Lopez Isl''',0,22500,0,'''Lopez Isl''',0,12500,0,'''Lopez Isl''',0,18000,0,'''Lopez Isl''',0,28500,0,'''Lopez Isl''',0,19500,0,'''Lopez Isl''',0,13000,0,'''Lopez Isl''',0,8000,0,'''Lopez Isl''',0,12000,0,'''Lopez Isl''',0
'20240417',101309,54500,0,'''Lopez Isl''',0,6000,0,'''Lopez Isl''',0,22500,0,'''Lopez Isl''',0,12500,0,'''Lopez Isl''',0,18000,0,'''Lopez Isl''',0,28500,0,'''Lopez Isl''',0,19500,0,'''Lopez Isl''',0,13000,0,'''Lopez Isl''',0,8000,0,'''Lopez Isl''',0,12000,0,'''Lopez Isl''',0
'20240418',101309,54500,0,'''Lopez Isl''',0,6000,0,'''Lopez Isl''',0,22500,0,'''Lopez Isl''',0,12500,0,'''Lopez Isl''',0,18000,0,'''Lopez Isl''',0,28500,0,'''Lopez Isl''',0,19500,0,'''Lopez Isl''',0,13000,0,'''Lopez Isl''',0,8000,0,'''Lopez Isl''',0,12000,0,'''Lopez Isl''',0
'20240419',101309,54500,0,'''Lopez Isl''',0,6000,0,'''Lopez Isl''',0,22500,0,'''Lopez Isl''',0,12500,0,'''Lopez Isl''',0,18000,0,'''Lopez Isl''',0,28500,0,'''Lopez Isl''',0,19500,0,'''Lopez Isl''',0,13000,0,'''Lopez Isl''',0,8000,0,'''Lopez Isl''',0,12000,0,'''Lopez Isl''',0
'20240420',101309,54500,0,'''Lopez Isl''',0,6000,0,'''Lopez Isl''',0,22500,0,'''Lopez Isl''',0,12500,0,'''Lopez Isl''',0,18000,0,'''Lopez Isl''',0,28500,0,'''Lopez Isl''',0,19500,0,'''Lopez Isl''',0,13000,0,'''Lopez Isl''',0,8000,0,'''Lopez Isl''',0,12000,0,'''Lopez Isl''',0
'20240421',101309,54500,0,'''Lopez Isl''',0,6000,0,'''Lopez Isl''',0,22500,0,'''Lopez Isl''',0,12500,0,'''Lopez Isl''',0,18000,0,'''Lopez Isl''',0,28000,0,'''Lopez Isl''',0,20000,0,'''Lopez Isl''',0,13000,0,'''Lopez Isl''',0,8000,0,'''Lopez Isl''',0,12000,0,'''Lopez Isl''',0
'20240422',101309,54500,0,'''Lopez Isl''',0,6000,0,'''Lopez Isl''',0,22500,0,'''Lopez Isl''',0,12500,0,'''Lopez Isl''',0,18000,0,'''Lopez Isl''',0,28500,0,'''Lopez Isl''',0,19500,0,'''Lopez Isl''',0,13000,0,'''Lopez Isl''',0,8000,0,'''Lopez Isl''',0,12000,0,'''Lopez Isl''',0
'20240423',101309,54500,0,'''Lopez Isl''',0,6000,0,'''Lopez Isl''',0,22500,0,'''Lopez Isl''',0,12500,0,'''Lopez Isl''',0,18000,0,'''Lopez Isl''',0,28500,0,'''Lopez Isl''',0,19500,0,'''Lopez Isl''',0,13000,0,'''Lopez Isl''',0,8000,0,'''Lopez Isl''',0,12000,0,'''Lopez Isl''',0
'20240424',101309,54500,0,'''Lopez Isl''',0,6000,0,'''Lopez Isl''',0,22500,0,'''Lopez Isl''',0,12500,0,'''Lopez Isl''',0,18000,0,'''Lopez Isl''',0,28500,0,'''Lopez Isl''',0,19500,0,'''Lopez Isl''',0,13000,0,'''Lopez Isl''',0,8000,0,'''Lopez Isl''',0,12000,0,'''Lopez Isl''',0
'20240425',101309,54500,0,'''Lopez Isl''',0,6000,0,'''Lopez Isl''',0,22500,0,'''Lopez Isl''',0,12500,0,'''Lopez Isl''',0,18000,0,'''Lopez Isl''',0,28500,0,'''Lopez Isl''',0,19500,0,'''Lopez Isl''',0,13000,0,'''Lopez Isl''',0,8000,0,'''Lopez Isl''',0,12000,0,'''Lopez Isl''',0
'20240426',101309,54500,0,'''Lopez Isl''',0,6000,0,'''Lopez Isl''',0,22500,0,'''Lopez Isl''',0,12500,0,'''Lopez Isl''',0,18000,0,'''Lopez Isl''',0,28500,0,'''Lopez Isl''',0,19500,0,'''Lopez Isl''',0,13000,0,'''Lopez Isl''',0,8000,0,'''Lopez Isl''',0,12000,0,'''Lopez Isl''',0
'20240427',101309,54500,0,'''Lopez Isl''',0,6000,0,'''Lopez Isl''',0,22500,0,'''Lopez Isl''',0,12500,0,'''Lopez Isl''',0,18000,0,'''Lopez Isl''',0,28500,0,'''Lopez Isl''',0,19500,0,'''Lopez Isl''',0,13000,0,'''Lopez Isl''',0,8000,0,'''Lopez Isl''',0,12000,0,'''Lopez Isl''',0
'20240428',101309,54500,0,'''Lopez Isl''',0,6000,0,'''Lopez Isl''',0,22500,0,'''Lopez Isl''',0,12500,0,'''Lopez Isl''',0,18000,0,'''Lopez Isl''',0,28000,0,'''Lopez Isl''',0,20000,0,'''Lopez Isl''',0,13000,0,'''Lopez Isl''',0,8000,0,'''Lopez Isl''',0,12000,0,'''Lopez Isl''',0
'20240429',101309,54500,0,'''Lopez Isl''',0,6000,0,'''Lopez Isl''',0,22500,0,'''Lopez Isl''',0,12500,0,'''Lopez Isl''',0,18000,0,'''Lopez Isl''',0,28500,0,'''Lopez Isl''',0,19500,0,'''Lopez Isl''',0,13000,0,'''Lopez Isl''',0,8000,0,'''Lopez Isl''',0,12000,0,'''Lopez Isl''',0
'20240430',101309,54500,0,'''Lopez Isl''',0,6000,0,'''Lopez Isl''',0,22500,0,'''Lopez Isl''',0,12500,0,'''Lopez Isl''',0,18000,0,'''Lopez Isl''',0,28500,0,'''Lopez Isl''',0,19500,0,'''Lopez Isl''',0,13000,0,'''Lopez Isl''',0,8000,0,'''Lopez Isl''',0,12000,0,'''Lopez Isl''',0
'20240501',101309,54500,0,'''Lopez Isl''',0,6000,0,'''Lopez Isl''',0,22500,0,'''Lopez Isl''',0,12500,0,'''Lopez Isl''',0,18000,0,'''Lopez Isl''',0,28500,0,'''Lopez Isl''',0,19500,0,'''Lopez Isl''',0,13000,0,'''Lopez Isl''',0,8000,0,'''Lopez Isl''',0,12000,0,'''Lopez Isl''',0
'20240502',101309,54500,0,'''Lopez Isl''',0,6000,0,'''Lopez Isl''',0,22500,0,'''Lopez Isl''',0,12500,0,'''Lopez Isl''',0,18000,0,'''Lopez Isl''',0,28500,0,'''Lopez Isl''',0,19500,0,'''Lopez Isl''',0,13000,0,'''Lopez Isl''',0,8000,0,'''Lopez Isl''',0,12000,0,'''Lopez Isl''',0
'20240503',101309,54500,0,'''Lopez Isl''',0,6000,0,'''Lopez Isl''',0,22500,0,'''Lopez Isl''',0,12500,0,'''Lopez Isl''',0,18000,0,'''Lopez Isl''',0,28500,0,'''Lopez Isl''',0,19500,0,'''Lopez Isl''',0,13000,0,'''Lopez Isl''',0,8000,0,'''Lopez Isl''',0,12000,0,'''Lopez Isl''',0
'20240504',101309,54500,0,'''Lopez Isl''',0,6000,0,'''Lopez Isl''',0,22500,0,'''Lopez Isl''',0,12500,0,'''Lopez Isl''',0,18000,0,'''Lopez Isl''',0,28500,0,'''Lopez Isl''',0,19500,0,'''Lopez Isl''',0,13000,0,'''Lopez Isl''',0,8000,0,'''Lopez Isl''',0,12000,0,'''Lopez Isl''',0
'20240505',101309,54500,0,'''Lopez Isl''',0,6000,0,'''Lopez Isl''',0,22500,0,'''Lopez Isl''',0,12500,0,'''Lopez Isl''',0,18000,0,'''Lopez Isl''',0,28000,0,'''Lopez Isl''',0,20000,0,'''Lopez Isl''',0,13000,0,'''Lopez Isl''',0,8000,0,'''Lopez Isl''',0,12000,0,'''Lopez Isl''',0
'20240506',101309,54500,0,'''Lopez Isl''',0,6000,0,'''Lopez Isl''',0,22500,0,'''Lopez Isl''',0,12500,0,'''Lopez Isl''',0,18000,0,'''Lopez Isl''',0,28500,0,'''Lopez Isl''',0,19500,0,'''Lopez Isl''',0,13000,0,'''Lopez Isl''',0,8000,0,'''Lopez Isl''',0,12000,0,'''Lopez Isl''',0
'20240507',101309,54500,0,'''Lopez Isl''',0,6000,0,'''Lopez Isl''',0,22500,0,'''Lopez Isl''',0,12500,0,'''Lopez Isl''',0,18000,0,'''Lopez Isl''',0,28500,0,'''Lopez Isl''',0,19500,0,'''Lopez Isl''',0,13000,0,'''Lopez Isl''',0,8000,0,'''Lopez Isl''',0,12000,0,'''Lopez Isl''',0
'20240508',101309,54500,0,'''Lopez Isl''',0,6000,0,'''Lopez Isl''',0,22500,0,'''Lopez Isl''',0,12500,0,'''Lopez Isl''',0,18000,0,'''Lopez Isl''',0,28500,0,'''Lopez Isl''',0,19500,0,'''Lopez Isl''',0,13000,0,'''Lopez Isl''',0,8000,0,'''Lopez Isl''',0,12000,0,'''Lopez Isl''',0
'20240509',101309,54500,0,'''Lopez Isl''',0,6000,0,'''Lopez Isl''',0,22500,0,'''Lopez Isl''',0,12500,0,'''Lopez Isl''',0,18000,0,'''Lopez Isl''',0,28500,0,'''Lopez Isl''',0,19500,0,'''Lopez Isl''',0,13000,0,'''Lopez Isl''',0,8000,0,'''Lopez Isl''',0,12000,0,'''Lopez Isl''',0
'20240510',101309,54500,0,'''Lopez Isl''',0,6000,0,'''Lopez Isl''',0,22500,0,'''Lopez Isl''',0,12500,0,'''Lopez Isl''',0,18000,0,'''Lopez Isl''',0,28500,0,'''Lopez Isl''',0,19500,0,'''Lopez Isl''',0,13000,0,'''Lopez Isl''',0,8000,0,'''Lopez Isl''',0,12000,0,'''Lopez Isl''',0
'20240511',101309,54500,0,'''Lopez Isl''',0,6000,0,'''Lopez Isl''',0,22500,0,'''Lopez Isl''',0,12500,0,'''Lopez Isl''',0,18000,0,'''Lopez Isl''',0,28500,0,'''Lopez Isl''',0,19500,0,'''Lopez Isl''',0,13000,0,'''Lopez Isl''',0,8000,0,'''Lopez Isl''',0,12000,0,'''Lopez Isl''',0
'20240512',101309,54500,0,'''Lopez Isl''',0,6000,0,'''Lopez Isl''',0,22500,0,'''Lopez Isl''',0,12500,0,'''Lopez Isl''',0,18000,0,'''Lopez Isl''',0,28000,0,'''Lopez Isl''',0,20000,0,'''Lopez Isl''',0,13000,0,'''Lopez Isl''',0,8000,0,'''Lopez Isl''',0,12000,0,'''Lopez Isl''',0
'20240513',101309,54500,0,'''Lopez Isl''',0,6000,0,'''Lopez Isl''',0,22500,0,'''Lopez Isl''',0,12500,0,'''Lopez Isl''',0,18000,0,'''Lopez Isl''',0,28500,0,'''Lopez Isl''',0,19500,0,'''Lopez Isl''',0,13000,0,'''Lopez Isl''',0,8000,0,'''Lopez Isl''',0,12000,0,'''Lopez Isl''',0
'20240514',101309,54500,0,'''Lopez Isl''',0,6000,0,'''Lopez Isl''',0,22500,0,'''Lopez Isl''',0,12500,0,'''Lopez Isl''',0,18000,0,'''Lopez Isl''',0,28500,0,'''Lopez Isl''',0,19500,0,'''Lopez Isl''',0,13000,0,'''Lopez Isl''',0,8000,0,'''Lopez Isl''',0,12000,0,'''Lopez Isl''',0
'20240515',101309,54500,0,'''Lopez Isl''',0,6000,0,'''Lopez Isl''',0,22500,0,'''Lopez Isl''',0,12500,0,'''Lopez Isl''',0,18000,0,'''Lopez Isl''',0,28500,0,'''Lopez Isl''',0,19500,0,'''Lopez Isl''',0,13000,0,'''Lopez Isl''',0,8000,0,'''Lopez Isl''',0,12000,0,'''Lopez Isl''',0
'20240516',101309,54500,0,'''Lopez Isl''',0,6000,0,'''Lopez Isl''',0,22500,0,'''Lopez Isl''',0,12500,0,'''Lopez Isl''',0,18000,0,'''Lopez Isl''',0,28500,0,'''Lopez Isl''',0,19500,0,'''Lopez Isl''',0,13000,0,'''Lopez Isl''',0,8000,0,'''Lopez Isl''',0,12000,0,'''Lopez Isl''',0
'20240517',101309,54500,0,'''Lopez Isl''',0,6000,0,'''Lopez Isl''',0,22500,0,'''Lopez Isl''',0,12500,0,'''Lopez Isl''',0,18000,0,'''Lopez Isl''',0,28500,0,'''Lopez Isl''',0,19500,0,'''Lopez Isl''',0,13000,0,'''Lopez Isl''',0,8000,0,'''Lopez Isl''',0,12000,0,'''Lopez Isl''',0
'20240518',101309,54500,0,'''Lopez Isl''',0,6000,0,'''Lopez Isl''',0,22500,0,'''Lopez Isl''',0,12500,0,'''Lopez Isl''',0,18000,0,'''Lopez Isl''',0,28500,0,'''Lopez Isl''',0,19500,0,'''Lopez Isl''',0,13000,0,'''Lopez Isl''',0,8000,0,'''Lopez Isl''',0,12000,0,'''Lopez Isl''',0
'20240519',101309,54500,0,'''Lopez Isl''',0,6000,0,'''Lopez Isl''',0,22500,0,'''Lopez Isl''',0,12500,0,'''Lopez Isl''',0,18000,0,'''Lopez Isl''',0,28000,0,'''Lopez Isl''',0,20000,0,'''Lopez Isl''',0,13000,0,'''Lopez Isl''',0,8000,0,'''Lopez Isl''',0,12000,0,'''Lopez Isl''',0
'20240520',101309,54500,0,'''Lopez Isl''',0,6000,0,'''Lopez Isl''',0,22500,0,'''Lopez Isl''',0,12500,0,'''Lopez Isl''',0,18000,0,'''Lopez Isl''',0,28500,0,'''Lopez Isl''',0,19500,0,'''Lopez Isl''',0,13000,0,'''Lopez Isl''',0,8000,0,'''Lopez Isl''',0,12000,0,'''Lopez Isl''',0
'20240521',101309,54500,0,'''Lopez Isl''',0,6000,0,'''Lopez Isl''',0,22500,0,'''Lopez Isl''',0,12500,0,'''Lopez Isl''',0,18000,0,'''Lopez Isl''',0,28500,0,'''Lopez Isl''',0,19500,0,'''Lopez Isl''',0,13000,0,'''Lopez Isl''',0,8000,0,'''Lopez Isl''',0,12000,0,'''Lopez Isl''',0
'20240522',101309,54500,0,'''Lopez Isl''',0,6000,0,'''Lopez Isl''',0,22500,0,'''Lopez Isl''',0,12500,0,'''Lopez Isl''',0,18000,0,'''Lopez Isl''',0,28500,0,'''Lopez Isl''',0,19500,0,'''Lopez Isl''',0,13000,0,'''Lopez Isl''',0,8000,0,'''Lopez Isl''',0,12000,0,'''Lopez Isl''',0
'20240523',101309,54500,0,'''Lopez Isl''',0,6000,0,'''Lopez Isl''',0,22500,0,'''Lopez Isl''',0,12500,0,'''Lopez Isl''',0,18000,0,'''Lopez Isl''',0,28500,0,'''Lopez Isl''',0,19500,0,'''Lopez Isl''',0,13000,0,'''Lopez Isl''',0,8000,0,'''Lopez Isl''',0,12000,0,'''Lopez Isl''',0
'20240524',101309,54500,0,'''Lopez Isl''',0,6000,0,'''Lopez Isl''',0,22500,0,'''Lopez Isl''',0,12500,0,'''Lopez Isl''',0,18000,0,'''Lopez Isl''',0,28500,0,'''Lopez Isl''',0,19500,0,'''Lopez Isl''',0,13000,0,'''Lopez Isl''',0,8000,0,'''Lopez Isl''',0,12000,0,'''Lopez Isl''',0
'20240525',101309,54500,0,'''Lopez Isl''',0,6000,0,'''Lopez Isl''',0,22500,0,'''Lopez Isl''',0,12500,0,'''Lopez Isl''',0,18000,0,'''Lopez Isl''',0,28500,0,'''Lopez Isl''',0,19500,0,'''Lopez Isl''',0,13000,0,'''Lopez Isl''',0,8000,0,'''Lopez Isl''',0,12000,0,'''Lopez Isl''',0
'20240526',101309,54500,0,'''Lopez Isl''',0,6000,0,'''Lopez Isl''',0,22500,0,'''Lopez Isl''',0,12500,0,'''Lopez Isl''',0,18000,0,'''Lopez Isl''',0,28000,0,'''Lopez Isl''',0,20000,0,'''Lopez Isl''',0,13000,0,'''Lopez Isl''',0,8000,0,'''Lopez Isl''',0,12000,0,'''Lopez Isl''',0
'20240527',101309,54500,0,'''Lopez Isl''',0,6000,0,'''Lopez Isl''',0,22500,0,'''Lopez Isl''',0,12500,0,'''Lopez Isl''',0,18000,0,'''Lopez Isl''',0,28000,0,'''Lopez Isl''',0,20000,0,'''Lopez Isl''',0,13000,0,'''Lopez Isl''',0,8000,0,'''Lopez Isl''',0,12000,0,'''Lopez Isl''',0
'20240528',101309,54500,0,'''Lopez Isl''',0,6000,0,'''Lopez Isl''',0,22500,0,'''Lopez Isl''',0,12500,0,'''Lopez Isl''',0,18000,0,'''Lopez Isl''',0,28500,0,'''Lopez Isl''',0,19500,0,'''Lopez Isl''',0,13000,0,'''Lopez Isl''',0,8000,0,'''Lopez Isl''',0,12000,0,'''Lopez Isl''',0
'20240529',101309,54500,0,'''Lopez Isl''',0,6000,0,'''Lopez Isl''',0,22500,0,'''Lopez Isl''',0,12500,0,'''Lopez Isl''',0,18000,0,'''Lopez Isl''',0,28500,0,'''Lopez Isl''',0,19500,0,'''Lopez Isl''',0,13000,0,'''Lopez Isl''',0,8000,0,'''Lopez Isl''',0,12000,0,'''Lopez Isl''',0
'20240530',101309,54500,0,'''Lopez Isl''',0,6000,0,'''Lopez Isl''',0,22500,0,'''Lopez Isl''',0,12500,0,'''Lopez Isl''',0,18000,0,'''Lopez Isl''',0,28500,0,'''Lopez Isl''',0,19500,0,'''Lopez Isl''',0,13000,0,'''Lopez Isl''',0,8000,0,'''Lopez Isl''',0,12000,0,'''Lopez Isl''',0
'20240531',101309,54500,0,'''Lopez Isl''',0,6000,0,'''Lopez Isl''',0,22500,0,'''Lopez Isl''',0,12500,0,'''Lopez Isl''',0,18000,0,'''Lopez Isl''',0,28500,0,'''Lopez Isl''',0,19500,0,'''Lopez Isl''',0,13000,0,'''Lopez Isl''',0,8000,0,'''Lopez Isl''',0,12000,0,'''Lopez Isl''',0
'20240601',101309,54500,0,'''Lopez Isl''',0,6000,0,'''Lopez Isl''',0,22500,0,'''Lopez Isl''',0,12500,0,'''Lopez Isl''',0,18000,0,'''Lopez Isl''',0,28500,0,'''Lopez Isl''',0,19500,0,'''Lopez Isl''',0,13000,0,'''Lopez Isl''',0,8000,0,'''Lopez Isl''',0,12000,0,'''Lopez Isl''',0
'20240602',101309,54500,0,'''Lopez Isl''',0,6000,0,'''Lopez Isl''',0,22500,0,'''Lopez Isl''',0,12500,0,'''Lopez Isl''',0,18000,0,'''Lopez Isl''',0,28000,0,'''Lopez Isl''',0,20000,0,'''Lopez Isl''',0,13000,0,'''Lopez Isl''',0,8000,0,'''Lopez Isl''',0,12000,0,'''Lopez Isl''',0
'20240603',101309,54500,0,'''Lopez Isl''',0,6000,0,'''Lopez Isl''',0,22500,0,'''Lopez Isl''',0,12500,0,'''Lopez Isl''',0,18000,0,'''Lopez Isl''',0,28500,0,'''Lopez Isl''',0,19500,0,'''Lopez Isl''',0,13000,0,'''Lopez Isl''',0,8000,0,'''Lopez Isl''',0,12000,0,'''Lopez Isl''',0
'20240604',101309,54500,0,'''Lopez Isl''',0,6000,0,'''Lopez Isl''',0,22500,0,'''Lopez Isl''',0,12500,0,'''Lopez Isl''',0,18000,0,'''Lopez Isl''',0,28500,0,'''Lopez Isl''',0,19500,0,'''Lopez Isl''',0,13000,0,'''Lopez Isl''',0,8000,0,'''Lopez Isl''',0,12000,0,'''Lopez Isl''',0
'20240605',101309,54500,0,'''Lopez Isl''',0,6000,0,'''Lopez Isl''',0,22500,0,'''Lopez Isl''',0,12500,0,'''Lopez Isl''',0,18000,0,'''Lopez Isl''',0,28500,0,'''Lopez Isl''',0,19500,0,'''Lopez Isl''',0,13000,0,'''Lopez Isl''',0,8000,0,'''Lopez Isl''',0,12000,0,'''Lopez Isl''',0
'20240606',101309,54500,0,'''Lopez Isl''',0,6000,0,'''Lopez Isl''',0,22500,0,'''Lopez Isl''',0,12500,0,'''Lopez Isl''',0,18000,0,'''Lopez Isl''',0,28500,0,'''Lopez Isl''',0,19500,0,'''Lopez Isl''',0,13000,0,'''Lopez Isl''',0,8000,0,'''Lopez Isl''',0,12000,0,'''Lopez Isl''',0
'20240607',101309,54500,0,'''Lopez Isl''',0,6000,0,'''Lopez Isl''',0,22500,0,'''Lopez Isl''',0,12500,0,'''Lopez Isl''',0,18000,0,'''Lopez Isl''',0,28500,0,'''Lopez Isl''',0,19500,0,'''Lopez Isl''',0,13000,0,'''Lopez Isl''',0,8000,0,'''Lopez Isl''',0,12000,0,'''Lopez Isl''',0
'20240608',101309,54500,0,'''Lopez Isl''',0,6000,0,'''Lopez Isl''',0,22500,0,'''Lopez Isl''',0,12500,0,'''Lopez Isl''',0,18000,0,'''Lopez Isl''',0,28500,0,'''Lopez Isl''',0,19500,0,'''Lopez Isl''',0,13000,0,'''Lopez Isl''',0,8000,0,'''Lopez Isl''',0,12000,0,'''Lopez Isl''',0
'20240609',101309,54500,0,'''Lopez Isl''',0,6000,0,'''Lopez Isl''',0,22500,0,'''Lopez Isl''',0,12500,0,'''Lopez Isl''',0,18000,0,'''Lopez Isl''',0,28000,0,'''Lopez Isl''',0,20000,0,'''Lopez Isl''',0,13000,0,'''Lopez Isl''',0,8000,0,'''Lopez Isl''',0,12000,0,'''Lopez Isl''',0
'20240610',101309,54500,0,'''Lopez Isl''',0,6000,0,'''Lopez Isl''',0,22500,0,'''Lopez Isl''',0,12500,0,'''Lopez Isl''',0,18000,0,'''Lopez Isl''',0,28500,0,'''Lopez Isl''',0,19500,0,'''Lopez Isl''',0,13000,0,'''Lopez Isl''',0,8000,0,'''Lopez Isl''',0,12000,0,'''Lopez Isl''',0
'20240611',101309,54500,0,'''Lopez Isl''',0,6000,0,'''Lopez Isl''',0,22500,0,'''Lopez Isl''',0,12500,0,'''Lopez Isl''',0,18000,0,'''Lopez Isl''',0,28500,0,'''Lopez Isl''',0,19500,0,'''Lopez Isl''',0,13000,0,'''Lopez Isl''',0,8000,0,'''Lopez Isl''',0,12000,0,'''Lopez Isl''',0
'20240612',101309,54500,0,'''Lopez Isl''',0,6000,0,'''Lopez Isl''',0,22500,0,'''Lopez Isl''',0,12500,0,'''Lopez Isl''',0,18000,0,'''Lopez Isl''',0,28500,0,'''Lopez Isl''',0,19500,0,'''Lopez Isl''',0,13000,0,'''Lopez Isl''',0,8000,0,'''Lopez Isl''',0,12000,0,'''Lopez Isl''',0
'20240613',101309,54500,0,'''Lopez Isl''',0,6000,0,'''Lopez Isl''',0,22500,0,'''Lopez Isl''',0,12500,0,'''Lopez Isl''',0,18000,0,'''Lopez Isl''',0,28500,0,'''Lopez Isl''',0,19500,0,'''Lopez Isl''',0,13000,0,'''Lopez Isl''',0,8000,0,'''Lopez Isl''',0,12000,0,'''Lopez Isl''',0
'20240614',101309,54500,0,'''Lopez Isl''',0,6000,0,'''Lopez Isl''',0,22500,0,'''Lopez Isl''',0,12500,0,'''Lopez Isl''',0,18000,0,'''Lopez Isl''',0,28500,0,'''Lopez Isl''',0,19500,0,'''Lopez Isl''',0,13000,0,'''Lopez Isl''',0,8000,0,'''Lopez Isl''',0,12000,0,'''Lopez Isl''',0
'20240615',101309,54500,0,'''Lopez Isl''',0,6000,0,'''Lopez Isl''',0,22500,0,'''Lopez Isl''',0,12500,0,'''Lopez Isl''',0,18000,0,'''Lopez Isl''',0,28500,0,'''Lopez Isl''',0,19500,0,'''Lopez Isl''',0,13000,0,'''Lopez Isl''',0,8000,0,'''Lopez Isl''',0,12000,0,'''Lopez Isl''',0
'20240402',101509,60500,0,'''Orcas Isl''',0,22500,0,'''Orcas Isl''',0,30500,0,'''Orcas Isl''',0,28500,0,'''Orcas Isl''',0,32500,0,'''Orcas Isl''',0
'20240403',101509,60500,0,'''Orcas Isl''',0,22500,0,'''Orcas Isl''',0,30500,0,'''Orcas Isl''',0,28500,0,'''Orcas Isl''',0,32500,0,'''Orcas Isl''',0
'20240404',101509,60500,0,'''Orcas Isl''',0,22500,0,'''Orcas Isl''',0,30500,0,'''Orcas Isl''',0,28500,0,'''Orcas Isl''',0,32500,0,'''Orcas Isl''',0
'20240405',101509,60500,0,'''Orcas Isl''',0,22500,0,'''Orcas Isl''',0,30500,0,'''Orcas Isl''',0,28500,0,'''Orcas Isl''',0,32500,0,'''Orcas Isl''',0
'20240406',101509,60500,0,'''Orcas Isl''',0,22500,0,'''Orcas Isl''',0,30500,0,'''Orcas Isl''',0,28500,0,'''Orcas Isl''',0,32500,0,'''Orcas Isl''',0
'20240407',101509,60500,0,'''Orcas Isl''',0,22500,0,'''Orcas Isl''',0,30500,0,'''Orcas Isl''',0,61000,0,'''Orcas Isl''',0
'20240408',101509,60500,0,'''Orcas Isl''',0,22500,0,'''Orcas Isl''',0,30500,0,'''Orcas Isl''',0,28500,0,'''Orcas Isl''',0,32500,0,'''Orcas Isl''',0
'20240409',101509,60500,0,'''Orcas Isl''',0,22500,0,'''Orcas Isl''',0,30500,0,'''Orcas Isl''',0,28500,0,'''Orcas Isl''',0,32500,0,'''Orcas Isl''',0
'20240410',101509,60500,0,'''Orcas Isl''',0,22500,0,'''Orcas Isl''',0,30500,0,'''Orcas Isl''',0,28500,0,'''Orcas Isl''',0,32500,0,'''Orcas Isl''',0
'20240411',101509,60500,0,'''Orcas Isl''',0,22500,0,'''Orcas Isl''',0,30500,0,'''Orcas Isl''',0,28500,0,'''Orcas Isl''',0,32500,0,'''Orcas Isl''',0
'20240412',101509,60500,0,'''Orcas Isl''',0,22500,0,'''Orcas Isl''',0,30500,0,'''Orcas Isl''',0,28500,0,'''Orcas Isl''',0,32500,0,'''Orcas Isl''',0
'20240413',101509,60500,0,'''Orcas Isl''',0,22500,0,'''Orcas Isl''',0,30500,0,'''Orcas Isl''',0,28500,0,'''Orcas Isl''',0,32500,0,'''Orcas Isl''',0
'20240414',101509,60500,0,'''Orcas Isl''',0,22500,0,'''Orcas Isl''',0,30500,0,'''Orcas Isl''',0,61000,0,'''Orcas Isl''',0
'20240415',101509,60500,0,'''Orcas Isl''',0,22500,0,'''Orcas Isl''',0,30500,0,'''Orcas Isl''',0,28500,0,'''Orcas Isl''',0,32500,0,'''Orcas Isl''',0
'20240416',101509,60500,0,'''Orcas Isl''',0,22500,0,'''Orcas Isl''',0,30500,0,'''Orcas Isl''',0,28500,0,'''Orcas Isl''',0,32500,0,'''Orcas Isl''',0
'20240417',101509,60500,0,'''Orcas Isl''',0,22500,0,'''Orcas Isl''',0,30500,0,'''Orcas Isl''',0,28500,0,'''Orcas Isl''',0,32500,0,'''Orcas Isl''',0
'20240418',101509,60500,0,'''Orcas Isl''',0,22500,0,'''Orcas Isl''',0,30500,0,'''Orcas Isl''',0,28500,0,'''Orcas Isl''',0,32500,0,'''Orcas Isl''',0
'20240419',101509,60500,0,'''Orcas Isl''',0,22500,0,'''Orcas Isl''',0,30500,0,'''Orcas Isl''',0,28500,0,'''Orcas Isl''',0,32500,0,'''Orcas Isl''',0
'20240420',101509,60500,0,'''Orcas Isl''',0,22500,0,'''Orcas Isl''',0,30500,0,'''Orcas Isl''',0,28500,0,'''Orcas Isl''',0,32500,0,'''Orcas Isl''',0
'20240421',101509,60500,0,'''Orcas Isl''',0,22500,0,'''Orcas Isl''',0,30500,0,'''Orcas Isl''',0,61000,0,'''Orcas Isl''',0
'20240422',101509,60500,0,'''Orcas Isl''',0,22500,0,'''Orcas Isl''',0,30500,0,'''Orcas Isl''',0,28500,0,'''Orcas Isl''',0,32500,0,'''Orcas Isl''',0
'20240423',101509,60500,0,'''Orcas Isl''',0,22500,0,'''Orcas Isl''',0,30500,0,'''Orcas Isl''',0,28500,0,'''Orcas Isl''',0,32500,0,'''Orcas Isl''',0
'20240424',101509,60500,0,'''Orcas Isl''',0,22500,0,'''Orcas Isl''',0,30500,0,'''Orcas Isl''',0,28500,0,'''Orcas Isl''',0,32500,0,'''Orcas Isl''',0
'20240425',101509,60500,0,'''Orcas Isl''',0,22500,0,'''Orcas Isl''',0,30500,0,'''Orcas Isl''',0,28500,0,'''Orcas Isl''',0,32500,0,'''Orcas Isl''',0
'20240426',101509,60500,0,'''Orcas Isl''',0,22500,0,'''Orcas Isl''',0,30500,0,'''Orcas Isl''',0,28500,0,'''Orcas Isl''',0,32500,0,'''Orcas Isl''',0
'20240427',101509,60500,0,'''Orcas Isl''',0,22500,0,'''Orcas Isl''',0,30500,0,'''Orcas Isl''',0,28500,0,'''Orcas Isl''',0,32500,0,'''Orcas Isl''',0
'20240428',101509,60500,0,'''Orcas Isl''',0,22500,0,'''Orcas Isl''',0,30500,0,'''Orcas Isl''',0,61000,0,'''Orcas Isl''',0
'20240429',101509,60500,0,'''Orcas Isl''',0,22500,0,'''Orcas Isl''',0,30500,0,'''Orcas Isl''',0,28500,0,'''Orcas Isl''',0,32500,0,'''Orcas Isl''',0
'20240430',101509,60500,0,'''Orcas Isl''',0,22500,0,'''Orcas Isl''',0,30500,0,'''Orcas Isl''',0,28500,0,'''Orcas Isl''',0,32500,0,'''Orcas Isl''',0
'20240501',101509,60500,0,'''Orcas Isl''',0,22500,0,'''Orcas Isl''',0,30500,0,'''Orcas Isl''',0,28500,0,'''Orcas Isl''',0,32500,0,'''Orcas Isl''',0
'20240502',101509,60500,0,'''Orcas Isl''',0,22500,0,'''Orcas Isl''',0,30500,0,'''Orcas Isl''',0,28500,0,'''Orcas Isl''',0,32500,0,'''Orcas Isl''',0
'20240503',101509,60500,0,'''Orcas Isl''',0,22500,0,'''Orcas Isl''',0,30500,0,'''Orcas Isl''',0,28500,0,'''Orcas Isl''',0,32500,0,'''Orcas Isl''',0
'20240504',101509,60500,0,'''Orcas Isl''',0,22500,0,'''Orcas Isl''',0,30500,0,'''Orcas Isl''',0,28500,0,'''Orcas Isl''',0,32500,0,'''Orcas Isl''',0
'20240505',101509,60500,0,'''Orcas Isl''',0,22500,0,'''Orcas Isl''',0,30500,0,'''Orcas Isl''',0,61000,0,'''Orcas Isl''',0
'20240506',101509,60500,0,'''Orcas Isl''',0,22500,0,'''Orcas Isl''',0,30500,0,'''Orcas Isl''',0,28500,0,'''Orcas Isl''',0,32500,0,'''Orcas Isl''',0
'20240507',101509,60500,0,'''Orcas Isl''',0,22500,0,'''Orcas Isl''',0,30500,0,'''Orcas Isl''',0,28500,0,'''Orcas Isl''',0,32500,0,'''Orcas Isl''',0
'20240508',101509,60500,0,'''Orcas Isl''',0,22500,0,'''Orcas Isl''',0,30500,0,'''Orcas Isl''',0,28500,0,'''Orcas Isl''',0,32500,0,'''Orcas Isl''',0
'20240509',101509,60500,0,'''Orcas Isl''',0,22500,0,'''Orcas Isl''',0,30500,0,'''Orcas Isl''',0,28500,0,'''Orcas Isl''',0,32500,0,'''Orcas Isl''',0
'20240510',101509,60500,0,'''Orcas Isl''',0,22500,0,'''Orcas Isl''',0,30500,0,'''Orcas Isl''',0,28500,0,'''Orcas Isl''',0,32500,0,'''Orcas Isl''',0
'20240511',101509,60500,0,'''Orcas Isl''',0,22500,0,'''Orcas Isl''',0,30500,0,'''Orcas Isl''',0,28500,0,'''Orcas Isl''',0,32500,0,'''Orcas Isl''',0
'20240512',101509,60500,0,'''Orcas Isl''',0,22500,0,'''Orcas Isl''',0,30500,0,'''Orcas Isl''',0,61000,0,'''Orcas Isl''',0
'20240513',101509,60500,0,'''Orcas Isl''',0,22500,0,'''Orcas Isl''',0,30500,0,'''Orcas Isl''',0,28500,0,'''Orcas Isl''',0,32500,0,'''Orcas Isl''',0
'20240514',101509,60500,0,'''Orcas Isl''',0,22500,0,'''Orcas Isl''',0,30500,0,'''Orcas Isl''',0,28500,0,'''Orcas Isl''',0,32500,0,'''Orcas Isl''',0
'20240515',101509,60500,0,'''Orcas Isl''',0,22500,0,'''Orcas Isl''',0,30500,0,'''Orcas Isl''',0,28500,0,'''Orcas Isl''',0,32500,0,'''Orcas Isl''',0
'20240516',101509,60500,0,'''Orcas Isl''',0,22500,0,'''Orcas Isl''',0,30500,0,'''Orcas Isl''',0,28500,0,'''Orcas Isl''',0,32500,0,'''Orcas Isl''',0
'20240517',101509,60500,0,'''Orcas Isl''',0,22500,0,'''Orcas Isl''',0,30500,0,'''Orcas Isl''',0,28500,0,'''Orcas Isl''',0,32500,0,'''Orcas Isl''',0
'20240518',101509,60500,0,'''Orcas Isl''',0,22500,0,'''Orcas Isl''',0,30500,0,'''Orcas Isl''',0,28500,0,'''Orcas Isl''',0,32500,0,'''Orcas Isl''',0
'20240519',101509,60500,0,'''Orcas Isl''',0,22500,0,'''Orcas Isl''',0,30500,0,'''Orcas Isl''',0,61000,0,'''Orcas Isl''',0
'20240520',101509,60500,0,'''Orcas Isl''',0,22500,0,'''Orcas Isl''',0,30500,0,'''Orcas Isl''',0,28500,0,'''Orcas Isl''',0,32500,0,'''Orcas Isl''',0
'20240521',101509,60500,0,'''Orcas Isl''',0,22500,0,'''Orcas Isl''',0,30500,0,'''Orcas Isl''',0,28500,0,'''Orcas Isl''',0,32500,0,'''Orcas Isl''',0
'20240522',101509,60500,0,'''Orcas Isl''',0,22500,0,'''Orcas Isl''',0,30500,0,'''Orcas Isl''',0,28500,0,'''Orcas Isl''',0,32500,0,'''Orcas Isl''',0
'20240523',101509,60500,0,'''Orcas Isl''',0,22500,0,'''Orcas Isl''',0,30500,0,'''Orcas Isl''',0,28500,0,'''Orcas Isl''',0,32500,0,'''Orcas Isl''',0
'20240524',101509,60500,0,'''Orcas Isl''',0,22500,0,'''Orcas Isl''',0,30500,0,'''Orcas Isl''',0,28500,0,'''Orcas Isl''',0,32500,0,'''Orcas Isl''',0
'20240525',101509,60500,0,'''Orcas Isl''',0,22500,0,'''Orcas Isl''',0,30500,0,'''Orcas Isl''',0,28500,0,'''Orcas Isl''',0,32500,0,'''Orcas Isl''',0
'20240526',101509,60500,0,'''Orcas Isl''',0,22500,0,'''Orcas Isl''',0,30500,0,'''Orcas Isl''',0,61000,0,'''Orcas Isl''',0
'20240527',101509,60500,0,'''Orcas Isl''',0,22500,0,'''Orcas Isl''',0,30500,0,'''Orcas Isl''',0,61000,0,'''Orcas Isl''',0
'20240528',101509,60500,0,'''Orcas Isl''',0,22500,0,'''Orcas Isl''',0,30500,0,'''Orcas Isl''',0,28500,0,'''Orcas Isl''',0,32500,0,'''Orcas Isl''',0
'20240529',101509,60500,0,'''Orcas Isl''',0,22500,0,'''Orcas Isl''',0,30500,0,'''Orcas Isl''',0,28500,0,'''Orcas Isl''',0,32500,0,'''Orcas Isl''',0
'20240530',101509,60500,0,'''Orcas Isl''',0,22500,0,'''Orcas Isl''',0,30500,0,'''Orcas Isl''',0,28500,0,'''Orcas Isl''',0,32500,0,'''Orcas Isl''',0
'20240531',101509,60500,0,'''Orcas Isl''',0,22500,0,'''Orcas Isl''',0,30500,0,'''Orcas Isl''',0,28500,0,'''Orcas Isl''',0,32500,0,'''Orcas Isl''',0
'20240601',101509,60500,0,'''Orcas Isl''',0,22500,0,'''Orcas Isl''',0,30500,0,'''Orcas Isl''',0,28500,0,'''Orcas Isl''',0,32500,0,'''Orcas Isl''',0
'20240602',101509,60500,0,'''Orcas Isl''',0,22500,0,'''Orcas Isl''',0,30500,0,'''Orcas Isl''',0,61000,0,'''Orcas Isl''',0
'20240603',101509,60500,0,'''Orcas Isl''',0,22500,0,'''Orcas Isl''',0,30500,0,'''Orcas Isl''',0,28500,0,'''Orcas Isl''',0,32500,0,'''Orcas Isl''',0
'20240604',101509,60500,0,'''Orcas Isl''',0,22500,0,'''Orcas Isl''',0,30500,0,'''Orcas Isl''',0,28500,0,'''Orcas Isl''',0,32500,0,'''Orcas Isl''',0
'20240605',101509,60500,0,'''Orcas Isl''',0,22500,0,'''Orcas Isl''',0,30500,0,'''Orcas Isl''',0,28500,0,'''Orcas Isl''',0,32500,0,'''Orcas Isl''',0
'20240606',101509,60500,0,'''Orcas Isl''',0,22500,0,'''Orcas Isl''',0,30500,0,'''Orcas Isl''',0,28500,0,'''Orcas Isl''',0,32500,0,'''Orcas Isl''',0
'20240607',101509,60500,0,'''Orcas Isl''',0,22500,0,'''Orcas Isl''',0,30500,0,'''Orcas Isl''',0,28500,0,'''Orcas Isl''',0,32500,0,'''Orcas Isl''',0
'20240608',101509,60500,0,'''Orcas Isl''',0,22500,0,'''Orcas Isl''',0,30500,0,'''Orcas Isl''',0,28500,0,'''Orcas Isl''',0,32500,0,'''Orcas Isl''',0
'20240609',101509,60500,0,'''Orcas Isl''',0,22500,0,'''Orcas Isl''',0,30500,0,'''Orcas Isl''',0,61000,0,'''Orcas Isl''',0
'20240610',101509,60500,0,'''Orcas Isl''',0,22500,0,'''Orcas Isl''',0,30500,0,'''Orcas Isl''',0,28500,0,'''Orcas Isl''',0,32500,0,'''Orcas Isl''',0
'20240611',101509,60500,0,'''Orcas Isl''',0,22500,0,'''Orcas Isl''',0,30500,0,'''Orcas Isl''',0,28500,0,'''Orcas Isl''',0,32500,0,'''Orcas Isl''',0
'20240612',101509,60500,0,'''Orcas Isl''',0,22500,0,'''Orcas Isl''',0,30500,0,'''Orcas Isl''',0,28500,0,'''Orcas Isl''',0,32500,0,'''Orcas Isl''',0
'20240613',101509,60500,0,'''Orcas Isl''',0,22500,0,'''Orcas Isl''',0,30500,0,'''Orcas Isl''',0,28500,0,'''Orcas Isl''',0,32500,0,'''Orcas Isl''',0
'20240614',101509,60500,0,'''Orcas Isl''',0,22500,0,'''Orcas Isl''',0,30500,0,'''Orcas Isl''',0,28500,0,'''Orcas Isl''',0,32500,0,'''Orcas Isl''',0
'20240615',101509,60500,0,'''Orcas Isl''',0,22500,0,'''Orcas Isl''',0,30500,0,'''Orcas Isl''',0,28500,0,'''Orcas Isl''',0,32500,0,'''Orcas Isl''',0
'20240402',101809,60500,0,'''Shaw Isl''',0,22500,0,'''Shaw Isl''',0,30500,0,'''Shaw Isl''',0,28500,0,'''Shaw Isl''',0,32500,0,'''Shaw Isl''',0
'20240403',101809,60500,0,'''Shaw Isl''',0,22500,0,'''Shaw Isl''',0,30500,0,'''Shaw Isl''',0,28500,0,'''Shaw Isl''',0,32500,0,'''Shaw Isl''',0
'20240404',101809,60500,0,'''Shaw Isl''',0,22500,0,'''Shaw Isl''',0,30500,0,'''Shaw Isl''',0,28500,0,'''Shaw Isl''',0,32500,0,'''Shaw Isl''',0
'20240405',101809,60500,0,'''Shaw Isl''',0,22500,0,'''Shaw Isl''',0,30500,0,'''Shaw Isl''',0,28500,0,'''Shaw Isl''',0,32500,0,'''Shaw Isl''',0
'20240406',101809,60500,0,'''Shaw Isl''',0,22500,0,'''Shaw Isl''',0,30500,0,'''Shaw Isl''',0,28500,0,'''Shaw Isl''',0,32500,0,'''Shaw Isl''',0
'20240407',101809,60500,0,'''Shaw Isl''',0,22500,0,'''Shaw Isl''',0,30500,0,'''Shaw Isl''',0,61000,0,'''Shaw Isl''',0
'20240408',101809,60500,0,'''Shaw Isl''',0,22500,0,'''Shaw Isl''',0,30500,0,'''Shaw Isl''',0,28500,0,'''Shaw Isl''',0,32500,0,'''Shaw Isl''',0
'20240409',101809,60500,0,'''Shaw Isl''',0,22500,0,'''Shaw Isl''',0,30500,0,'''Shaw Isl''',0,28500,0,'''Shaw Isl''',0,32500,0,'''Shaw Isl''',0
'20240410',101809,60500,0,'''Shaw Isl''',0,22500,0,'''Shaw Isl''',0,30500,0,'''Shaw Isl''',0,28500,0,'''Shaw Isl''',0,32500,0,'''Shaw Isl''',0
'20240411',101809,60500,0,'''Shaw Isl''',0,22500,0,'''Shaw Isl''',0,30500,0,'''Shaw Isl''',0,28500,0,'''Shaw Isl''',0,32500,0,'''Shaw Isl''',0
'20240412',101809,60500,0,'''Shaw Isl''',0,22500,0,'''Shaw Isl''',0,30500,0,'''Shaw Isl''',0,28500,0,'''Shaw Isl''',0,32500,0,'''Shaw Isl''',0
'20240413',101809,60500,0,'''Shaw Isl''',0,22500,0,'''Shaw Isl''',0,30500,0,'''Shaw Isl''',0,28500,0,'''Shaw Isl''',0,32500,0,'''Shaw Isl''',0
'20240414',101809,60500,0,'''Shaw Isl''',0,22500,0,'''Shaw Isl''',0,30500,0,'''Shaw Isl''',0,61000,0,'''Shaw Isl''',0
'20240415',101809,60500,0,'''Shaw Isl''',0,22500,0,'''Shaw Isl''',0,30500,0,'''Shaw Isl''',0,28500,0,'''Shaw Isl''',0,32500,0,'''Shaw Isl''',0
'20240416',101809,60500,0,'''Shaw Isl''',0,22500,0,'''Shaw Isl''',0,30500,0,'''Shaw Isl''',0,28500,0,'''Shaw Isl''',0,32500,0,'''Shaw Isl''',0
'20240417',101809,60500,0,'''Shaw Isl''',0,22500,0,'''Shaw Isl''',0,30500,0,'''Shaw Isl''',0,28500,0,'''Shaw Isl''',0,32500,0,'''Shaw Isl''',0
'20240418',101809,60500,0,'''Shaw Isl''',0,22500,0,'''Shaw Isl''',0,30500,0,'''Shaw Isl''',0,28500,0,'''Shaw Isl''',0,32500,0,'''Shaw Isl''',0
'20240419',101809,60500,0,'''Shaw Isl''',0,22500,0,'''Shaw Isl''',0,30500,0,'''Shaw Isl''',0,28500,0,'''Shaw Isl''',0,32500,0,'''Shaw Isl''',0
'20240420',101809,60500,0,'''Shaw Isl''',0,22500,0,'''Shaw Isl''',0,30500,0,'''Shaw Isl''',0,28500,0,'''Shaw Isl''',0,32500,0,'''Shaw Isl''',0
'20240421',101809,60500,0,'''Shaw Isl''',0,22500,0,'''Shaw Isl''',0,30500,0,'''Shaw Isl''',0,61000,0,'''Shaw Isl''',0
'20240422',101809,60500,0,'''Shaw Isl''',0,22500,0,'''Shaw Isl''',0,30500,0,'''Shaw Isl''',0,28500,0,'''Shaw Isl''',0,32500,0,'''Shaw Isl''',0
'20240423',101809,60500,0,'''Shaw Isl''',0,22500,0,'''Shaw Isl''',0,30500,0,'''Shaw Isl''',0,28500,0,'''Shaw Isl''',0,32500,0,'''Shaw Isl''',0
'20240424',101809,60500,0,'''Shaw Isl''',0,22500,0,'''Shaw Isl''',0,30500,0,'''Shaw Isl''',0,28500,0,'''Shaw Isl''',0,32500,0,'''Shaw Isl''',0
'20240425',101809,60500,0,'''Shaw Isl''',0,22500,0,'''Shaw Isl''',0,30500,0,'''Shaw Isl''',0,28500,0,'''Shaw Isl''',0,32500,0,'''Shaw Isl''',0
'20240426',101809,60500,0,'''Shaw Isl''',0,22500,0,'''Shaw Isl''',0,30500,0,'''Shaw Isl''',0,28500,0,'''Shaw Isl''',0,32500,0,'''Shaw Isl''',0
'20240427',101809,60500,0,'''Shaw Isl''',0,22500,0,'''Shaw Isl''',0,30500,0,'''Shaw Isl''',0,28500,0,'''Shaw Isl''',0,32500,0,'''Shaw Isl''',0
'20240428',101809,60500,0,'''Shaw Isl''',0,22500,0,'''Shaw Isl''',0,30500,0,'''Shaw Isl''',0,61000,0,'''Shaw Isl''',0
'20240429',101809,60500,0,'''Shaw Isl''',0,22500,0,'''Shaw Isl''',0,30500,0,'''Shaw Isl''',0,28500,0,'''Shaw Isl''',0,32500,0,'''Shaw Isl''',0
'20240430',101809,60500,0,'''Shaw Isl''',0,22500,0,'''Shaw Isl''',0,30500,0,'''Shaw Isl''',0,28500,0,'''Shaw Isl''',0,32500,0,'''Shaw Isl''',0
'20240501',101809,60500,0,'''Shaw Isl''',0,22500,0,'''Shaw Isl''',0,30500,0,'''Shaw Isl''',0,28500,0,'''Shaw Isl''',0,32500,0,'''Shaw Isl''',0
'20240502',101809,60500,0,'''Shaw Isl''',0,22500,0,'''Shaw Isl''',0,30500,0,'''Shaw Isl''',0,28500,0,'''Shaw Isl''',0,32500,0,'''Shaw Isl''',0
'20240503',101809,60500,0,'''Shaw Isl''',0,22500,0,'''Shaw Isl''',0,30500,0,'''Shaw Isl''',0,28500,0,'''Shaw Isl''',0,32500,0,'''Shaw Isl''',0
'20240504',101809,60500,0,'''Shaw Isl''',0,22500,0,'''Shaw Isl''',0,30500,0,'''Shaw Isl''',0,28500,0,'''Shaw Isl''',0,32500,0,'''Shaw Isl''',0
'20240505',101809,60500,0,'''Shaw Isl''',0,22500,0,'''Shaw Isl''',0,30500,0,'''Shaw Isl''',0,61000,0,'''Shaw Isl''',0
'20240506',101809,60500,0,'''Shaw Isl''',0,22500,0,'''Shaw Isl''',0,30500,0,'''Shaw Isl''',0,28500,0,'''Shaw Isl''',0,32500,0,'''Shaw Isl''',0
'20240507',101809,60500,0,'''Shaw Isl''',0,22500,0,'''Shaw Isl''',0,30500,0,'''Shaw Isl''',0,28500,0,'''Shaw Isl''',0,32500,0,'''Shaw Isl''',0
'20240508',101809,60500,0,'''Shaw Isl''',0,22500,0,'''Shaw Isl''',0,30500,0,'''Shaw Isl''',0,28500,0,'''Shaw Isl''',0,32500,0,'''Shaw Isl''',0
'20240509',101809,60500,0,'''Shaw Isl''',0,22500,0,'''Shaw Isl''',0,30500,0,'''Shaw Isl''',0,28500,0,'''Shaw Isl''',0,32500,0,'''Shaw Isl''',0
'20240510',101809,60500,0,'''Shaw Isl''',0,22500,0,'''Shaw Isl''',0,30500,0,'''Shaw Isl''',0,28500,0,'''Shaw Isl''',0,32500,0,'''Shaw Isl''',0
'20240511',101809,60500,0,'''Shaw Isl''',0,22500,0,'''Shaw Isl''',0,30500,0,'''Shaw Isl''',0,28500,0,'''Shaw Isl''',0,32500,0,'''Shaw Isl''',0
'20240512',101809,60500,0,'''Shaw Isl''',0,22500,0,'''Shaw Isl''',0,30500,0,'''Shaw Isl''',0,61000,0,'''Shaw Isl''',0
'20240513',101809,60500,0,'''Shaw Isl''',0,22500,0,'''Shaw Isl''',0,30500,0,'''Shaw Isl''',0,28500,0,'''Shaw Isl''',0,32500,0,'''Shaw Isl''',0
'20240514',101809,60500,0,'''Shaw Isl''',0,22500,0,'''Shaw Isl''',0,30500,0,'''Shaw Isl''',0,28500,0,'''Shaw Isl''',0,32500,0,'''Shaw Isl''',0
'20240515',101809,60500,0,'''Shaw Isl''',0,22500,0,'''Shaw Isl''',0,30500,0,'''Shaw Isl''',0,28500,0,'''Shaw Isl''',0,32500,0,'''Shaw Isl''',0
'20240516',101809,60500,0,'''Shaw Isl''',0,22500,0,'''Shaw Isl''',0,30500,0,'''Shaw Isl''',0,28500,0,'''Shaw Isl''',0,32500,0,'''Shaw Isl''',0
'20240517',101809,60500,0,'''Shaw Isl''',0,22500,0,'''Shaw Isl''',0,30500,0,'''Shaw Isl''',0,28500,0,'''Shaw Isl''',0,32500,0,'''Shaw Isl''',0
'20240518',101809,60500,0,'''Shaw Isl''',0,22500,0,'''Shaw Isl''',0,30500,0,'''Shaw Isl''',0,28500,0,'''Shaw Isl''',0,32500,0,'''Shaw Isl''',0
'20240519',101809,60500,0,'''Shaw Isl''',0,22500,0,'''Shaw Isl''',0,30500,0,'''Shaw Isl''',0,61000,0,'''Shaw Isl''',0
'20240520',101809,60500,0,'''Shaw Isl''',0,22500,0,'''Shaw Isl''',0,30500,0,'''Shaw Isl''',0,28500,0,'''Shaw Isl''',0,32500,0,'''Shaw Isl''',0
'20240521',101809,60500,0,'''Shaw Isl''',0,22500,0,'''Shaw Isl''',0,30500,0,'''Shaw Isl''',0,28500,0,'''Shaw Isl''',0,32500,0,'''Shaw Isl''',0
'20240522',101809,60500,0,'''Shaw Isl''',0,22500,0,'''Shaw Isl''',0,30500,0,'''Shaw Isl''',0,28500,0,'''Shaw Isl''',0,32500,0,'''Shaw Isl''',0
'20240523',101809,60500,0,'''Shaw Isl''',0,22500,0,'''Shaw Isl''',0,30500,0,'''Shaw Isl''',0,28500,0,'''Shaw Isl''',0,32500,0,'''Shaw Isl''',0
'20240524',101809,60500,0,'''Shaw Isl''',0,22500,0,'''Shaw Isl''',0,30500,0,'''Shaw Isl''',0,28500,0,'''Shaw Isl''',0,32500,0,'''Shaw Isl''',0
'20240525',101809,60500,0,'''Shaw Isl''',0,22500,0,'''Shaw Isl''',0,30500,0,'''Shaw Isl''',0,28500,0,'''Shaw Isl''',0,32500,0,'''Shaw Isl''',0
'20240526',101809,60500,0,'''Shaw Isl''',0,22500,0,'''Shaw Isl''',0,30500,0,'''Shaw Isl''',0,61000,0,'''Shaw Isl''',0
'20240527',101809,60500,0,'''Shaw Isl''',0,22500,0,'''Shaw Isl''',0,30500,0,'''Shaw Isl''',0,61000,0,'''Shaw Isl''',0
'20240528',101809,60500,0,'''Shaw Isl''',0,22500,0,'''Shaw Isl''',0,30500,0,'''Shaw Isl''',0,28500,0,'''Shaw Isl''',0,32500,0,'''Shaw Isl''',0
'20240529',101809,60500,0,'''Shaw Isl''',0,22500,0,'''Shaw Isl''',0,30500,0,'''Shaw Isl''',0,28500,0,'''Shaw Isl''',0,32500,0,'''Shaw Isl''',0
'20240530',101809,60500,0,'''Shaw Isl''',0,22500,0,'''Shaw Isl''',0,30500,0,'''Shaw Isl''',0,28500,0,'''Shaw Isl''',0,32500,0,'''Shaw Isl''',0
'20240531',101809,60500,0,'''Shaw Isl''',0,22500,0,'''Shaw Isl''',0,30500,0,'''Shaw Isl''',0,28500,0,'''Shaw Isl''',0,32500,0,'''Shaw Isl''',0
'20240601',101809,60500,0,'''Shaw Isl''',0,22500,0,'''Shaw Isl''',0,30500,0,'''Shaw Isl''',0,28500,0,'''Shaw Isl''',0,32500,0,'''Shaw Isl''',0
'20240602',101809,60500,0,'''Shaw Isl''',0,22500,0,'''Shaw Isl''',0,30500,0,'''Shaw Isl''',0,61000,0,'''Shaw Isl''',0
'20240603',101809,60500,0,'''Shaw Isl''',0,22500,0,'''Shaw Isl''',0,30500,0,'''Shaw Isl''',0,28500,0,'''Shaw Isl''',0,32500,0,'''Shaw Isl''',0
'20240604',101809,60500,0,'''Shaw Isl''',0,22500,0,'''Shaw Isl''',0,30500,0,'''Shaw Isl''',0,28500,0,'''Shaw Isl''',0,32500,0,'''Shaw Isl''',0
'20240605',101809,60500,0,'''Shaw Isl''',0,22500,0,'''Shaw Isl''',0,30500,0,'''Shaw Isl''',0,28500,0,'''Shaw Isl''',0,32500,0,'''Shaw Isl''',0
'20240606',101809,60500,0,'''Shaw Isl''',0,22500,0,'''Shaw Isl''',0,30500,0,'''Shaw Isl''',0,28500,0,'''Shaw Isl''',0,32500,0,'''Shaw Isl''',0
'20240607',101809,60500,0,'''Shaw Isl''',0,22500,0,'''Shaw Isl''',0,30500,0,'''Shaw Isl''',0,28500,0,'''Shaw Isl''',0,32500,0,'''Shaw Isl''',0
'20240608',101809,60500,0,'''Shaw Isl''',0,22500,0,'''Shaw Isl''',0,30500,0,'''Shaw Isl''',0,28500,0,'''Shaw Isl''',0,32500,0,'''Shaw Isl''',0
'20240609',101809,60500,0,'''Shaw Isl''',0,22500,0,'''Shaw Isl''',0,30500,0,'''Shaw Isl''',0,61000,0,'''Shaw Isl''',0
'20240610',101809,60500,0,'''Shaw Isl''',0,22500,0,'''Shaw Isl''',0,30500,0,'''Shaw Isl''',0,28500,0,'''Shaw Isl''',0,32500,0,'''Shaw Isl''',0
'20240611',101809,60500,0,'''Shaw Isl''',0,22500,0,'''Shaw Isl''',0,30500,0,'''Shaw Isl''',0,28500,0,'''Shaw Isl''',0,32500,0,'''Shaw Isl''',0
'20240612',101809,60500,0,'''Shaw Isl''',0,22500,0,'''Shaw Isl''',0,30500,0,'''Shaw Isl''',0,28500,0,'''Shaw Isl''',0,32500,0,'''Shaw Isl''',0
'20240613',101809,60500,0,'''Shaw Isl''',0,22500,0,'''Shaw Isl''',0,30500,0,'''Shaw Isl''',0,28500,0,'''Shaw Isl''',0,32500,0,'''Shaw Isl''',0
'20240614',101809,60500,0,'''Shaw Isl''',0,22500,0,'''Shaw Isl''',0,30500,0,'''Shaw Isl''',0,28500,0,'''Shaw Isl''',0,32500,0,'''Shaw Isl''',0
'20240615',101809,60500,0,'''Shaw Isl''',0,22500,0,'''Shaw Isl''',0,30500,0,'''Shaw Isl''',0,28500,0,'''Shaw Isl''',0,32500,0,'''Shaw Isl''',0
'20240402',131009,74000,4,'',0,7500,4,'',0,30000,4,'',0,20500,4,'',0,8000,4,'',0,31000,4,'',0,4000,4,'',0,17000,4,'',0,12500,4,'',0,10000,4,'',0
'20240403',131009,74000,4,'',0,7500,4,'',0,30000,4,'',0,20500,4,'',0,8000,4,'',0,31000,4,'',0,4000,4,'',0,17000,4,'',0,12500,4,'',0,10000,4,'',0
'20240404',131009,74000,4,'',0,7500,4,'',0,30000,4,'',0,20500,4,'',0,8000,4,'',0,31000,4,'',0,4000,4,'',0,17000,4,'',0,12500,4,'',0,10000,4,'',0
'20240405',131009,74000,4,'',0,7500,4,'',0,30000,4,'',0,20500,4,'',0,8000,4,'',0,31000,4,'',0,4000,4,'',0,17000,4,'',0,12500,4,'',0,10000,4,'',0,39000,4,'',0
'20240406',131009,74000,4,'',0,7500,4,'',0,30000,4,'',0,20500,4,'',0,8000,4,'',0,31000,4,'',0,4000,4,'',0,17000,4,'',0,12500,4,'',0,10000,4,'',0
'20240407',131009,74000,4,'',0,7500,4,'',0,30000,4,'',0,20500,4,'',0,8000,4,'',0,35000,4,'',0,17000,4,'',0,12500,4,'',0,10000,4,'',0
'20240408',131009,74000,4,'',0,7500,4,'',0,30000,4,'',0,20500,4,'',0,8000,4,'',0,31000,4,'',0,4000,4,'',0,17000,4,'',0,12500,4,'',0,10000,4,'',0
'20240409',131009,74000,4,'',0,7500,4,'',0,30000,4,'',0,20500,4,'',0,8000,4,'',0,31000,4,'',0,4000,4,'',0,17000,4,'',0,12500,4,'',0,10000,4,'',0
'20240410',131009,74000,4,'',0,7500,4,'',0,30000,4,'',0,20500,4,'',0,8000,4,'',0,31000,4,'',0,4000,4,'',0,17000,4,'',0,12500,4,'',0,10000,4,'',0
'20240411',131009,74000,4,'',0,7500,4,'',0,30000,4,'',0,20500,4,'',0,8000,4,'',0,31000,4,'',0,4000,4,'',0,17000,4,'',0,12500,4,'',0,10000,4,'',0
'20240412',131009,74000,4,'',0,7500,4,'',0,30000,4,'',0,20500,4,'',0,8000,4,'',0,31000,4,'',0,4000,4,'',0,17000,4,'',0,12500,4,'',0,10000,4,'',0,39000,4,'',0
'20240413',131009,74000,4,'',0,7500,4,'',0,30000,4,'',0,20500,4,'',0,8000,4,'',0,31000,4,'',0,4000,4,'',0,17000,4,'',0,12500,4,'',0,10000,4,'',0
'20240414',131009,74000,4,'',0,7500,4,'',0,30000,4,'',0,20500,4,'',0,8000,4,'',0,35000,4,'',0,17000,4,'',0,12500,4,'',0,10000,4,'',0
'20240415',131009,74000,4,'',0,7500,4,'',0,30000,4,'',0,20500,4,'',0,8000,4,'',0,31000,4,'',0,4000,4,'',0,17000,4,'',0,12500,4,'',0,10000,4,'',0
'20240416',131009,74000,4,'',0,7500,4,'',0,30000,4,'',0,20500,4,'',0,8000,4,'',0,31000,4,'',0,4000,4,'',0,17000,4,'',0,12500,4,'',0,10000,4,'',0
'20240417',131009,74000,4,'',0,7500,4,'',0,30000,4,'',0,20500,4,'',0,8000,4,'',0,31000,4,'',0,4000,4,'',0,17000,4,'',0,12500,4,'',0,10000,4,'',0
'20240418',131009,74000,4,'',0,7500,4,'',0,30000,4,'',0,20500,4,'',0,8000,4,'',0,31000,4,'',0,4000,4,'',0,17000,4,'',0,12500,4,'',0,10000,4,'',0
'20240419',131009,74000,4,'',0,7500,4,'',0,30000,4,'',0,20500,4,'',0,8000,4,'',0,31000,4,'',0,4000,4,'',0,17000,4,'',0,12500,4,'',0,10000,4,'',0,39000,4,'',0
'20240420',131009,74000,4,'',0,7500,4,'',0,30000,4,'',0,20500,4,'',0,8000,4,'',0,31000,4,'',0,4000,4,'',0,17000,4,'',0,12500,4,'',0,10000,4,'',0
'20240421',131009,74000,4,'',0,7500,4,'',0,30000,4,'',0,20500,4,'',0,8000,4,'',0,35000,4,'',0,17000,4,'',0,12500,4,'',0,10000,4,'',0
'20240422',131009,74000,4,'',0,7500,4,'',0,30000,4,'',0,20500,4,'',0,8000,4,'',0,31000,4,'',0,4000,4,'',0,17000,4,'',0,12500,4,'',0,10000,4,'',0
'20240423',131009,74000,4,'',0,7500,4,'',0,30000,4,'',0,20500,4,'',0,8000,4,'',0,31000,4,'',0,4000,4,'',0,17000,4,'',0,12500,4,'',0,10000,4,'',0
'20240424',131009,74000,4,'',0,7500,4,'',0,30000,4,'',0,20500,4,'',0,8000,4,'',0,31000,4,'',0,4000,4,'',0,17000,4,'',0,12500,4,'',0,10000,4,'',0
'20240425',131009,74000,4,'',0,7500,4,'',0,30000,4,'',0,20500,4,'',0,8000,4,'',0,31000,4,'',0,4000,4,'',0,17000,4,'',0,12500,4,'',0,10000,4,'',0
'20240426',131009,74000,4,'',0,7500,4,'',0,30000,4,'',0,20500,4,'',0,8000,4,'',0,31000,4,'',0,4000,4,'',0,17000,4,'',0,12500,4,'',0,10000,4,'',0,39000,4,'',0
'20240427',131009,74000,4,'',0,7500,4,'',0,30000,4,'',0,20500,4,'',0,8000,4,'',0,31000,4,'',0,4000,4,'',0,17000,4,'',0,12500,4,'',0,10000,4,'',0
'20240428',131009,74000,4,'',0,7500,4,'',0,30000,4,'',0,20500,4,'',0,8000,4,'',0,35000,4,'',0,17000,4,'',0,12500,4,'',0,10000,4,'',0
'20240429',131009,74000,4,'',0,7500,4,'',0,30000,4,'',0,20500,4,'',0,8000,4,'',0,31000,4,'',0,4000,4,'',0,17000,4,'',0,12500,4,'',0,10000,4,'',0
'20240430',131009,74000,4,'',0,7500,4,'',0,30000,4,'',0,20500,4,'',0,8000,4,'',0,31000,4,'',0,4000,4,'',0,17000,4,'',0,12500,4,'',0,10000,4,'',0
'20240501',131009,74000,4,'',0,7500,4,'',0,30000,4,'',0,20500,4,'',0,8000,4,'',0,31000,4,'',0,4000,4,'',0,17000,4,'',0,12500,4,'',0,10000,4,'',0
'20240502',131009,74000,4,'',0,7500,4,'',0,30000,4,'',0,20500,4,'',0,8000,4,'',0,31000,4,'',0,4000,4,'',0,17000,4,'',0,12500,4,'',0,10000,4,'',0
'20240503',131009,74000,4,'',0,7500,4,'',0,30000,4,'',0,20500,4,'',0,8000,4,'',0,31000,4,'',0,4000,4,'',0,17000,4,'',0,12500,4,'',0,10000,4,'',0,39000,4,'',0
'20240504',131009,74000,4,'',0,7500,4,'',0,30000,4,'',0,20500,4,'',0,8000,4,'',0,31000,4,'',0,4000,4,'',0,17000,4,'',0,12500,4,'',0,10000,4,'',0
'20240505',131009,74000,4,'',0,7500,4,'',0,30000,4,'',0,20500,4,'',0,8000,4,'',0,35000,4,'',0,17000,4,'',0,12500,4,'',0,10000,4,'',0
'20240506',131009,74000,4,'',0,7500,4,'',0,30000,4,'',0,20500,4,'',0,8000,4,'',0,31000,4,'',0,4000,4,'',0,17000,4,'',0,12500,4,'',0,10000,4,'',0
'20240507',131009,74000,4,'',0,7500,4,'',0,30000,4,'',0,20500,4,'',0,8000,4,'',0,31000,4,'',0,4000,4,'',0,17000,4,'',0,12500,4,'',0,10000,4,'',0
'20240508',131009,74000,4,'',0,7500,4,'',0,30000,4,'',0,20500,4,'',0,8000,4,'',0,31000,4,'',0,4000,4,'',0,17000,4,'',0,12500,4,'',0,10000,4,'',0
'20240509',131009,74000,4,'',0,7500,4,'',0,30000,4,'',0,20500,4,'',0,8000,4,'',0,31000,4,'',0,4000,4,'',0,17000,4,'',0,12500,4,'',0,10000,4,'',0
'20240510',131009,74000,4,'',0,7500,4,'',0,30000,4,'',0,20500,4,'',0,8000,4,'',0,31000,4,'',0,4000,4,'',0,17000,4,'',0,12500,4,'',0,10000,4,'',0,39000,4,'',0
'20240511',131009,74000,4,'',0,7500,4,'',0,30000,4,'',0,20500,4,'',0,8000,4,'',0,31000,4,'',0,4000,4,'',0,17000,4,'',0,12500,4,'',0,10000,4,'',0
'20240512',131009,74000,4,'',0,7500,4,'',0,30000,4,'',0,20500,4,'',0,8000,4,'',0,35000,4,'',0,17000,4,'',0,12500,4,'',0,10000,4,'',0
'20240513',131009,74000,4,'',0,7500,4,'',0,30000,4,'',0,20500,4,'',0,8000,4,'',0,31000,4,'',0,4000,4,'',0,17000,4,'',0,12500,4,'',0,10000,4,'',0
'20240514',131009,74000,4,'',0,7500,4,'',0,30000,4,'',0,20500,4,'',0,8000,4,'',0,31000,4,'',0,4000,4,'',0,17000,4,'',0,12500,4,'',0,10000,4,'',0
'20240515',131009,74000,4,'',0,7500,4,'',0,30000,4,'',0,20500,4,'',0,8000,4,'',0,31000,4,'',0,4000,4,'',0,17000,4,'',0,12500,4,'',0,10000,4,'',0
'20240516',131009,74000,4,'',0,7500,4,'',0,30000,4,'',0,20500,4,'',0,8000,4,'',0,31000,4,'',0,4000,4,'',0,17000,4,'',0,12500,4,'',0,10000,4,'',0
'20240517',131009,74000,4,'',0,7500,4,'',0,30000,4,'',0,20500,4,'',0,8000,4,'',0,31000,4,'',0,4000,4,'',0,17000,4,'',0,12500,4,'',0,10000,4,'',0,39000,4,'',0
'20240518',131009,74000,4,'',0,7500,4,'',0,30000,4,'',0,20500,4,'',0,8000,4,'',0,31000,4,'',0,4000,4,'',0,17000,4,'',0,12500,4,'',0,10000,4,'',0
'20240519',131009,74000,4,'',0,7500,4,'',0,30000,4,'',0,20500,4,'',0,8000,4,'',0,35000,4,'',0,17000,4,'',0,12500,4,'',0,10000,4,'',0
'20240520',131009,74000,4,'',0,7500,4,'',0,30000,4,'',0,20500,4,'',0,8000,4,'',0,31000,4,'',0,4000,4,'',0,17000,4,'',0,12500,4,'',0,10000,4,'',0
'20240521',131009,74000,4,'',0,7500,4,'',0,30000,4,'',0,20500,4,'',0,8000,4,'',0,31000,4,'',0,4000,4,'',0,17000,4,'',0,12500,4,'',0,10000,4,'',0
'20240522',131009,74000,4,'',0,7500,4,'',0,30000,4,'',0,20500,4,'',0,8000,4,'',0,31000,4,'',0,4000,4,'',0,17000,4,'',0,12500,4,'',0,10000,4,'',0
'20240523',131009,74000,4,'',0,7500,4,'',0,30000,4,'',0,20500,4,'',0,8000,4,'',0,31000,4,'',0,4000,4,'',0,17000,4,'',0,12500,4,'',0,10000,4,'',0
'20240524',131009,74000,4,'',0,7500,4,'',0,30000,4,'',0,20500,4,'',0,8000,4,'',0,31000,4,'',0,4000,4,'',0,17000,4,'',0,12500,4,'',0,10000,4,'',0,39000,4,'',0
'20240525',131009,74000,4,'',0,7500,4,'',0,30000,4,'',0,20500,4,'',0,8000,4,'',0,31000,4,'',0,4000,4,'',0,17000,4,'',0,12500,4,'',0,10000,4,'',0
'20240526',131009,74000,4,'',0,7500,4,'',0,30000,4,'',0,20500,4,'',0,8000,4,'',0,35000,4,'',0,17000,4,'',0,12500,4,'',0,10000,4,'',0
'20240527',131009,74000,4,'',0,7500,4,'',0,30000,4,'',0,20500,4,'',0,8000,4,'',0,35000,4,'',0,17000,4,'',0,12500,4,'',0,10000,4,'',0
'20240528',131009,74000,4,'',0,7500,4,'',0,30000,4,'',0,20500,4,'',0,8000,4,'',0,31000,4,'',0,4000,4,'',0,17000,4,'',0,12500,4,'',0,10000,4,'',0
'20240529',131009,74000,4,'',0,7500,4,'',0,30000,4,'',0,20500,4,'',0,8000,4,'',0,31000,4,'',0,4000,4,'',0,17000,4,'',0,12500,4,'',0,10000,4,'',0
'20240530',131009,74000,4,'',0,7500,4,'',0,30000,4,'',0,20500,4,'',0,8000,4,'',0,31000,4,'',0,4000,4,'',0,17000,4,'',0,12500,4,'',0,10000,4,'',0
'20240531',131009,74000,4,'',0,7500,4,'',0,30000,4,'',0,20500,4,'',0,8000,4,'',0,31000,4,'',0,4000,4,'',0,17000,4,'',0,12500,4,'',0,10000,4,'',0,39000,4,'',0
'20240601',131009,74000,4,'',0,7500,4,'',0,30000,4,'',0,20500,4,'',0,8000,4,'',0,31000,4,'',0,4000,4,'',0,17000,4,'',0,12500,4,'',0,10000,4,'',0
'20240602',131009,74000,4,'',0,7500,4,'',0,30000,4,'',0,20500,4,'',0,8000,4,'',0,35000,4,'',0,17000,4,'',0,12500,4,'',0,10000,4,'',0
'20240603',131009,74000,4,'',0,7500,4,'',0,30000,4,'',0,20500,4,'',0,8000,4,'',0,31000,4,'',0,4000,4,'',0,17000,4,'',0,12500,4,'',0,10000,4,'',0
'20240604',131009,74000,4,'',0,7500,4,'',0,30000,4,'',0,20500,4,'',0,8000,4,'',0,31000,4,'',0,4000,4,'',0,17000,4,'',0,12500,4,'',0,10000,4,'',0
'20240605',131009,74000,4,'',0,7500,4,'',0,30000,4,'',0,20500,4,'',0,8000,4,'',0,31000,4,'',0,4000,4,'',0,17000,4,'',0,12500,4,'',0,10000,4,'',0
'20240606',131009,74000,4,'',0,7500,4,'',0,30000,4,'',0,20500,4,'',0,8000,4,'',0,31000,4,'',0,4000,4,'',0,17000,4,'',0,12500,4,'',0,10000,4,'',0
'20240607',131009,74000,4,'',0,7500,4,'',0,30000,4,'',0,20500,4,'',0,8000,4,'',0,31000,4,'',0,4000,4,'',0,17000,4,'',0,12500,4,'',0,10000,4,'',0,39000,4,'',0
'20240608',131009,74000,4,'',0,7500,4,'',0,30000,4,'',0,20500,4,'',0,8000,4,'',0,31000,4,'',0,4000,4,'',0,17000,4,'',0,12500,4,'',0,10000,4,'',0
'20240609',131009,74000,4,'',0,7500,4,'',0,30000,4,'',0,20500,4,'',0,8000,4,'',0,35000,4,'',0,17000,4,'',0,12500,4,'',0,10000,4,'',0
'20240610',131009,74000,4,'',0,7500,4,'',0,30000,4,'',0,20500,4,'',0,8000,4,'',0,31000,4,'',0,4000,4,'',0,17000,4,'',0,12500,4,'',0,10000,4,'',0
'20240611',131009,74000,4,'',0,7500,4,'',0,30000,4,'',0,20500,4,'',0,8000,4,'',0,31000,4,'',0,4000,4,'',0,17000,4,'',0,12500,4,'',0,10000,4,'',0
'20240612',131009,74000,4,'',0,7500,4,'',0,30000,4,'',0,20500,4,'',0,8000,4,'',0,31000,4,'',0,4000,4,'',0,17000,4,'',0,12500,4,'',0,10000,4,'',0
'20240613',131009,74000,4,'',0,7500,4,'',0,30000,4,'',0,20500,4,'',0,8000,4,'',0,31000,4,'',0,4000,4,'',0,17000,4,'',0,12500,4,'',0,10000,4,'',0
'20240614',131009,74000,4,'',0,7500,4,'',0,30000,4,'',0,20500,4,'',0,8000,4,'',0,31000,4,'',0,4000,4,'',0,17000,4,'',0,12500,4,'',0,10000,4,'',0,39000,4,'',0
'20240615',131009,74000,4,'',0,7500,4,'',0,30000,4,'',0,20500,4,'',0,8000,4,'',0,31000,4,'',0,4000,4,'',0,17000,4,'',0,12500,4,'',0,10000,4,'',0
'20240402',151009,81500,4,'',0,30000,4,'',0,28500,4,'',0,31000,4,'',0,33500,4,'',0
'20240403',151009,81500,4,'',0,30000,4,'',0,28500,4,'',0,31000,4,'',0,33500,4,'',0
'20240404',151009,81500,4,'',0,30000,4,'',0,28500,4,'',0,31000,4,'',0,33500,4,'',0
'20240405',151009,81500,4,'',0,30000,4,'',0,28500,4,'',0,31000,4,'',0,33500,4,'',0,49000,4,'',0
'20240406',151009,81500,4,'',0,30000,4,'',0,28500,4,'',0,31000,4,'',0,33500,4,'',0
'20240407',151009,81500,4,'',0,30000,4,'',0,28500,4,'',0,64500,4,'',0
'20240408',151009,81500,4,'',0,30000,4,'',0,28500,4,'',0,31000,4,'',0,33500,4,'',0
'20240409',151009,81500,4,'',0,30000,4,'',0,28500,4,'',0,31000,4,'',0,33500,4,'',0
'20240410',151009,81500,4,'',0,30000,4,'',0,28500,4,'',0,31000,4,'',0,33500,4,'',0
'20240411',151009,81500,4,'',0,30000,4,'',0,28500,4,'',0,31000,4,'',0,33500,4,'',0
'20240412',151009,81500,4,'',0,30000,4,'',0,28500,4,'',0,31000,4,'',0,33500,4,'',0,49000,4,'',0
'20240413',151009,81500,4,'',0,30000,4,'',0,28500,4,'',0,31000,4,'',0,33500,4,'',0
'20240414',151009,81500,4,'',0,30000,4,'',0,28500,4,'',0,64500,4,'',0
'20240415',151009,81500,4,'',0,30000,4,'',0,28500,4,'',0,31000,4,'',0,33500,4,'',0
'20240416',151009,81500,4,'',0,30000,4,'',0,28500,4,'',0,31000,4,'',0,33500,4,'',0
'20240417',151009,81500,4,'',0,30000,4,'',0,28500,4,'',0,31000,4,'',0,33500,4,'',0
'20240418',151009,81500,4,'',0,30000,4,'',0,28500,4,'',0,31000,4,'',0,33500,4,'',0
'20240419',151009,81500,4,'',0,30000,4,'',0,28500,4,'',0,31000,4,'',0,33500,4,'',0,49000,4,'',0
'20240420',151009,81500,4,'',0,30000,4,'',0,28500,4,'',0,31000,4,'',0,33500,4,'',0
'20240421',151009,81500,4,'',0,30000,4,'',0,28500,4,'',0,64500,4,'',0
'20240422',151009,81500,4,'',0,30000,4,'',0,28500,4,'',0,31000,4,'',0,33500,4,'',0
'20240423',151009,81500,4,'',0,30000,4,'',0,28500,4,'',0,31000,4,'',0,33500,4,'',0
'20240424',151009,81500,4,'',0,30000,4,'',0,28500,4,'',0,31000,4,'',0,33500,4,'',0
'20240425',151009,81500,4,'',0,30000,4,'',0,28500,4,'',0,31000,4,'',0,33500,4,'',0
'20240426',151009,81500,4,'',0,30000,4,'',0,28500,4,'',0,31000,4,'',0,33500,4,'',0,49000,4,'',0
'20240427',151009,81500,4,'',0,30000,4,'',0,28500,4,'',0,31000,4,'',0,33500,4,'',0
'20240428',151009,81500,4,'',0,30000,4,'',0,28500,4,'',0,64500,4,'',0
'20240429',151009,81500,4,'',0,30000,4,'',0,28500,4,'',0,31000,4,'',0,33500,4,'',0
'20240430',151009,81500,4,'',0,30000,4,'',0,28500,4,'',0,31000,4,'',0,33500,4,'',0
'20240501',151009,81500,4,'',0,30000,4,'',0,28500,4,'',0,31000,4,'',0,33500,4,'',0
'20240502',151009,81500,4,'',0,30000,4,'',0,28500,4,'',0,31000,4,'',0,33500,4,'',0
'20240503',151009,81500,4,'',0,30000,4,'',0,28500,4,'',0,31000,4,'',0,33500,4,'',0,49000,4,'',0
'20240504',151009,81500,4,'',0,30000,4,'',0,28500,4,'',0,31000,4,'',0,33500,4,'',0
'20240505',151009,81500,4,'',0,30000,4,'',0,28500,4,'',0,64500,4,'',0
'20240506',151009,81500,4,'',0,30000,4,'',0,28500,4,'',0,31000,4,'',0,33500,4,'',0
'20240507',151009,81500,4,'',0,30000,4,'',0,28500,4,'',0,31000,4,'',0,33500,4,'',0
'20240508',151009,81500,4,'',0,30000,4,'',0,28500,4,'',0,31000,4,'',0,33500,4,'',0
'20240509',151009,81500,4,'',0,30000,4,'',0,28500,4,'',0,31000,4,'',0,33500,4,'',0
'20240510',151009,81500,4,'',0,30000,4,'',0,28500,4,'',0,31000,4,'',0,33500,4,'',0,49000,4,'',0
'20240511',151009,81500,4,'',0,30000,4,'',0,28500,4,'',0,31000,4,'',0,33500,4,'',0
'20240512',151009,81500,4,'',0,30000,4,'',0,28500,4,'',0,64500,4,'',0
'20240513',151009,81500,4,'',0,30000,4,'',0,28500,4,'',0,31000,4,'',0,33500,4,'',0
'20240514',151009,81500,4,'',0,30000,4,'',0,28500,4,'',0,31000,4,'',0,33500,4,'',0
'20240515',151009,81500,4,'',0,30000,4,'',0,28500,4,'',0,31000,4,'',0,33500,4,'',0
'20240516',151009,81500,4,'',0,30000,4,'',0,28500,4,'',0,31000,4,'',0,33500,4,'',0
'20240517',151009,81500,4,'',0,30000,4,'',0,28500,4,'',0,31000,4,'',0,33500,4,'',0,49000,4,'',0
'20240518',151009,81500,4,'',0,30000,4,'',0,28500,4,'',0,31000,4,'',0,33500,4,'',0
'20240519',151009,81500,4,'',0,30000,4,'',0,28500,4,'',0,64500,4,'',0
'20240520',151009,81500,4,'',0,30000,4,'',0,28500,4,'',0,31000,4,'',0,33500,4,'',0
'20240521',151009,81500,4,'',0,30000,4,'',0,28500,4,'',0,31000,4,'',0,33500,4,'',0
'20240522',151009,81500,4,'',0,30000,4,'',0,28500,4,'',0,31000,4,'',0,33500,4,'',0
'20240523',151009,81500,4,'',0,30000,4,'',0,28500,4,'',0,31000,4,'',0,33500,4,'',0
'20240524',151009,81500,4,'',0,30000,4,'',0,28500,4,'',0,31000,4,'',0,33500,4,'',0,49000,4,'',0
'20240525',151009,81500,4,'',0,30000,4,'',0,28500,4,'',0,31000,4,'',0,33500,4,'',0
'20240526',151009,81500,4,'',0,30000,4,'',0,28500,4,'',0,64500,4,'',0
'20240527',151009,81500,4,'',0,30000,4,'',0,28500,4,'',0,64500,4,'',0
'20240528',151009,81500,4,'',0,30000,4,'',0,28500,4,'',0,31000,4,'',0,33500,4,'',0
'20240529',151009,81500,4,'',0,30000,4,'',0,28500,4,'',0,31000,4,'',0,33500,4,'',0
'20240530',151009,81500,4,'',0,30000,4,'',0,28500,4,'',0,31000,4,'',0,33500,4,'',0
'20240531',151009,81500,4,'',0,30000,4,'',0,28500,4,'',0,31000,4,'',0,33500,4,'',0,49000,4,'',0
'20240601',151009,81500,4,'',0,30000,4,'',0,28500,4,'',0,31000,4,'',0,33500,4,'',0
'20240602',151009,81500,4,'',0,30000,4,'',0,28500,4,'',0,64500,4,'',0
'20240603',151009,81500,4,'',0,30000,4,'',0,28500,4,'',0,31000,4,'',0,33500,4,'',0
'20240604',151009,81500,4,'',0,30000,4,'',0,28500,4,'',0,31000,4,'',0,33500,4,'',0
'20240605',151009,81500,4,'',0,30000,4,'',0,28500,4,'',0,31000,4,'',0,33500,4,'',0
'20240606',151009,81500,4,'',0,30000,4,'',0,28500,4,'',0,31000,4,'',0,33500,4,'',0
'20240607',151009,81500,4,'',0,30000,4,'',0,28500,4,'',0,31000,4,'',0,33500,4,'',0,49000,4,'',0
'20240608',151009,81500,4,'',0,30000,4,'',0,28500,4,'',0,31000,4,'',0,33500,4,'',0
'20240609',151009,81500,4,'',0,30000,4,'',0,28500,4,'',0,64500,4,'',0
'20240610',151009,81500,4,'',0,30000,4,'',0,28500,4,'',0,31000,4,'',0,33500,4,'',0
'20240611',151009,81500,4,'',0,30000,4,'',0,28500,4,'',0,31000,4,'',0,33500,4,'',0
'20240612',151009,81500,4,'',0,30000,4,'',0,28500,4,'',0,31000,4,'',0,33500,4,'',0
'20240613',151009,81500,4,'',0,30000,4,'',0,28500,4,'',0,31000,4,'',0,33500,4,'',0
'20240614',151009,81500,4,'',0,30000,4,'',0,28500,4,'',0,31000,4,'',0,33500,4,'',0,49000,4,'',0
'20240615',151009,81500,4,'',0,30000,4,'',0,28500,4,'',0,31000,4,'',0,33500,4,'',0
'20240402',181009,81500,4,'',0,30000,4,'',0,28500,4,'',0,31000,4,'',0,33500,4,'',0
'20240403',181009,81500,4,'',0,30000,4,'',0,28500,4,'',0,31000,4,'',0,33500,4,'',0
'20240404',181009,81500,4,'',0,30000,4,'',0,28500,4,'',0,31000,4,'',0,33500,4,'',0
'20240405',181009,81500,4,'',0,30000,4,'',0,28500,4,'',0,31000,4,'',0,33500,4,'',0
'20240406',181009,81500,4,'',0,30000,4,'',0,28500,4,'',0,31000,4,'',0,33500,4,'',0
'20240407',181009,81500,4,'',0,30000,4,'',0,28500,4,'',0,64500,4,'',0
'20240408',181009,81500,4,'',0,30000,4,'',0,28500,4,'',0,31000,4,'',0,33500,4,'',0
'20240409',181009,81500,4,'',0,30000,4,'',0,28500,4,'',0,31000,4,'',0,33500,4,'',0
'20240410',181009,81500,4,'',0,30000,4,'',0,28500,4,'',0,31000,4,'',0,33500,4,'',0
'20240411',181009,81500,4,'',0,30000,4,'',0,28500,4,'',0,31000,4,'',0,33500,4,'',0
'20240412',181009,81500,4,'',0,30000,4,'',0,28500,4,'',0,31000,4,'',0,33500,4,'',0
'20240413',181009,81500,4,'',0,30000,4,'',0,28500,4,'',0,31000,4,'',0,33500,4,'',0
'20240414',181009,81500,4,'',0,30000,4,'',0,28500,4,'',0,64500,4,'',0
'20240415',181009,81500,4,'',0,30000,4,'',0,28500,4,'',0,31000,4,'',0,33500,4,'',0
'20240416',181009,81500,4,'',0,30000,4,'',0,28500,4,'',0,31000,4,'',0,33500,4,'',0
'20240417',181009,81500,4,'',0,30000,4,'',0,28500,4,'',0,31000,4,'',0,33500,4,'',0
'20240418',181009,81500,4,'',0,30000,4,'',0,28500,4,'',0,31000,4,'',0,33500,4,'',0
'20240419',181009,81500,4,'',0,30000,4,'',0,28500,4,'',0,31000,4,'',0,33500,4,'',0
'20240420',181009,81500,4,'',0,30000,4,'',0,28500,4,'',0,31000,4,'',0,33500,4,'',0
'20240421',181009,81500,4,'',0,30000,4,'',0,28500,4,'',0,64500,4,'',0
'20240422',181009,81500,4,'',0,30000,4,'',0,28500,4,'',0,31000,4,'',0,33500,4,'',0
'20240423',181009,81500,4,'',0,30000,4,'',0,28500,4,'',0,31000,4,'',0,33500,4,'',0
'20240424',181009,81500,4,'',0,30000,4,'',0,28500,4,'',0,31000,4,'',0,33500,4,'',0
'20240425',181009,81500,4,'',0,30000,4,'',0,28500,4,'',0,31000,4,'',0,33500,4,'',0
'20240426',181009,81500,4,'',0,30000,4,'',0,28500,4,'',0,31000,4,'',0,33500,4,'',0
'20240427',181009,81500,4,'',0,30000,4,'',0,28500,4,'',0,31000,4,'',0,33500,4,'',0
'20240428',181009,81500,4,'',0,30000,4,'',0,28500,4,'',0,64500,4,'',0
'20240429',181009,81500,4,'',0,30000,4,'',0,28500,4,'',0,31000,4,'',0,33500,4,'',0
'20240430',181009,81500,4,'',0,30000,4,'',0,28500,4,'',0,31000,4,'',0,33500,4,'',0
'20240501',181009,81500,4,'',0,30000,4,'',0,28500,4,'',0,31000,4,'',0,33500,4,'',0
'20240502',181009,81500,4,'',0,30000,4,'',0,28500,4,'',0,31000,4,'',0,33500,4,'',0
'20240503',181009,81500,4,'',0,30000,4,'',0,28500,4,'',0,31000,4,'',0,33500,4,'',0
'20240504',181009,81500,4,'',0,30000,4,'',0,28500,4,'',0,31000,4,'',0,33500,4,'',0
'20240505',181009,81500,4,'',0,30000,4,'',0,28500,4,'',0,64500,4,'',0
'20240506',181009,81500,4,'',0,30000,4,'',0,28500,4,'',0,31000,4,'',0,33500,4,'',0
'20240507',181009,81500,4,'',0,30000,4,'',0,28500,4,'',0,31000,4,'',0,33500,4,'',0
'20240508',181009,81500,4,'',0,30000,4,'',0,28500,4,'',0,31000,4,'',0,33500,4,'',0
'20240509',181009,81500,4,'',0,30000,4,'',0,28500,4,'',0,31000,4,'',0,33500,4,'',0
'20240510',181009,81500,4,'',0,30000,4,'',0,28500,4,'',0,31000,4,'',0,33500,4,'',0
'20240511',181009,81500,4,'',0,30000,4,'',0,28500,4,'',0,31000,4,'',0,33500,4,'',0
'20240512',181009,81500,4,'',0,30000,4,'',0,28500,4,'',0,64500,4,'',0
'20240513',181009,81500,4,'',0,30000,4,'',0,28500,4,'',0,31000,4,'',0,33500,4,'',0
'20240514',181009,81500,4,'',0,30000,4,'',0,28500,4,'',0,31000,4,'',0,33500,4,'',0
'20240515',181009,81500,4,'',0,30000,4,'',0,28500,4,'',0,31000,4,'',0,33500,4,'',0
'20240516',181009,81500,4,'',0,30000,4,'',0,28500,4,'',0,31000,4,'',0,33500,4,'',0
'20240517',181009,81500,4,'',0,30000,4,'',0,28500,4,'',0,31000,4,'',0,33500,4,'',0
'20240518',181009,81500,4,'',0,30000,4,'',0,28500,4,'',0,31000,4,'',0,33500,4,'',0
'20240519',181009,81500,4,'',0,30000,4,'',0,28500,4,'',0,64500,4,'',0
'20240520',181009,81500,4,'',0,30000,4,'',0,28500,4,'',0,31000,4,'',0,33500,4,'',0
'20240521',181009,81500,4,'',0,30000,4,'',0,28500,4,'',0,31000,4,'',0,33500,4,'',0
'20240522',181009,81500,4,'',0,30000,4,'',0,28500,4,'',0,31000,4,'',0,33500,4,'',0
'20240523',181009,81500,4,'',0,30000,4,'',0,28500,4,'',0,31000,4,'',0,33500,4,'',0
'20240524',181009,81500,4,'',0,30000,4,'',0,28500,4,'',0,31000,4,'',0,33500,4,'',0
'20240525',181009,81500,4,'',0,30000,4,'',0,28500,4,'',0,31000,4,'',0,33500,4,'',0
'20240526',181009,81500,4,'',0,30000,4,'',0,28500,4,'',0,64500,4,'',0
'20240527',181009,81500,4,'',0,30000,4,'',0,28500,4,'',0,64500,4,'',0
'20240528',181009,81500,4,'',0,30000,4,'',0,28500,4,'',0,31000,4,'',0,33500,4,'',0
'20240529',181009,81500,4,'',0,30000,4,'',0,28500,4,'',0,31000,4,'',0,33500,4,'',0
'20240530',181009,81500,4,'',0,30000,4,'',0,28500,4,'',0,31000,4,'',0,33500,4,'',0
'20240531',181009,81500,4,'',0,30000,4,'',0,28500,4,'',0,31000,4,'',0,33500,4,'',0
'20240601',181009,81500,4,'',0,30000,4,'',0,28500,4,'',0,31000,4,'',0,33500,4,'',0
'20240602',181009,81500,4,'',0,30000,4,'',0,28500,4,'',0,64500,4,'',0
'20240603',181009,81500,4,'',0,30000,4,'',0,28500,4,'',0,31000,4,'',0,33500,4,'',0
'20240604',181009,81500,4,'',0,30000,4,'',0,28500,4,'',0,31000,4,'',0,33500,4,'',0
'20240605',181009,81500,4,'',0,30000,4,'',0,28500,4,'',0,31000,4,'',0,33500,4,'',0
'20240606',181009,81500,4,'',0,30000,4,'',0,28500,4,'',0,31000,4,'',0,33500,4,'',0
'20240607',181009,81500,4,'',0,30000,4,'',0,28500,4,'',0,31000,4,'',0,33500,4,'',0
'20240608',181009,81500,4,'',0,30000,4,'',0,28500,4,'',0,31000,4,'',0,33500,4,'',0
'20240609',181009,81500,4,'',0,30000,4,'',0,28500,4,'',0,64500,4,'',0
'20240610',181009,81500,4,'',0,30000,4,'',0,28500,4,'',0,31000,4,'',0,33500,4,'',0
'20240611',181009,81500,4,'',0,30000,4,'',0,28500,4,'',0,31000,4,'',0,33500,4,'',0
'20240612',181009,81500,4,'',0,30000,4,'',0,28500,4,'',0,31000,4,'',0,33500,4,'',0
'20240613',181009,81500,4,'',0,30000,4,'',0,28500,4,'',0,31000,4,'',0,33500,4,'',0
'20240614',181009,81500,4,'',0,30000,4,'',0,28500,4,'',0,31000,4,'',0,33500,4,'',0
'20240615',181009,81500,4,'',0,30000,4,'',0,28500,4,'',0,31000,4,'',0,33500,4,'',0
