3700,3,1,0
3700,7,2,1
4700,4,1,0
4700,7,2,1
7300,7,1,0
7300,3,2,1
7400,7,1,0
7400,4,2,1
10100,10,1,0
10100,1,2,1
11000,1,1,0
11000,10,2,1
11300,1,1,0
11300,13,2,1
11500,1,1,0
11500,15,2,1
11800,1,1,0
11800,18,2,1
11900,1,1,0
11900,19,2,1
12800,12,1,0
12800,8,2,1
13100,13,1,0
13100,1,2,1
14500,14,1,0
14500,5,2,1
15100,15,1,0
15100,1,2,1
18100,18,1,0
18100,1,2,1
19100,19,1,0
19100,1,2,1
20900,20,1,0
20900,9,2,1
22900,22,1,0
22900,9,2,1
51400,5,1,0
51400,14,2,1
81200,8,1,0
81200,12,2,1
92000,9,1,0
92000,20,2,1
92200,9,1,0
92200,22,2,1
101300,10,1,0
101300,13,2,1
101500,10,1,0
101500,15,2,1
101800,10,1,0
101800,18,2,1
111700,11,1,0
111700,17,2,1
131000,13,1,0
131000,10,2,1
131500,13,1,0
131500,15,2,1
131800,13,1,0
131800,18,2,1
151000,15,1,0
151000,10,2,1
151300,15,1,0
151300,13,2,1
151800,15,1,0
151800,18,2,1
162100,16,1,0
162100,21,2,1
171100,17,1,0
171100,11,2,1
181000,18,1,0
181000,10,2,1
181300,18,1,0
181300,13,2,1
181500,18,1,0
181500,15,2,1
202200,20,1,0
202200,22,2,1
211600,21,1,0
211600,16,2,1
222000,22,1,0
222000,20,2,1
