'20230919',4709,62000,,'',0,22500,,'',0,26500,,'',0,22000,,'',0,28500,,'',0,22500,,'',0,26000,,'',0,24000,,'',0
'20230920',4709,62000,,'',0,22500,,'',0,26500,,'',0,22000,,'',0,28500,,'',0,22500,,'',0,26000,,'',0,24000,,'',0
'20230921',4709,62000,,'',0,22500,,'',0,26500,,'',0,22000,,'',0,28500,,'',0,22500,,'',0,26000,,'',0,24000,,'',0
'20230922',4709,62000,,'',0,22500,,'',0,26500,,'',0,22000,,'',0,28500,,'',0,22500,,'',0,26000,,'',0,24000,,'',0
'20230923',4709,62000,,'',0,22500,,'',0,26500,,'',0,22000,,'',0,28500,,'',0,22500,,'',0,26000,,'',0,24000,,'',0
'20230919',7409,83500,4,'',0,26500,4,'',0,22000,4,'',0,23000,4,'',0,28000,4,'',0,22000,4,'',0,28000,4,'',0,22000,4,'',0
'20230920',7409,83500,4,'',0,26500,4,'',0,22000,4,'',0,23000,4,'',0,28000,4,'',0,22000,4,'',0,28000,4,'',0,22000,4,'',0
'20230921',7409,83500,4,'',0,26500,4,'',0,22000,4,'',0,23000,4,'',0,28000,4,'',0,22000,4,'',0,28000,4,'',0,22000,4,'',0
'20230922',7409,83500,4,'',0,26500,4,'',0,22000,4,'',0,23000,4,'',0,28000,4,'',0,22000,4,'',0,28000,4,'',0,22000,4,'',0
'20230923',7409,83500,4,'',0,26500,4,'',0,22000,4,'',0,23000,4,'',0,28000,4,'',0,22000,4,'',0,28000,4,'',0,22000,4,'',0
