'20240806',111709,74500,4,'',0,17000,4,'',0,13000,4,'',0,17000,4,'',0,13000,4,'',0,17000,4,'',0,13000,4,'',0,18500,4,'',0,17000,4,'',0,14000,4,'',0
'20240807',111709,74500,4,'',0,17000,4,'',0,13000,4,'',0,17000,4,'',0,13000,4,'',0,17000,4,'',0,13000,4,'',0,18500,4,'',0,17000,4,'',0,14000,4,'',0
'20240808',111709,74500,4,'',0,17000,4,'',0,13000,4,'',0,17000,4,'',0,13000,4,'',0,17000,4,'',0,13000,4,'',0,18500,4,'',0,17000,4,'',0,14000,4,'',0
'20240809',111709,74500,4,'',0,17000,4,'',0,13000,4,'',0,17000,4,'',0,13000,4,'',0,17000,4,'',0,13000,4,'',0,18500,4,'',0,17000,4,'',0,14000,4,'',0,17000,4,'',0
'20240810',111709,74500,4,'',0,17000,4,'',0,13000,4,'',0,17000,4,'',0,13000,4,'',0,17000,4,'',0,13000,4,'',0,18500,4,'',0,17000,4,'',0,14000,4,'',0,17000,4,'',0
'20240811',111709,74500,4,'',0,17000,4,'',0,13000,4,'',0,17000,4,'',0,13000,4,'',0,17000,4,'',0,13000,4,'',0,18500,4,'',0,17000,4,'',0,14000,4,'',0,17000,4,'',0
'20240812',111709,74500,4,'',0,17000,4,'',0,13000,4,'',0,17000,4,'',0,13000,4,'',0,17000,4,'',0,13000,4,'',0,18500,4,'',0,17000,4,'',0,14000,4,'',0
'20240813',111709,74500,4,'',0,17000,4,'',0,13000,4,'',0,17000,4,'',0,13000,4,'',0,17000,4,'',0,13000,4,'',0,18500,4,'',0,17000,4,'',0,14000,4,'',0
'20240814',111709,74500,4,'',0,17000,4,'',0,13000,4,'',0,17000,4,'',0,13000,4,'',0,17000,4,'',0,13000,4,'',0,18500,4,'',0,17000,4,'',0,14000,4,'',0
'20240815',111709,74500,4,'',0,17000,4,'',0,13000,4,'',0,17000,4,'',0,13000,4,'',0,17000,4,'',0,13000,4,'',0,18500,4,'',0,17000,4,'',0,14000,4,'',0
'20240816',111709,74500,4,'',0,17000,4,'',0,13000,4,'',0,17000,4,'',0,13000,4,'',0,17000,4,'',0,13000,4,'',0,18500,4,'',0,17000,4,'',0,14000,4,'',0,17000,4,'',0
'20240817',111709,74500,4,'',0,17000,4,'',0,13000,4,'',0,17000,4,'',0,13000,4,'',0,17000,4,'',0,13000,4,'',0,18500,4,'',0,17000,4,'',0,14000,4,'',0,17000,4,'',0
'20240818',111709,104500,4,'',0,17000,4,'',0,13000,4,'',0,17000,4,'',0,13000,4,'',0,18500,4,'',0,17000,4,'',0,14000,4,'',0,17000,4,'',0
'20240819',111709,74500,4,'',0,30000,4,'',0,17000,4,'',0,13000,4,'',0,17000,4,'',0,13000,4,'',0,18500,4,'',0,17000,4,'',0,14000,4,'',0
'20240820',111709,74500,4,'',0,47000,4,'',0,13000,4,'',0,17000,4,'',0,13000,4,'',0,18500,4,'',0,17000,4,'',0,14000,4,'',0
'20240821',111709,74500,4,'',0,17000,4,'',0,30000,4,'',0,13000,4,'',0,17000,4,'',0,13000,4,'',0,18500,4,'',0,17000,4,'',0,14000,4,'',0
'20240822',111709,74500,4,'',0,17000,4,'',0,13000,4,'',0,17000,4,'',0,13000,4,'',0,17000,4,'',0,13000,4,'',0,18500,4,'',0,17000,4,'',0,14000,4,'',0
'20240823',111709,74500,4,'',0,17000,4,'',0,13000,4,'',0,17000,4,'',0,13000,4,'',0,17000,4,'',0,13000,4,'',0,18500,4,'',0,17000,4,'',0,14000,4,'',0,17000,4,'',0
'20240824',111709,74500,4,'',0,17000,4,'',0,13000,4,'',0,17000,4,'',0,13000,4,'',0,17000,4,'',0,13000,4,'',0,18500,4,'',0,17000,4,'',0,14000,4,'',0,17000,4,'',0
'20240825',111709,74500,4,'',0,17000,4,'',0,13000,4,'',0,17000,4,'',0,13000,4,'',0,17000,4,'',0,13000,4,'',0,18500,4,'',0,17000,4,'',0,14000,4,'',0,17000,4,'',0
'20240826',111709,74500,4,'',0,17000,4,'',0,13000,4,'',0,17000,4,'',0,13000,4,'',0,17000,4,'',0,13000,4,'',0,18500,4,'',0,17000,4,'',0,14000,4,'',0
'20240827',111709,74500,4,'',0,17000,4,'',0,13000,4,'',0,17000,4,'',0,13000,4,'',0,17000,4,'',0,13000,4,'',0,18500,4,'',0,17000,4,'',0,14000,4,'',0
'20240828',111709,74500,4,'',0,17000,4,'',0,13000,4,'',0,17000,4,'',0,13000,4,'',0,17000,4,'',0,13000,4,'',0,18500,4,'',0,17000,4,'',0,14000,4,'',0
'20240829',111709,74500,4,'',0,17000,4,'',0,13000,4,'',0,17000,4,'',0,13000,4,'',0,17000,4,'',0,13000,4,'',0,18500,4,'',0,17000,4,'',0,14000,4,'',0
'20240830',111709,74500,4,'',0,17000,4,'',0,13000,4,'',0,17000,4,'',0,13000,4,'',0,17000,4,'',0,13000,4,'',0,18500,4,'',0,17000,4,'',0,14000,4,'',0,17000,4,'',0
'20240831',111709,74500,4,'',0,17000,4,'',0,13000,4,'',0,17000,4,'',0,13000,4,'',0,17000,4,'',0,13000,4,'',0,18500,4,'',0,17000,4,'',0,14000,4,'',0,17000,4,'',0
'20240901',111709,74500,4,'',0,17000,4,'',0,13000,4,'',0,17000,4,'',0,13000,4,'',0,17000,4,'',0,13000,4,'',0,18500,4,'',0,17000,4,'',0,14000,4,'',0,17000,4,'',0
'20240902',111709,74500,4,'',0,17000,4,'',0,13000,4,'',0,17000,4,'',0,13000,4,'',0,17000,4,'',0,13000,4,'',0,18500,4,'',0,17000,4,'',0,14000,4,'',0,17000,4,'',0
'20240903',111709,74500,4,'',0,17000,4,'',0,13000,4,'',0,17000,4,'',0,13000,4,'',0,17000,4,'',0,13000,4,'',0,18500,4,'',0,17000,4,'',0,14000,4,'',0
'20240904',111709,74500,4,'',0,17000,4,'',0,13000,4,'',0,17000,4,'',0,13000,4,'',0,17000,4,'',0,13000,4,'',0,18500,4,'',0,17000,4,'',0,14000,4,'',0
'20240905',111709,74500,4,'',0,17000,4,'',0,13000,4,'',0,17000,4,'',0,13000,4,'',0,17000,4,'',0,13000,4,'',0,18500,4,'',0,17000,4,'',0,14000,4,'',0
'20240906',111709,74500,4,'',0,17000,4,'',0,13000,4,'',0,17000,4,'',0,13000,4,'',0,17000,4,'',0,13000,4,'',0,18500,4,'',0,17000,4,'',0,14000,4,'',0,17000,4,'',0
'20240907',111709,74500,4,'',0,17000,4,'',0,13000,4,'',0,17000,4,'',0,13000,4,'',0,17000,4,'',0,13000,4,'',0,18500,4,'',0,17000,4,'',0,14000,4,'',0,17000,4,'',0
'20240908',111709,74500,4,'',0,17000,4,'',0,13000,4,'',0,17000,4,'',0,13000,4,'',0,17000,4,'',0,13000,4,'',0,18500,4,'',0,17000,4,'',0,14000,4,'',0,17000,4,'',0
'20240909',111709,74500,4,'',0,17000,4,'',0,13000,4,'',0,17000,4,'',0,13000,4,'',0,17000,4,'',0,13000,4,'',0,18500,4,'',0,17000,4,'',0,14000,4,'',0
'20240910',111709,74500,4,'',0,17000,4,'',0,13000,4,'',0,17000,4,'',0,13000,4,'',0,17000,4,'',0,13000,4,'',0,18500,4,'',0,17000,4,'',0,14000,4,'',0
'20240911',111709,74500,4,'',0,17000,4,'',0,13000,4,'',0,17000,4,'',0,13000,4,'',0,17000,4,'',0,13000,4,'',0,18500,4,'',0,17000,4,'',0,14000,4,'',0
'20240912',111709,74500,4,'',0,17000,4,'',0,13000,4,'',0,17000,4,'',0,13000,4,'',0,17000,4,'',0,13000,4,'',0,18500,4,'',0,17000,4,'',0,14000,4,'',0
'20240913',111709,74500,4,'',0,17000,4,'',0,13000,4,'',0,17000,4,'',0,13000,4,'',0,17000,4,'',0,13000,4,'',0,18500,4,'',0,17000,4,'',0,14000,4,'',0,17000,4,'',0
'20240914',111709,74500,4,'',0,17000,4,'',0,13000,4,'',0,17000,4,'',0,13000,4,'',0,17000,4,'',0,13000,4,'',0,18500,4,'',0,17000,4,'',0,14000,4,'',0,17000,4,'',0
'20240915',111709,74500,4,'',0,17000,4,'',0,13000,4,'',0,17000,4,'',0,13000,4,'',0,17000,4,'',0,13000,4,'',0,18500,4,'',0,17000,4,'',0,14000,4,'',0,17000,4,'',0
'20240916',111709,91500,4,'',0,13000,4,'',0,17000,4,'',0,13000,4,'',0,17000,4,'',0,13000,4,'',0,18500,4,'',0,17000,4,'',0,14000,4,'',0
'20240917',111709,74500,4,'',0,30000,4,'',0,17000,4,'',0,13000,4,'',0,17000,4,'',0,13000,4,'',0,18500,4,'',0,17000,4,'',0,14000,4,'',0
'20240918',111709,74500,4,'',0,17000,4,'',0,30000,4,'',0,13000,4,'',0,17000,4,'',0,13000,4,'',0,18500,4,'',0,17000,4,'',0,14000,4,'',0
'20240919',111709,74500,4,'',0,17000,4,'',0,13000,4,'',0,17000,4,'',0,13000,4,'',0,17000,4,'',0,13000,4,'',0,18500,4,'',0,17000,4,'',0
'20240920',111709,74500,4,'',0,17000,4,'',0,13000,4,'',0,17000,4,'',0,13000,4,'',0,17000,4,'',0,13000,4,'',0,18500,4,'',0,17000,4,'',0,14000,4,'',0,17000,4,'',0
'20240921',111709,74500,4,'',0,17000,4,'',0,13000,4,'',0,17000,4,'',0,13000,4,'',0,17000,4,'',0,13000,4,'',0,18500,4,'',0,17000,4,'',0,14000,4,'',0,17000,4,'',0
'20240922',111709,74500,4,'',0,17000,4,'',0,13000,4,'',0,17000,4,'',0,13000,4,'',0,17000,4,'',0,13000,4,'',0,18500,4,'',0,17000,4,'',0,14000,4,'',0,17000,4,'',0
'20240923',111709,74500,4,'',0,17000,4,'',0,13000,4,'',0,17000,4,'',0,13000,4,'',0,17000,4,'',0,13000,4,'',0,18500,4,'',0,17000,4,'',0,14000,4,'',0
'20240924',111709,74500,4,'',0,17000,4,'',0,13000,4,'',0,17000,4,'',0,13000,4,'',0,17000,4,'',0,13000,4,'',0,18500,4,'',0,17000,4,'',0,14000,4,'',0
'20240925',111709,74500,4,'',0,17000,4,'',0,13000,4,'',0,17000,4,'',0,13000,4,'',0,17000,4,'',0,13000,4,'',0,18500,4,'',0,17000,4,'',0,14000,4,'',0
'20240926',111709,74500,4,'',0,17000,4,'',0,13000,4,'',0,17000,4,'',0,13000,4,'',0,17000,4,'',0,13000,4,'',0,18500,4,'',0,17000,4,'',0,14000,4,'',0
'20240927',111709,74500,4,'',0,17000,4,'',0,13000,4,'',0,17000,4,'',0,13000,4,'',0,17000,4,'',0,13000,4,'',0,18500,4,'',0,17000,4,'',0,14000,4,'',0,17000,4,'',0
'20240928',111709,74500,4,'',0,17000,4,'',0,13000,4,'',0,17000,4,'',0,13000,4,'',0,17000,4,'',0,13000,4,'',0,18500,4,'',0,17000,4,'',0,14000,4,'',0,17000,4,'',0
'20240929',111709,74500,4,'',0,17000,4,'',0,13000,4,'',0,17000,4,'',0,13000,4,'',0,17000,4,'',0,13000,4,'',0,18500,4,'',0,17000,4,'',0,14000,4,'',0,17000,4,'',0
'20240806',171109,63000,0,'''Coupeville''',0,17000,0,'''Coupeville''',0,13000,0,'''Coupeville''',0,17000,0,'''Coupeville''',0,13000,0,'''Coupeville''',0,17000,0,'''Coupeville''',0,13000,0,'''Coupeville''',0,18500,0,'''Coupeville''',0,13000,0,'''Coupeville''',0,18500,0,'''Coupeville''',0
'20240807',171109,63000,0,'''Coupeville''',0,17000,0,'''Coupeville''',0,13000,0,'''Coupeville''',0,17000,0,'''Coupeville''',0,13000,0,'''Coupeville''',0,17000,0,'''Coupeville''',0,13000,0,'''Coupeville''',0,18500,0,'''Coupeville''',0,13000,0,'''Coupeville''',0,18500,0,'''Coupeville''',0
'20240808',171109,63000,0,'''Coupeville''',0,17000,0,'''Coupeville''',0,13000,0,'''Coupeville''',0,17000,0,'''Coupeville''',0,13000,0,'''Coupeville''',0,17000,0,'''Coupeville''',0,13000,0,'''Coupeville''',0,18500,0,'''Coupeville''',0,13000,0,'''Coupeville''',0,18500,0,'''Coupeville''',0
'20240809',171109,63000,0,'''Coupeville''',0,17000,0,'''Coupeville''',0,13000,0,'''Coupeville''',0,17000,0,'''Coupeville''',0,13000,0,'''Coupeville''',0,17000,0,'''Coupeville''',0,13000,0,'''Coupeville''',0,18500,0,'''Coupeville''',0,13000,0,'''Coupeville''',0,18500,0,'''Coupeville''',0,17000,0,'''Coupeville''',0
'20240810',171109,63000,0,'''Coupeville''',0,17000,0,'''Coupeville''',0,13000,0,'''Coupeville''',0,17000,0,'''Coupeville''',0,13000,0,'''Coupeville''',0,17000,0,'''Coupeville''',0,13000,0,'''Coupeville''',0,18500,0,'''Coupeville''',0,13000,0,'''Coupeville''',0,18500,0,'''Coupeville''',0,17000,0,'''Coupeville''',0
'20240811',171109,63000,0,'''Coupeville''',0,17000,0,'''Coupeville''',0,13000,0,'''Coupeville''',0,17000,0,'''Coupeville''',0,13000,0,'''Coupeville''',0,17000,0,'''Coupeville''',0,13000,0,'''Coupeville''',0,18500,0,'''Coupeville''',0,13000,0,'''Coupeville''',0,18500,0,'''Coupeville''',0,17000,0,'''Coupeville''',0
'20240812',171109,63000,0,'''Coupeville''',0,17000,0,'''Coupeville''',0,13000,0,'''Coupeville''',0,17000,0,'''Coupeville''',0,13000,0,'''Coupeville''',0,17000,0,'''Coupeville''',0,13000,0,'''Coupeville''',0,18500,0,'''Coupeville''',0,13000,0,'''Coupeville''',0,18500,0,'''Coupeville''',0
'20240813',171109,63000,0,'''Coupeville''',0,17000,0,'''Coupeville''',0,13000,0,'''Coupeville''',0,17000,0,'''Coupeville''',0,13000,0,'''Coupeville''',0,17000,0,'''Coupeville''',0,13000,0,'''Coupeville''',0,18500,0,'''Coupeville''',0,13000,0,'''Coupeville''',0,18500,0,'''Coupeville''',0
'20240814',171109,63000,0,'''Coupeville''',0,17000,0,'''Coupeville''',0,13000,0,'''Coupeville''',0,17000,0,'''Coupeville''',0,13000,0,'''Coupeville''',0,17000,0,'''Coupeville''',0,13000,0,'''Coupeville''',0,18500,0,'''Coupeville''',0,13000,0,'''Coupeville''',0,18500,0,'''Coupeville''',0
'20240815',171109,63000,0,'''Coupeville''',0,17000,0,'''Coupeville''',0,13000,0,'''Coupeville''',0,17000,0,'''Coupeville''',0,13000,0,'''Coupeville''',0,17000,0,'''Coupeville''',0,13000,0,'''Coupeville''',0,18500,0,'''Coupeville''',0,13000,0,'''Coupeville''',0,18500,0,'''Coupeville''',0
'20240816',171109,63000,0,'''Coupeville''',0,17000,0,'''Coupeville''',0,13000,0,'''Coupeville''',0,17000,0,'''Coupeville''',0,13000,0,'''Coupeville''',0,17000,0,'''Coupeville''',0,13000,0,'''Coupeville''',0,18500,0,'''Coupeville''',0,13000,0,'''Coupeville''',0,18500,0,'''Coupeville''',0,17000,0,'''Coupeville''',0
'20240817',171109,63000,0,'''Coupeville''',0,17000,0,'''Coupeville''',0,13000,0,'''Coupeville''',0,17000,0,'''Coupeville''',0,13000,0,'''Coupeville''',0,17000,0,'''Coupeville''',0,13000,0,'''Coupeville''',0,18500,0,'''Coupeville''',0,13000,0,'''Coupeville''',0,18500,0,'''Coupeville''',0,17000,0,'''Coupeville''',0
'20240818',171109,93000,0,'''Coupeville''',0,17000,0,'''Coupeville''',0,13000,0,'''Coupeville''',0,17000,0,'''Coupeville''',0,13000,0,'''Coupeville''',0,18500,0,'''Coupeville''',0,13000,0,'''Coupeville''',0,18500,0,'''Coupeville''',0,17000,0,'''Coupeville''',0
'20240819',171109,63000,0,'''Coupeville''',0,30000,0,'''Coupeville''',0,17000,0,'''Coupeville''',0,13000,0,'''Coupeville''',0,17000,0,'''Coupeville''',0,13000,0,'''Coupeville''',0,18500,0,'''Coupeville''',0,13000,0,'''Coupeville''',0,18500,0,'''Coupeville''',0
'20240820',171109,63000,0,'''Coupeville''',0,47000,0,'''Coupeville''',0,13000,0,'''Coupeville''',0,17000,0,'''Coupeville''',0,13000,0,'''Coupeville''',0,18500,0,'''Coupeville''',0,13000,0,'''Coupeville''',0,18500,0,'''Coupeville''',0
'20240821',171109,63000,0,'''Coupeville''',0,17000,0,'''Coupeville''',0,30000,0,'''Coupeville''',0,13000,0,'''Coupeville''',0,17000,0,'''Coupeville''',0,13000,0,'''Coupeville''',0,18500,0,'''Coupeville''',0,13000,0,'''Coupeville''',0,18500,0,'''Coupeville''',0
'20240822',171109,63000,0,'''Coupeville''',0,17000,0,'''Coupeville''',0,13000,0,'''Coupeville''',0,17000,0,'''Coupeville''',0,13000,0,'''Coupeville''',0,17000,0,'''Coupeville''',0,13000,0,'''Coupeville''',0,18500,0,'''Coupeville''',0,13000,0,'''Coupeville''',0,18500,0,'''Coupeville''',0
'20240823',171109,63000,0,'''Coupeville''',0,17000,0,'''Coupeville''',0,13000,0,'''Coupeville''',0,17000,0,'''Coupeville''',0,13000,0,'''Coupeville''',0,17000,0,'''Coupeville''',0,13000,0,'''Coupeville''',0,18500,0,'''Coupeville''',0,13000,0,'''Coupeville''',0,18500,0,'''Coupeville''',0,17000,0,'''Coupeville''',0
'20240824',171109,63000,0,'''Coupeville''',0,17000,0,'''Coupeville''',0,13000,0,'''Coupeville''',0,17000,0,'''Coupeville''',0,13000,0,'''Coupeville''',0,17000,0,'''Coupeville''',0,13000,0,'''Coupeville''',0,18500,0,'''Coupeville''',0,13000,0,'''Coupeville''',0,18500,0,'''Coupeville''',0,17000,0,'''Coupeville''',0
'20240825',171109,63000,0,'''Coupeville''',0,17000,0,'''Coupeville''',0,13000,0,'''Coupeville''',0,17000,0,'''Coupeville''',0,13000,0,'''Coupeville''',0,17000,0,'''Coupeville''',0,13000,0,'''Coupeville''',0,18500,0,'''Coupeville''',0,13000,0,'''Coupeville''',0,18500,0,'''Coupeville''',0,17000,0,'''Coupeville''',0
'20240826',171109,63000,0,'''Coupeville''',0,17000,0,'''Coupeville''',0,13000,0,'''Coupeville''',0,17000,0,'''Coupeville''',0,13000,0,'''Coupeville''',0,17000,0,'''Coupeville''',0,13000,0,'''Coupeville''',0,18500,0,'''Coupeville''',0,13000,0,'''Coupeville''',0,18500,0,'''Coupeville''',0
'20240827',171109,63000,0,'''Coupeville''',0,17000,0,'''Coupeville''',0,13000,0,'''Coupeville''',0,17000,0,'''Coupeville''',0,13000,0,'''Coupeville''',0,17000,0,'''Coupeville''',0,13000,0,'''Coupeville''',0,18500,0,'''Coupeville''',0,13000,0,'''Coupeville''',0,18500,0,'''Coupeville''',0
'20240828',171109,63000,0,'''Coupeville''',0,17000,0,'''Coupeville''',0,13000,0,'''Coupeville''',0,17000,0,'''Coupeville''',0,13000,0,'''Coupeville''',0,17000,0,'''Coupeville''',0,13000,0,'''Coupeville''',0,18500,0,'''Coupeville''',0,13000,0,'''Coupeville''',0,18500,0,'''Coupeville''',0
'20240829',171109,63000,0,'''Coupeville''',0,17000,0,'''Coupeville''',0,13000,0,'''Coupeville''',0,17000,0,'''Coupeville''',0,13000,0,'''Coupeville''',0,17000,0,'''Coupeville''',0,13000,0,'''Coupeville''',0,18500,0,'''Coupeville''',0,13000,0,'''Coupeville''',0,18500,0,'''Coupeville''',0
'20240830',171109,63000,0,'''Coupeville''',0,17000,0,'''Coupeville''',0,13000,0,'''Coupeville''',0,17000,0,'''Coupeville''',0,13000,0,'''Coupeville''',0,17000,0,'''Coupeville''',0,13000,0,'''Coupeville''',0,18500,0,'''Coupeville''',0,13000,0,'''Coupeville''',0,18500,0,'''Coupeville''',0,17000,0,'''Coupeville''',0
'20240831',171109,63000,0,'''Coupeville''',0,17000,0,'''Coupeville''',0,13000,0,'''Coupeville''',0,17000,0,'''Coupeville''',0,13000,0,'''Coupeville''',0,17000,0,'''Coupeville''',0,13000,0,'''Coupeville''',0,18500,0,'''Coupeville''',0,13000,0,'''Coupeville''',0,18500,0,'''Coupeville''',0,17000,0,'''Coupeville''',0
'20240901',171109,63000,0,'''Coupeville''',0,17000,0,'''Coupeville''',0,13000,0,'''Coupeville''',0,17000,0,'''Coupeville''',0,13000,0,'''Coupeville''',0,17000,0,'''Coupeville''',0,13000,0,'''Coupeville''',0,18500,0,'''Coupeville''',0,13000,0,'''Coupeville''',0,18500,0,'''Coupeville''',0,17000,0,'''Coupeville''',0
'20240902',171109,63000,0,'''Coupeville''',0,17000,0,'''Coupeville''',0,13000,0,'''Coupeville''',0,17000,0,'''Coupeville''',0,13000,0,'''Coupeville''',0,17000,0,'''Coupeville''',0,13000,0,'''Coupeville''',0,18500,0,'''Coupeville''',0,13000,0,'''Coupeville''',0,18500,0,'''Coupeville''',0,17000,0,'''Coupeville''',0
'20240903',171109,63000,0,'''Coupeville''',0,17000,0,'''Coupeville''',0,13000,0,'''Coupeville''',0,17000,0,'''Coupeville''',0,13000,0,'''Coupeville''',0,17000,0,'''Coupeville''',0,13000,0,'''Coupeville''',0,18500,0,'''Coupeville''',0,13000,0,'''Coupeville''',0,18500,0,'''Coupeville''',0
'20240904',171109,63000,0,'''Coupeville''',0,17000,0,'''Coupeville''',0,13000,0,'''Coupeville''',0,17000,0,'''Coupeville''',0,13000,0,'''Coupeville''',0,17000,0,'''Coupeville''',0,13000,0,'''Coupeville''',0,18500,0,'''Coupeville''',0,13000,0,'''Coupeville''',0,18500,0,'''Coupeville''',0
'20240905',171109,63000,0,'''Coupeville''',0,17000,0,'''Coupeville''',0,13000,0,'''Coupeville''',0,17000,0,'''Coupeville''',0,13000,0,'''Coupeville''',0,17000,0,'''Coupeville''',0,13000,0,'''Coupeville''',0,18500,0,'''Coupeville''',0,13000,0,'''Coupeville''',0,18500,0,'''Coupeville''',0
'20240906',171109,63000,0,'''Coupeville''',0,17000,0,'''Coupeville''',0,13000,0,'''Coupeville''',0,17000,0,'''Coupeville''',0,13000,0,'''Coupeville''',0,17000,0,'''Coupeville''',0,13000,0,'''Coupeville''',0,18500,0,'''Coupeville''',0,13000,0,'''Coupeville''',0,18500,0,'''Coupeville''',0,17000,0,'''Coupeville''',0
'20240907',171109,63000,0,'''Coupeville''',0,17000,0,'''Coupeville''',0,13000,0,'''Coupeville''',0,17000,0,'''Coupeville''',0,13000,0,'''Coupeville''',0,17000,0,'''Coupeville''',0,13000,0,'''Coupeville''',0,18500,0,'''Coupeville''',0,13000,0,'''Coupeville''',0,18500,0,'''Coupeville''',0,17000,0,'''Coupeville''',0
'20240908',171109,63000,0,'''Coupeville''',0,17000,0,'''Coupeville''',0,13000,0,'''Coupeville''',0,17000,0,'''Coupeville''',0,13000,0,'''Coupeville''',0,17000,0,'''Coupeville''',0,13000,0,'''Coupeville''',0,18500,0,'''Coupeville''',0,13000,0,'''Coupeville''',0,18500,0,'''Coupeville''',0,17000,0,'''Coupeville''',0
'20240909',171109,63000,0,'''Coupeville''',0,17000,0,'''Coupeville''',0,13000,0,'''Coupeville''',0,17000,0,'''Coupeville''',0,13000,0,'''Coupeville''',0,17000,0,'''Coupeville''',0,13000,0,'''Coupeville''',0,18500,0,'''Coupeville''',0,13000,0,'''Coupeville''',0,18500,0,'''Coupeville''',0
'20240910',171109,63000,0,'''Coupeville''',0,17000,0,'''Coupeville''',0,13000,0,'''Coupeville''',0,17000,0,'''Coupeville''',0,13000,0,'''Coupeville''',0,17000,0,'''Coupeville''',0,13000,0,'''Coupeville''',0,18500,0,'''Coupeville''',0,13000,0,'''Coupeville''',0,18500,0,'''Coupeville''',0
'20240911',171109,63000,0,'''Coupeville''',0,17000,0,'''Coupeville''',0,13000,0,'''Coupeville''',0,17000,0,'''Coupeville''',0,13000,0,'''Coupeville''',0,17000,0,'''Coupeville''',0,13000,0,'''Coupeville''',0,18500,0,'''Coupeville''',0,13000,0,'''Coupeville''',0,18500,0,'''Coupeville''',0
'20240912',171109,63000,0,'''Coupeville''',0,17000,0,'''Coupeville''',0,13000,0,'''Coupeville''',0,17000,0,'''Coupeville''',0,13000,0,'''Coupeville''',0,17000,0,'''Coupeville''',0,13000,0,'''Coupeville''',0,18500,0,'''Coupeville''',0,13000,0,'''Coupeville''',0,18500,0,'''Coupeville''',0
'20240913',171109,63000,0,'''Coupeville''',0,17000,0,'''Coupeville''',0,13000,0,'''Coupeville''',0,17000,0,'''Coupeville''',0,13000,0,'''Coupeville''',0,17000,0,'''Coupeville''',0,13000,0,'''Coupeville''',0,18500,0,'''Coupeville''',0,13000,0,'''Coupeville''',0,18500,0,'''Coupeville''',0,17000,0,'''Coupeville''',0
'20240914',171109,63000,0,'''Coupeville''',0,17000,0,'''Coupeville''',0,13000,0,'''Coupeville''',0,17000,0,'''Coupeville''',0,13000,0,'''Coupeville''',0,17000,0,'''Coupeville''',0,13000,0,'''Coupeville''',0,18500,0,'''Coupeville''',0,13000,0,'''Coupeville''',0,18500,0,'''Coupeville''',0,17000,0,'''Coupeville''',0
'20240915',171109,63000,0,'''Coupeville''',0,17000,0,'''Coupeville''',0,13000,0,'''Coupeville''',0,17000,0,'''Coupeville''',0,13000,0,'''Coupeville''',0,17000,0,'''Coupeville''',0,13000,0,'''Coupeville''',0,18500,0,'''Coupeville''',0,13000,0,'''Coupeville''',0,18500,0,'''Coupeville''',0,17000,0,'''Coupeville''',0
'20240916',171109,80000,0,'''Coupeville''',0,13000,0,'''Coupeville''',0,17000,0,'''Coupeville''',0,13000,0,'''Coupeville''',0,17000,0,'''Coupeville''',0,13000,0,'''Coupeville''',0,18500,0,'''Coupeville''',0,13000,0,'''Coupeville''',0,18500,0,'''Coupeville''',0
'20240917',171109,63000,0,'''Coupeville''',0,30000,0,'''Coupeville''',0,17000,0,'''Coupeville''',0,13000,0,'''Coupeville''',0,17000,0,'''Coupeville''',0,13000,0,'''Coupeville''',0,18500,0,'''Coupeville''',0,13000,0,'''Coupeville''',0,18500,0,'''Coupeville''',0
'20240918',171109,63000,0,'''Coupeville''',0,17000,0,'''Coupeville''',0,30000,0,'''Coupeville''',0,13000,0,'''Coupeville''',0,17000,0,'''Coupeville''',0,13000,0,'''Coupeville''',0,18500,0,'''Coupeville''',0,13000,0,'''Coupeville''',0,18500,0,'''Coupeville''',0
'20240919',171109,63000,0,'''Coupeville''',0,17000,0,'''Coupeville''',0,13000,0,'''Coupeville''',0,17000,0,'''Coupeville''',0,13000,0,'''Coupeville''',0,17000,0,'''Coupeville''',0,13000,0,'''Coupeville''',0,18500,0,'''Coupeville''',0,13000,0,'''Coupeville''',0
'20240920',171109,63000,0,'''Coupeville''',0,17000,0,'''Coupeville''',0,13000,0,'''Coupeville''',0,17000,0,'''Coupeville''',0,13000,0,'''Coupeville''',0,17000,0,'''Coupeville''',0,13000,0,'''Coupeville''',0,18500,0,'''Coupeville''',0,13000,0,'''Coupeville''',0,18500,0,'''Coupeville''',0,17000,0,'''Coupeville''',0
'20240921',171109,63000,0,'''Coupeville''',0,17000,0,'''Coupeville''',0,13000,0,'''Coupeville''',0,17000,0,'''Coupeville''',0,13000,0,'''Coupeville''',0,17000,0,'''Coupeville''',0,13000,0,'''Coupeville''',0,18500,0,'''Coupeville''',0,13000,0,'''Coupeville''',0,18500,0,'''Coupeville''',0,17000,0,'''Coupeville''',0
'20240922',171109,63000,0,'''Coupeville''',0,17000,0,'''Coupeville''',0,13000,0,'''Coupeville''',0,17000,0,'''Coupeville''',0,13000,0,'''Coupeville''',0,17000,0,'''Coupeville''',0,13000,0,'''Coupeville''',0,18500,0,'''Coupeville''',0,13000,0,'''Coupeville''',0,18500,0,'''Coupeville''',0,17000,0,'''Coupeville''',0
'20240923',171109,63000,0,'''Coupeville''',0,17000,0,'''Coupeville''',0,13000,0,'''Coupeville''',0,17000,0,'''Coupeville''',0,13000,0,'''Coupeville''',0,17000,0,'''Coupeville''',0,13000,0,'''Coupeville''',0,18500,0,'''Coupeville''',0,13000,0,'''Coupeville''',0,18500,0,'''Coupeville''',0
'20240924',171109,63000,0,'''Coupeville''',0,17000,0,'''Coupeville''',0,13000,0,'''Coupeville''',0,17000,0,'''Coupeville''',0,13000,0,'''Coupeville''',0,17000,0,'''Coupeville''',0,13000,0,'''Coupeville''',0,18500,0,'''Coupeville''',0,13000,0,'''Coupeville''',0,18500,0,'''Coupeville''',0
'20240925',171109,63000,0,'''Coupeville''',0,17000,0,'''Coupeville''',0,13000,0,'''Coupeville''',0,17000,0,'''Coupeville''',0,13000,0,'''Coupeville''',0,17000,0,'''Coupeville''',0,13000,0,'''Coupeville''',0,18500,0,'''Coupeville''',0,13000,0,'''Coupeville''',0,18500,0,'''Coupeville''',0
'20240926',171109,63000,0,'''Coupeville''',0,17000,0,'''Coupeville''',0,13000,0,'''Coupeville''',0,17000,0,'''Coupeville''',0,13000,0,'''Coupeville''',0,17000,0,'''Coupeville''',0,13000,0,'''Coupeville''',0,18500,0,'''Coupeville''',0,13000,0,'''Coupeville''',0,18500,0,'''Coupeville''',0
'20240927',171109,63000,0,'''Coupeville''',0,17000,0,'''Coupeville''',0,13000,0,'''Coupeville''',0,17000,0,'''Coupeville''',0,13000,0,'''Coupeville''',0,17000,0,'''Coupeville''',0,13000,0,'''Coupeville''',0,18500,0,'''Coupeville''',0,13000,0,'''Coupeville''',0,18500,0,'''Coupeville''',0,17000,0,'''Coupeville''',0
'20240928',171109,63000,0,'''Coupeville''',0,17000,0,'''Coupeville''',0,13000,0,'''Coupeville''',0,17000,0,'''Coupeville''',0,13000,0,'''Coupeville''',0,17000,0,'''Coupeville''',0,13000,0,'''Coupeville''',0,18500,0,'''Coupeville''',0,13000,0,'''Coupeville''',0,18500,0,'''Coupeville''',0,17000,0,'''Coupeville''',0
'20240929',171109,63000,0,'''Coupeville''',0,17000,0,'''Coupeville''',0,13000,0,'''Coupeville''',0,17000,0,'''Coupeville''',0,13000,0,'''Coupeville''',0,17000,0,'''Coupeville''',0,13000,0,'''Coupeville''',0,18500,0,'''Coupeville''',0,13000,0,'''Coupeville''',0,18500,0,'''Coupeville''',0,17000,0,'''Coupeville''',0
