'20240827',12809,51500,4,'',0,8500,4,'',0,5500,4,'',0,7500,4,'',0,9500,4,'',0,8500,4,'',0,9500,4,'',0,4500,4,'',0,8500,4,'',0,9000,4,'',0,9000,4,'',0,8500,4,'',0,10000,4,'',0,4000,4,'',0,9000,4,'',0,8000,4,'',0,9000,4,'',0,4000,4,'',0,9000,4,'',0,8500,4,'',0,3500,4,'',0,16000,4,'',0,13000,4,'',0
'20240828',12809,51500,4,'',0,8500,4,'',0,5500,4,'',0,7500,4,'',0,9500,4,'',0,8500,4,'',0,9500,4,'',0,4500,4,'',0,8500,4,'',0,9000,4,'',0,9000,4,'',0,8500,4,'',0,10000,4,'',0,4000,4,'',0,9000,4,'',0,8000,4,'',0,9000,4,'',0,4000,4,'',0,9000,4,'',0,8500,4,'',0,3500,4,'',0,16000,4,'',0,13000,4,'',0
'20240829',12809,51500,4,'',0,8500,4,'',0,5500,4,'',0,7500,4,'',0,9500,4,'',0,8500,4,'',0,9500,4,'',0,4500,4,'',0,8500,4,'',0,9000,4,'',0,9000,4,'',0,8500,4,'',0,10000,4,'',0,4000,4,'',0,9000,4,'',0,8000,4,'',0,9000,4,'',0,4000,4,'',0,9000,4,'',0,8500,4,'',0,3500,4,'',0,16000,4,'',0,13000,4,'',0
'20240830',12809,51500,4,'',0,8500,4,'',0,5500,4,'',0,7500,4,'',0,9500,4,'',0,8500,4,'',0,9500,4,'',0,4500,4,'',0,8500,4,'',0,9000,4,'',0,9000,4,'',0,8500,4,'',0,10000,4,'',0,4000,4,'',0,9000,4,'',0,8000,4,'',0,9000,4,'',0,4000,4,'',0,9000,4,'',0,8500,4,'',0,3500,4,'',0,9000,4,'',0,7000,4,'',0,9000,4,'',0,4000,4,'',0,11000,4,'',0
'20240831',12809,51500,4,'',0,14000,4,'',0,7500,4,'',0,9500,4,'',0,8500,4,'',0,9500,4,'',0,4500,4,'',0,8500,4,'',0,9000,4,'',0,9000,4,'',0,8500,4,'',0,10000,4,'',0,4000,4,'',0,9000,4,'',0,8000,4,'',0,9000,4,'',0,4000,4,'',0,9000,4,'',0,8500,4,'',0,3500,4,'',0,9000,4,'',0,7000,4,'',0,13000,4,'',0
'20240901',12809,65500,4,'',0,7500,4,'',0,9500,4,'',0,8500,4,'',0,9500,4,'',0,4500,4,'',0,8500,4,'',0,9000,4,'',0,9000,4,'',0,8500,4,'',0,10000,4,'',0,4000,4,'',0,9000,4,'',0,8000,4,'',0,9000,4,'',0,4000,4,'',0,9000,4,'',0,8500,4,'',0,3500,4,'',0,9000,4,'',0,7000,4,'',0,9000,4,'',0,4000,4,'',0
'20240902',12809,51500,4,'',0,14000,4,'',0,7500,4,'',0,9500,4,'',0,8500,4,'',0,9500,4,'',0,4500,4,'',0,8500,4,'',0,9000,4,'',0,9000,4,'',0,8500,4,'',0,10000,4,'',0,4000,4,'',0,9000,4,'',0,8000,4,'',0,9000,4,'',0,4000,4,'',0,9000,4,'',0,8500,4,'',0,3500,4,'',0,9000,4,'',0,7000,4,'',0,13000,4,'',0
'20240903',12809,51500,4,'',0,8500,4,'',0,5500,4,'',0,7500,4,'',0,9500,4,'',0,8500,4,'',0,9500,4,'',0,4500,4,'',0,8500,4,'',0,9000,4,'',0,9000,4,'',0,8500,4,'',0,10000,4,'',0,4000,4,'',0,9000,4,'',0,8000,4,'',0,9000,4,'',0,4000,4,'',0,9000,4,'',0,8500,4,'',0,3500,4,'',0,16000,4,'',0,13000,4,'',0
'20240904',12809,51500,4,'',0,8500,4,'',0,5500,4,'',0,7500,4,'',0,9500,4,'',0,8500,4,'',0,9500,4,'',0,4500,4,'',0,8500,4,'',0,9000,4,'',0,9000,4,'',0,8500,4,'',0,10000,4,'',0,4000,4,'',0,9000,4,'',0,8000,4,'',0,9000,4,'',0,4000,4,'',0,9000,4,'',0,8500,4,'',0,3500,4,'',0,16000,4,'',0,13000,4,'',0
'20240905',12809,51500,4,'',0,8500,4,'',0,5500,4,'',0,7500,4,'',0,9500,4,'',0,8500,4,'',0,9500,4,'',0,4500,4,'',0,8500,4,'',0,9000,4,'',0,9000,4,'',0,8500,4,'',0,10000,4,'',0,4000,4,'',0,9000,4,'',0,8000,4,'',0,9000,4,'',0,4000,4,'',0,9000,4,'',0,8500,4,'',0,3500,4,'',0,16000,4,'',0,13000,4,'',0
'20240906',12809,51500,4,'',0,8500,4,'',0,5500,4,'',0,7500,4,'',0,9500,4,'',0,8500,4,'',0,9500,4,'',0,4500,4,'',0,8500,4,'',0,9000,4,'',0,9000,4,'',0,8500,4,'',0,10000,4,'',0,4000,4,'',0,9000,4,'',0,8000,4,'',0,9000,4,'',0,4000,4,'',0,9000,4,'',0,8500,4,'',0,3500,4,'',0,9000,4,'',0,7000,4,'',0,9000,4,'',0,4000,4,'',0,11000,4,'',0
'20240907',12809,51500,4,'',0,14000,4,'',0,7500,4,'',0,9500,4,'',0,8500,4,'',0,9500,4,'',0,4500,4,'',0,8500,4,'',0,9000,4,'',0,9000,4,'',0,8500,4,'',0,10000,4,'',0,4000,4,'',0,9000,4,'',0,8000,4,'',0,9000,4,'',0,4000,4,'',0,9000,4,'',0,8500,4,'',0,3500,4,'',0,9000,4,'',0,7000,4,'',0,13000,4,'',0
'20240908',12809,65500,4,'',0,7500,4,'',0,9500,4,'',0,8500,4,'',0,9500,4,'',0,4500,4,'',0,8500,4,'',0,9000,4,'',0,9000,4,'',0,8500,4,'',0,10000,4,'',0,4000,4,'',0,9000,4,'',0,8000,4,'',0,9000,4,'',0,4000,4,'',0,9000,4,'',0,8500,4,'',0,3500,4,'',0,9000,4,'',0,7000,4,'',0,9000,4,'',0,4000,4,'',0
'20240909',12809,51500,4,'',0,8500,4,'',0,5500,4,'',0,7500,4,'',0,9500,4,'',0,8500,4,'',0,9500,4,'',0,4500,4,'',0,8500,4,'',0,9000,4,'',0,9000,4,'',0,8500,4,'',0,10000,4,'',0,4000,4,'',0,9000,4,'',0,8000,4,'',0,9000,4,'',0,4000,4,'',0,9000,4,'',0,8500,4,'',0,3500,4,'',0,16000,4,'',0,13000,4,'',0
'20240910',12809,51500,4,'',0,8500,4,'',0,5500,4,'',0,7500,4,'',0,9500,4,'',0,8500,4,'',0,9500,4,'',0,4500,4,'',0,8500,4,'',0,9000,4,'',0,9000,4,'',0,8500,4,'',0,10000,4,'',0,4000,4,'',0,9000,4,'',0,8000,4,'',0,9000,4,'',0,4000,4,'',0,9000,4,'',0,8500,4,'',0,3500,4,'',0,16000,4,'',0,13000,4,'',0
'20240911',12809,51500,4,'',0,8500,4,'',0,5500,4,'',0,7500,4,'',0,9500,4,'',0,8500,4,'',0,9500,4,'',0,4500,4,'',0,8500,4,'',0,9000,4,'',0,9000,4,'',0,8500,4,'',0,10000,4,'',0,4000,4,'',0,9000,4,'',0,8000,4,'',0,9000,4,'',0,4000,4,'',0,9000,4,'',0,8500,4,'',0,3500,4,'',0,16000,4,'',0,13000,4,'',0
'20240912',12809,51500,4,'',0,8500,4,'',0,5500,4,'',0,7500,4,'',0,9500,4,'',0,8500,4,'',0,9500,4,'',0,4500,4,'',0,8500,4,'',0,9000,4,'',0,9000,4,'',0,8500,4,'',0,10000,4,'',0,4000,4,'',0,9000,4,'',0,8000,4,'',0,9000,4,'',0,4000,4,'',0,9000,4,'',0,8500,4,'',0,3500,4,'',0,16000,4,'',0,13000,4,'',0
'20240913',12809,51500,4,'',0,8500,4,'',0,5500,4,'',0,7500,4,'',0,9500,4,'',0,8500,4,'',0,9500,4,'',0,4500,4,'',0,8500,4,'',0,9000,4,'',0,9000,4,'',0,8500,4,'',0,10000,4,'',0,4000,4,'',0,9000,4,'',0,8000,4,'',0,9000,4,'',0,4000,4,'',0,9000,4,'',0,8500,4,'',0,3500,4,'',0,9000,4,'',0,7000,4,'',0,9000,4,'',0,4000,4,'',0,11000,4,'',0
'20240914',12809,51500,4,'',0,14000,4,'',0,7500,4,'',0,9500,4,'',0,8500,4,'',0,9500,4,'',0,4500,4,'',0,8500,4,'',0,9000,4,'',0,9000,4,'',0,8500,4,'',0,10000,4,'',0,4000,4,'',0,9000,4,'',0,8000,4,'',0,9000,4,'',0,4000,4,'',0,9000,4,'',0,8500,4,'',0,3500,4,'',0,9000,4,'',0,7000,4,'',0,13000,4,'',0
'20240915',12809,65500,4,'',0,7500,4,'',0,9500,4,'',0,8500,4,'',0,9500,4,'',0,4500,4,'',0,8500,4,'',0,9000,4,'',0,9000,4,'',0,8500,4,'',0,10000,4,'',0,4000,4,'',0,9000,4,'',0,8000,4,'',0,9000,4,'',0,4000,4,'',0,9000,4,'',0,8500,4,'',0,3500,4,'',0,9000,4,'',0,7000,4,'',0,9000,4,'',0,4000,4,'',0
'20240916',12809,51500,4,'',0,8500,4,'',0,5500,4,'',0,7500,4,'',0,9500,4,'',0,8500,4,'',0,9500,4,'',0,4500,4,'',0,8500,4,'',0,9000,4,'',0,9000,4,'',0,8500,4,'',0,10000,4,'',0,4000,4,'',0,9000,4,'',0,8000,4,'',0,9000,4,'',0,4000,4,'',0,9000,4,'',0,8500,4,'',0,3500,4,'',0,16000,4,'',0,13000,4,'',0
'20240917',12809,51500,4,'',0,8500,4,'',0,5500,4,'',0,7500,4,'',0,9500,4,'',0,8500,4,'',0,9500,4,'',0,4500,4,'',0,8500,4,'',0,9000,4,'',0,9000,4,'',0,8500,4,'',0,10000,4,'',0,4000,4,'',0,9000,4,'',0,8000,4,'',0,9000,4,'',0,4000,4,'',0,9000,4,'',0,8500,4,'',0,3500,4,'',0,16000,4,'',0,13000,4,'',0
'20240918',12809,51500,4,'',0,8500,4,'',0,5500,4,'',0,7500,4,'',0,9500,4,'',0,8500,4,'',0,9500,4,'',0,4500,4,'',0,8500,4,'',0,9000,4,'',0,9000,4,'',0,8500,4,'',0,10000,4,'',0,4000,4,'',0,9000,4,'',0,8000,4,'',0,9000,4,'',0,4000,4,'',0,9000,4,'',0,8500,4,'',0,3500,4,'',0,16000,4,'',0,13000,4,'',0
'20240919',12809,51500,4,'',0,8500,4,'',0,5500,4,'',0,7500,4,'',0,9500,4,'',0,8500,4,'',0,9500,4,'',0,4500,4,'',0,8500,4,'',0,9000,4,'',0,9000,4,'',0,8500,4,'',0,10000,4,'',0,4000,4,'',0,9000,4,'',0,8000,4,'',0,9000,4,'',0,4000,4,'',0,9000,4,'',0,8500,4,'',0,3500,4,'',0,16000,4,'',0,13000,4,'',0
'20240920',12809,51500,4,'',0,8500,4,'',0,5500,4,'',0,7500,4,'',0,9500,4,'',0,8500,4,'',0,9500,4,'',0,4500,4,'',0,8500,4,'',0,9000,4,'',0,9000,4,'',0,8500,4,'',0,10000,4,'',0,4000,4,'',0,9000,4,'',0,8000,4,'',0,9000,4,'',0,4000,4,'',0,9000,4,'',0,8500,4,'',0,3500,4,'',0,9000,4,'',0,7000,4,'',0,9000,4,'',0,4000,4,'',0,11000,4,'',0
'20240921',12809,51500,4,'',0,14000,4,'',0,7500,4,'',0,9500,4,'',0,8500,4,'',0,9500,4,'',0,4500,4,'',0,8500,4,'',0,9000,4,'',0,9000,4,'',0,8500,4,'',0,10000,4,'',0,4000,4,'',0,9000,4,'',0,8000,4,'',0,9000,4,'',0,4000,4,'',0,9000,4,'',0,8500,4,'',0,3500,4,'',0,9000,4,'',0,7000,4,'',0,13000,4,'',0
'20240827',81209,53500,0,'''Kingston''',0,8000,0,'''Kingston''',0,9500,0,'''Kingston''',0,4500,0,'''Kingston''',0,9500,0,'''Kingston''',0,8500,0,'''Kingston''',0,8500,0,'''Kingston''',0,8500,0,'''Kingston''',0,5000,0,'''Kingston''',0,8500,0,'''Kingston''',0,9500,0,'''Kingston''',0,9000,0,'''Kingston''',0,9000,0,'''Kingston''',0,4000,0,'''Kingston''',0,9000,0,'''Kingston''',0,8000,0,'''Kingston''',0,9000,0,'''Kingston''',0,8500,0,'''Kingston''',0,4000,0,'''Kingston''',0,9000,0,'''Kingston''',0,7500,0,'''Kingston''',0,12000,0,'''Kingston''',0,12000,0,'''Kingston''',0
'20240828',81209,53500,0,'''Kingston''',0,8000,0,'''Kingston''',0,9500,0,'''Kingston''',0,4500,0,'''Kingston''',0,9500,0,'''Kingston''',0,8500,0,'''Kingston''',0,8500,0,'''Kingston''',0,8500,0,'''Kingston''',0,5000,0,'''Kingston''',0,8500,0,'''Kingston''',0,9500,0,'''Kingston''',0,9000,0,'''Kingston''',0,9000,0,'''Kingston''',0,4000,0,'''Kingston''',0,9000,0,'''Kingston''',0,8000,0,'''Kingston''',0,9000,0,'''Kingston''',0,8500,0,'''Kingston''',0,4000,0,'''Kingston''',0,9000,0,'''Kingston''',0,7500,0,'''Kingston''',0,12000,0,'''Kingston''',0,12000,0,'''Kingston''',0
'20240829',81209,53500,0,'''Kingston''',0,8000,0,'''Kingston''',0,9500,0,'''Kingston''',0,4500,0,'''Kingston''',0,9500,0,'''Kingston''',0,8500,0,'''Kingston''',0,8500,0,'''Kingston''',0,8500,0,'''Kingston''',0,5000,0,'''Kingston''',0,8500,0,'''Kingston''',0,9500,0,'''Kingston''',0,9000,0,'''Kingston''',0,9000,0,'''Kingston''',0,4000,0,'''Kingston''',0,9000,0,'''Kingston''',0,8000,0,'''Kingston''',0,9000,0,'''Kingston''',0,8500,0,'''Kingston''',0,4000,0,'''Kingston''',0,9000,0,'''Kingston''',0,7500,0,'''Kingston''',0,12000,0,'''Kingston''',0,12000,0,'''Kingston''',0
'20240830',81209,53500,0,'''Kingston''',0,8000,0,'''Kingston''',0,9500,0,'''Kingston''',0,4500,0,'''Kingston''',0,9500,0,'''Kingston''',0,8500,0,'''Kingston''',0,8500,0,'''Kingston''',0,8500,0,'''Kingston''',0,5000,0,'''Kingston''',0,8500,0,'''Kingston''',0,9500,0,'''Kingston''',0,9000,0,'''Kingston''',0,9000,0,'''Kingston''',0,4000,0,'''Kingston''',0,9000,0,'''Kingston''',0,8000,0,'''Kingston''',0,9000,0,'''Kingston''',0,8500,0,'''Kingston''',0,4000,0,'''Kingston''',0,9000,0,'''Kingston''',0,7500,0,'''Kingston''',0,4500,0,'''Kingston''',0,7500,0,'''Kingston''',0,8500,0,'''Kingston''',0,3500,0,'''Kingston''',0,11000,0,'''Kingston''',0
'20240831',81209,53500,0,'''Kingston''',0,17500,0,'''Kingston''',0,4500,0,'''Kingston''',0,9500,0,'''Kingston''',0,8500,0,'''Kingston''',0,8500,0,'''Kingston''',0,8500,0,'''Kingston''',0,5000,0,'''Kingston''',0,8500,0,'''Kingston''',0,9500,0,'''Kingston''',0,9000,0,'''Kingston''',0,9000,0,'''Kingston''',0,4000,0,'''Kingston''',0,9000,0,'''Kingston''',0,8000,0,'''Kingston''',0,9000,0,'''Kingston''',0,8500,0,'''Kingston''',0,4000,0,'''Kingston''',0,9000,0,'''Kingston''',0,7500,0,'''Kingston''',0,4500,0,'''Kingston''',0,7500,0,'''Kingston''',0,12000,0,'''Kingston''',0
'20240901',81209,71000,0,'''Kingston''',0,4500,0,'''Kingston''',0,9500,0,'''Kingston''',0,8500,0,'''Kingston''',0,8500,0,'''Kingston''',0,8500,0,'''Kingston''',0,5000,0,'''Kingston''',0,8500,0,'''Kingston''',0,9500,0,'''Kingston''',0,9000,0,'''Kingston''',0,9000,0,'''Kingston''',0,4000,0,'''Kingston''',0,9000,0,'''Kingston''',0,8000,0,'''Kingston''',0,9000,0,'''Kingston''',0,8500,0,'''Kingston''',0,4000,0,'''Kingston''',0,9000,0,'''Kingston''',0,7500,0,'''Kingston''',0,4500,0,'''Kingston''',0,7500,0,'''Kingston''',0,8500,0,'''Kingston''',0,3500,0,'''Kingston''',0
'20240902',81209,53500,0,'''Kingston''',0,17500,0,'''Kingston''',0,4500,0,'''Kingston''',0,9500,0,'''Kingston''',0,8500,0,'''Kingston''',0,8500,0,'''Kingston''',0,8500,0,'''Kingston''',0,5000,0,'''Kingston''',0,8500,0,'''Kingston''',0,9500,0,'''Kingston''',0,9000,0,'''Kingston''',0,9000,0,'''Kingston''',0,4000,0,'''Kingston''',0,9000,0,'''Kingston''',0,8000,0,'''Kingston''',0,9000,0,'''Kingston''',0,8500,0,'''Kingston''',0,4000,0,'''Kingston''',0,9000,0,'''Kingston''',0,7500,0,'''Kingston''',0,4500,0,'''Kingston''',0,7500,0,'''Kingston''',0,12000,0,'''Kingston''',0
'20240903',81209,53500,0,'''Kingston''',0,8000,0,'''Kingston''',0,9500,0,'''Kingston''',0,4500,0,'''Kingston''',0,9500,0,'''Kingston''',0,8500,0,'''Kingston''',0,8500,0,'''Kingston''',0,8500,0,'''Kingston''',0,5000,0,'''Kingston''',0,8500,0,'''Kingston''',0,9500,0,'''Kingston''',0,9000,0,'''Kingston''',0,9000,0,'''Kingston''',0,4000,0,'''Kingston''',0,9000,0,'''Kingston''',0,8000,0,'''Kingston''',0,9000,0,'''Kingston''',0,8500,0,'''Kingston''',0,4000,0,'''Kingston''',0,9000,0,'''Kingston''',0,7500,0,'''Kingston''',0,12000,0,'''Kingston''',0,12000,0,'''Kingston''',0
'20240904',81209,53500,0,'''Kingston''',0,8000,0,'''Kingston''',0,9500,0,'''Kingston''',0,4500,0,'''Kingston''',0,9500,0,'''Kingston''',0,8500,0,'''Kingston''',0,8500,0,'''Kingston''',0,8500,0,'''Kingston''',0,5000,0,'''Kingston''',0,8500,0,'''Kingston''',0,9500,0,'''Kingston''',0,9000,0,'''Kingston''',0,9000,0,'''Kingston''',0,4000,0,'''Kingston''',0,9000,0,'''Kingston''',0,8000,0,'''Kingston''',0,9000,0,'''Kingston''',0,8500,0,'''Kingston''',0,4000,0,'''Kingston''',0,9000,0,'''Kingston''',0,7500,0,'''Kingston''',0,12000,0,'''Kingston''',0,12000,0,'''Kingston''',0
'20240905',81209,53500,0,'''Kingston''',0,8000,0,'''Kingston''',0,9500,0,'''Kingston''',0,4500,0,'''Kingston''',0,9500,0,'''Kingston''',0,8500,0,'''Kingston''',0,8500,0,'''Kingston''',0,8500,0,'''Kingston''',0,5000,0,'''Kingston''',0,8500,0,'''Kingston''',0,9500,0,'''Kingston''',0,9000,0,'''Kingston''',0,9000,0,'''Kingston''',0,4000,0,'''Kingston''',0,9000,0,'''Kingston''',0,8000,0,'''Kingston''',0,9000,0,'''Kingston''',0,8500,0,'''Kingston''',0,4000,0,'''Kingston''',0,9000,0,'''Kingston''',0,7500,0,'''Kingston''',0,12000,0,'''Kingston''',0,12000,0,'''Kingston''',0
'20240906',81209,53500,0,'''Kingston''',0,8000,0,'''Kingston''',0,9500,0,'''Kingston''',0,4500,0,'''Kingston''',0,9500,0,'''Kingston''',0,8500,0,'''Kingston''',0,8500,0,'''Kingston''',0,8500,0,'''Kingston''',0,5000,0,'''Kingston''',0,8500,0,'''Kingston''',0,9500,0,'''Kingston''',0,9000,0,'''Kingston''',0,9000,0,'''Kingston''',0,4000,0,'''Kingston''',0,9000,0,'''Kingston''',0,8000,0,'''Kingston''',0,9000,0,'''Kingston''',0,8500,0,'''Kingston''',0,4000,0,'''Kingston''',0,9000,0,'''Kingston''',0,7500,0,'''Kingston''',0,4500,0,'''Kingston''',0,7500,0,'''Kingston''',0,8500,0,'''Kingston''',0,3500,0,'''Kingston''',0,11000,0,'''Kingston''',0
'20240907',81209,53500,0,'''Kingston''',0,17500,0,'''Kingston''',0,4500,0,'''Kingston''',0,9500,0,'''Kingston''',0,8500,0,'''Kingston''',0,8500,0,'''Kingston''',0,8500,0,'''Kingston''',0,5000,0,'''Kingston''',0,8500,0,'''Kingston''',0,9500,0,'''Kingston''',0,9000,0,'''Kingston''',0,9000,0,'''Kingston''',0,4000,0,'''Kingston''',0,9000,0,'''Kingston''',0,8000,0,'''Kingston''',0,9000,0,'''Kingston''',0,8500,0,'''Kingston''',0,4000,0,'''Kingston''',0,9000,0,'''Kingston''',0,7500,0,'''Kingston''',0,4500,0,'''Kingston''',0,7500,0,'''Kingston''',0,12000,0,'''Kingston''',0
'20240908',81209,71000,0,'''Kingston''',0,4500,0,'''Kingston''',0,9500,0,'''Kingston''',0,8500,0,'''Kingston''',0,8500,0,'''Kingston''',0,8500,0,'''Kingston''',0,5000,0,'''Kingston''',0,8500,0,'''Kingston''',0,9500,0,'''Kingston''',0,9000,0,'''Kingston''',0,9000,0,'''Kingston''',0,4000,0,'''Kingston''',0,9000,0,'''Kingston''',0,8000,0,'''Kingston''',0,9000,0,'''Kingston''',0,8500,0,'''Kingston''',0,4000,0,'''Kingston''',0,9000,0,'''Kingston''',0,7500,0,'''Kingston''',0,4500,0,'''Kingston''',0,7500,0,'''Kingston''',0,8500,0,'''Kingston''',0,3500,0,'''Kingston''',0
'20240909',81209,53500,0,'''Kingston''',0,8000,0,'''Kingston''',0,9500,0,'''Kingston''',0,4500,0,'''Kingston''',0,9500,0,'''Kingston''',0,8500,0,'''Kingston''',0,8500,0,'''Kingston''',0,8500,0,'''Kingston''',0,5000,0,'''Kingston''',0,8500,0,'''Kingston''',0,9500,0,'''Kingston''',0,9000,0,'''Kingston''',0,9000,0,'''Kingston''',0,4000,0,'''Kingston''',0,9000,0,'''Kingston''',0,8000,0,'''Kingston''',0,9000,0,'''Kingston''',0,8500,0,'''Kingston''',0,4000,0,'''Kingston''',0,9000,0,'''Kingston''',0,7500,0,'''Kingston''',0,12000,0,'''Kingston''',0,12000,0,'''Kingston''',0
'20240910',81209,53500,0,'''Kingston''',0,8000,0,'''Kingston''',0,9500,0,'''Kingston''',0,4500,0,'''Kingston''',0,9500,0,'''Kingston''',0,8500,0,'''Kingston''',0,8500,0,'''Kingston''',0,8500,0,'''Kingston''',0,5000,0,'''Kingston''',0,8500,0,'''Kingston''',0,9500,0,'''Kingston''',0,9000,0,'''Kingston''',0,9000,0,'''Kingston''',0,4000,0,'''Kingston''',0,9000,0,'''Kingston''',0,8000,0,'''Kingston''',0,9000,0,'''Kingston''',0,8500,0,'''Kingston''',0,4000,0,'''Kingston''',0,9000,0,'''Kingston''',0,7500,0,'''Kingston''',0,12000,0,'''Kingston''',0,12000,0,'''Kingston''',0
'20240911',81209,53500,0,'''Kingston''',0,8000,0,'''Kingston''',0,9500,0,'''Kingston''',0,4500,0,'''Kingston''',0,9500,0,'''Kingston''',0,8500,0,'''Kingston''',0,8500,0,'''Kingston''',0,8500,0,'''Kingston''',0,5000,0,'''Kingston''',0,8500,0,'''Kingston''',0,9500,0,'''Kingston''',0,9000,0,'''Kingston''',0,9000,0,'''Kingston''',0,4000,0,'''Kingston''',0,9000,0,'''Kingston''',0,8000,0,'''Kingston''',0,9000,0,'''Kingston''',0,8500,0,'''Kingston''',0,4000,0,'''Kingston''',0,9000,0,'''Kingston''',0,7500,0,'''Kingston''',0,12000,0,'''Kingston''',0,12000,0,'''Kingston''',0
'20240912',81209,53500,0,'''Kingston''',0,8000,0,'''Kingston''',0,9500,0,'''Kingston''',0,4500,0,'''Kingston''',0,9500,0,'''Kingston''',0,8500,0,'''Kingston''',0,8500,0,'''Kingston''',0,8500,0,'''Kingston''',0,5000,0,'''Kingston''',0,8500,0,'''Kingston''',0,9500,0,'''Kingston''',0,9000,0,'''Kingston''',0,9000,0,'''Kingston''',0,4000,0,'''Kingston''',0,9000,0,'''Kingston''',0,8000,0,'''Kingston''',0,9000,0,'''Kingston''',0,8500,0,'''Kingston''',0,4000,0,'''Kingston''',0,9000,0,'''Kingston''',0,7500,0,'''Kingston''',0,12000,0,'''Kingston''',0,12000,0,'''Kingston''',0
'20240913',81209,53500,0,'''Kingston''',0,8000,0,'''Kingston''',0,9500,0,'''Kingston''',0,4500,0,'''Kingston''',0,9500,0,'''Kingston''',0,8500,0,'''Kingston''',0,8500,0,'''Kingston''',0,8500,0,'''Kingston''',0,5000,0,'''Kingston''',0,8500,0,'''Kingston''',0,9500,0,'''Kingston''',0,9000,0,'''Kingston''',0,9000,0,'''Kingston''',0,4000,0,'''Kingston''',0,9000,0,'''Kingston''',0,8000,0,'''Kingston''',0,9000,0,'''Kingston''',0,8500,0,'''Kingston''',0,4000,0,'''Kingston''',0,9000,0,'''Kingston''',0,7500,0,'''Kingston''',0,4500,0,'''Kingston''',0,7500,0,'''Kingston''',0,8500,0,'''Kingston''',0,3500,0,'''Kingston''',0,11000,0,'''Kingston''',0
'20240914',81209,53500,0,'''Kingston''',0,17500,0,'''Kingston''',0,4500,0,'''Kingston''',0,9500,0,'''Kingston''',0,8500,0,'''Kingston''',0,8500,0,'''Kingston''',0,8500,0,'''Kingston''',0,5000,0,'''Kingston''',0,8500,0,'''Kingston''',0,9500,0,'''Kingston''',0,9000,0,'''Kingston''',0,9000,0,'''Kingston''',0,4000,0,'''Kingston''',0,9000,0,'''Kingston''',0,8000,0,'''Kingston''',0,9000,0,'''Kingston''',0,8500,0,'''Kingston''',0,4000,0,'''Kingston''',0,9000,0,'''Kingston''',0,7500,0,'''Kingston''',0,4500,0,'''Kingston''',0,7500,0,'''Kingston''',0,12000,0,'''Kingston''',0
'20240915',81209,71000,0,'''Kingston''',0,4500,0,'''Kingston''',0,9500,0,'''Kingston''',0,8500,0,'''Kingston''',0,8500,0,'''Kingston''',0,8500,0,'''Kingston''',0,5000,0,'''Kingston''',0,8500,0,'''Kingston''',0,9500,0,'''Kingston''',0,9000,0,'''Kingston''',0,9000,0,'''Kingston''',0,4000,0,'''Kingston''',0,9000,0,'''Kingston''',0,8000,0,'''Kingston''',0,9000,0,'''Kingston''',0,8500,0,'''Kingston''',0,4000,0,'''Kingston''',0,9000,0,'''Kingston''',0,7500,0,'''Kingston''',0,4500,0,'''Kingston''',0,7500,0,'''Kingston''',0,8500,0,'''Kingston''',0,3500,0,'''Kingston''',0
'20240916',81209,53500,0,'''Kingston''',0,8000,0,'''Kingston''',0,9500,0,'''Kingston''',0,4500,0,'''Kingston''',0,9500,0,'''Kingston''',0,8500,0,'''Kingston''',0,8500,0,'''Kingston''',0,8500,0,'''Kingston''',0,5000,0,'''Kingston''',0,8500,0,'''Kingston''',0,9500,0,'''Kingston''',0,9000,0,'''Kingston''',0,9000,0,'''Kingston''',0,4000,0,'''Kingston''',0,9000,0,'''Kingston''',0,8000,0,'''Kingston''',0,9000,0,'''Kingston''',0,8500,0,'''Kingston''',0,4000,0,'''Kingston''',0,9000,0,'''Kingston''',0,7500,0,'''Kingston''',0,12000,0,'''Kingston''',0,12000,0,'''Kingston''',0
'20240917',81209,53500,0,'''Kingston''',0,8000,0,'''Kingston''',0,9500,0,'''Kingston''',0,4500,0,'''Kingston''',0,9500,0,'''Kingston''',0,8500,0,'''Kingston''',0,8500,0,'''Kingston''',0,8500,0,'''Kingston''',0,5000,0,'''Kingston''',0,8500,0,'''Kingston''',0,9500,0,'''Kingston''',0,9000,0,'''Kingston''',0,9000,0,'''Kingston''',0,4000,0,'''Kingston''',0,9000,0,'''Kingston''',0,8000,0,'''Kingston''',0,9000,0,'''Kingston''',0,8500,0,'''Kingston''',0,4000,0,'''Kingston''',0,9000,0,'''Kingston''',0,7500,0,'''Kingston''',0,12000,0,'''Kingston''',0,12000,0,'''Kingston''',0
'20240918',81209,53500,0,'''Kingston''',0,8000,0,'''Kingston''',0,9500,0,'''Kingston''',0,4500,0,'''Kingston''',0,9500,0,'''Kingston''',0,8500,0,'''Kingston''',0,8500,0,'''Kingston''',0,8500,0,'''Kingston''',0,5000,0,'''Kingston''',0,8500,0,'''Kingston''',0,9500,0,'''Kingston''',0,9000,0,'''Kingston''',0,9000,0,'''Kingston''',0,4000,0,'''Kingston''',0,9000,0,'''Kingston''',0,8000,0,'''Kingston''',0,9000,0,'''Kingston''',0,8500,0,'''Kingston''',0,4000,0,'''Kingston''',0,9000,0,'''Kingston''',0,7500,0,'''Kingston''',0,12000,0,'''Kingston''',0,12000,0,'''Kingston''',0
'20240919',81209,53500,0,'''Kingston''',0,8000,0,'''Kingston''',0,9500,0,'''Kingston''',0,4500,0,'''Kingston''',0,9500,0,'''Kingston''',0,8500,0,'''Kingston''',0,8500,0,'''Kingston''',0,8500,0,'''Kingston''',0,5000,0,'''Kingston''',0,8500,0,'''Kingston''',0,9500,0,'''Kingston''',0,9000,0,'''Kingston''',0,9000,0,'''Kingston''',0,4000,0,'''Kingston''',0,9000,0,'''Kingston''',0,8000,0,'''Kingston''',0,9000,0,'''Kingston''',0,8500,0,'''Kingston''',0,4000,0,'''Kingston''',0,9000,0,'''Kingston''',0,7500,0,'''Kingston''',0,12000,0,'''Kingston''',0,12000,0,'''Kingston''',0
'20240920',81209,53500,0,'''Kingston''',0,8000,0,'''Kingston''',0,9500,0,'''Kingston''',0,4500,0,'''Kingston''',0,9500,0,'''Kingston''',0,8500,0,'''Kingston''',0,8500,0,'''Kingston''',0,8500,0,'''Kingston''',0,5000,0,'''Kingston''',0,8500,0,'''Kingston''',0,9500,0,'''Kingston''',0,9000,0,'''Kingston''',0,9000,0,'''Kingston''',0,4000,0,'''Kingston''',0,9000,0,'''Kingston''',0,8000,0,'''Kingston''',0,9000,0,'''Kingston''',0,8500,0,'''Kingston''',0,4000,0,'''Kingston''',0,9000,0,'''Kingston''',0,7500,0,'''Kingston''',0,4500,0,'''Kingston''',0,7500,0,'''Kingston''',0,8500,0,'''Kingston''',0,3500,0,'''Kingston''',0,11000,0,'''Kingston''',0
'20240921',81209,53500,0,'''Kingston''',0,17500,0,'''Kingston''',0,4500,0,'''Kingston''',0,9500,0,'''Kingston''',0,8500,0,'''Kingston''',0,8500,0,'''Kingston''',0,8500,0,'''Kingston''',0,5000,0,'''Kingston''',0,8500,0,'''Kingston''',0,9500,0,'''Kingston''',0,9000,0,'''Kingston''',0,9000,0,'''Kingston''',0,4000,0,'''Kingston''',0,9000,0,'''Kingston''',0,8000,0,'''Kingston''',0,9000,0,'''Kingston''',0,8500,0,'''Kingston''',0,4000,0,'''Kingston''',0,9000,0,'''Kingston''',0,7500,0,'''Kingston''',0,4500,0,'''Kingston''',0,7500,0,'''Kingston''',0,12000,0,'''Kingston''',0
