'20240924',20909,45000,4,'',0,9000,4,'',0,9000,4,'',0,9000,4,'',0,18500,4,'',0,13000,4,'',0,22000,4,'',0,8500,4,'',0,16000,4,'',0,4000,4,'',0,9500,4,'',0,7000,4,'',0,9500,4,'',0,4000,4,'',0,10000,4,'',0,6000,4,'',0,11500,4,'',0,28500,4,'',0,11500,4,'',0
'20240925',20909,45000,4,'',0,9000,4,'',0,9000,4,'',0,9000,4,'',0,18500,4,'',0,13000,4,'',0,22000,4,'',0,8500,4,'',0,16000,4,'',0,4000,4,'',0,9500,4,'',0,7000,4,'',0,9500,4,'',0,4000,4,'',0,10000,4,'',0,6000,4,'',0,11500,4,'',0,28500,4,'',0,11500,4,'',0
'20240926',20909,45000,4,'',0,9000,4,'',0,9000,4,'',0,9000,4,'',0,18500,4,'',0,13000,4,'',0,22000,4,'',0,8500,4,'',0,16000,4,'',0,4000,4,'',0,9500,4,'',0,7000,4,'',0,9500,4,'',0,4000,4,'',0,10000,4,'',0,6000,4,'',0,11500,4,'',0,28500,4,'',0,11500,4,'',0
'20240927',20909,45000,4,'',0,9000,4,'',0,9000,4,'',0,9000,4,'',0,18500,4,'',0,13000,4,'',0,22000,4,'',0,8500,4,'',0,16000,4,'',0,4000,4,'',0,9500,4,'',0,7000,4,'',0,9500,4,'',0,4000,4,'',0,10000,4,'',0,6000,4,'',0,11500,4,'',0,28500,4,'',0,11500,4,'',0
'20240928',20909,50000,4,'',0,13500,4,'',0,10000,4,'',0,6500,4,'',0,11500,4,'',0,3000,4,'',0,18000,4,'',0,17500,4,'',0,5000,4,'',0,18000,4,'',0,18000,4,'',0,3500,4,'',0,18000,4,'',0,2000,4,'',0,15500,4,'',0,30000,4,'',0,11500,4,'',0
'20240929',20909,50000,4,'',0,13500,4,'',0,10000,4,'',0,6500,4,'',0,11500,4,'',0,3000,4,'',0,18000,4,'',0,17500,4,'',0,5000,4,'',0,18000,4,'',0,18000,4,'',0,3500,4,'',0,18000,4,'',0,2000,4,'',0,15500,4,'',0,30000,4,'',0,11500,4,'',0
'20240930',20909,45000,4,'',0,9000,4,'',0,9000,4,'',0,9000,4,'',0,18500,4,'',0,13000,4,'',0,22000,4,'',0,8500,4,'',0,16000,4,'',0,4000,4,'',0,9500,4,'',0,7000,4,'',0,9500,4,'',0,4000,4,'',0,10000,4,'',0,6000,4,'',0,11500,4,'',0,28500,4,'',0,11500,4,'',0
'20241001',20909,45000,4,'',0,9000,4,'',0,9000,4,'',0,9000,4,'',0,18500,4,'',0,13000,4,'',0,22000,4,'',0,8500,4,'',0,16000,4,'',0,4000,4,'',0,9500,4,'',0,7000,4,'',0,9500,4,'',0,4000,4,'',0,10000,4,'',0,6000,4,'',0,11500,4,'',0,28500,4,'',0,11500,4,'',0
'20241002',20909,45000,4,'',0,9000,4,'',0,9000,4,'',0,9000,4,'',0,18500,4,'',0,13000,4,'',0,22000,4,'',0,8500,4,'',0,16000,4,'',0,4000,4,'',0,9500,4,'',0,7000,4,'',0,9500,4,'',0,4000,4,'',0,10000,4,'',0,6000,4,'',0,11500,4,'',0,28500,4,'',0,11500,4,'',0
'20241003',20909,45000,4,'',0,9000,4,'',0,9000,4,'',0,9000,4,'',0,18500,4,'',0,13000,4,'',0,22000,4,'',0,8500,4,'',0,16000,4,'',0,4000,4,'',0,9500,4,'',0,7000,4,'',0,9500,4,'',0,4000,4,'',0,10000,4,'',0,6000,4,'',0,11500,4,'',0,28500,4,'',0,11500,4,'',0
'20241004',20909,45000,4,'',0,9000,4,'',0,9000,4,'',0,9000,4,'',0,18500,4,'',0,13000,4,'',0,22000,4,'',0,8500,4,'',0,16000,4,'',0,4000,4,'',0,9500,4,'',0,7000,4,'',0,9500,4,'',0,4000,4,'',0,10000,4,'',0,6000,4,'',0,11500,4,'',0,28500,4,'',0,11500,4,'',0
'20241005',20909,50000,4,'',0,13500,4,'',0,10000,4,'',0,6500,4,'',0,11500,4,'',0,3000,4,'',0,18000,4,'',0,17500,4,'',0,5000,4,'',0,18000,4,'',0,18000,4,'',0,3500,4,'',0,18000,4,'',0,2000,4,'',0,15500,4,'',0,30000,4,'',0,11500,4,'',0
'20241006',20909,50000,4,'',0,13500,4,'',0,10000,4,'',0,6500,4,'',0,11500,4,'',0,3000,4,'',0,18000,4,'',0,17500,4,'',0,5000,4,'',0,18000,4,'',0,18000,4,'',0,3500,4,'',0,18000,4,'',0,2000,4,'',0,15500,4,'',0,30000,4,'',0,11500,4,'',0
'20241007',20909,45000,4,'',0,9000,4,'',0,9000,4,'',0,9000,4,'',0,18500,4,'',0,13000,4,'',0,22000,4,'',0,8500,4,'',0,16000,4,'',0,4000,4,'',0,9500,4,'',0,7000,4,'',0,9500,4,'',0,4000,4,'',0,10000,4,'',0,6000,4,'',0,11500,4,'',0,28500,4,'',0,11500,4,'',0
'20241008',20909,45000,4,'',0,9000,4,'',0,9000,4,'',0,9000,4,'',0,18500,4,'',0,13000,4,'',0,22000,4,'',0,8500,4,'',0,16000,4,'',0,4000,4,'',0,9500,4,'',0,7000,4,'',0,9500,4,'',0,4000,4,'',0,10000,4,'',0,6000,4,'',0,11500,4,'',0,28500,4,'',0,11500,4,'',0
'20241009',20909,45000,4,'',0,9000,4,'',0,9000,4,'',0,9000,4,'',0,18500,4,'',0,13000,4,'',0,22000,4,'',0,8500,4,'',0,16000,4,'',0,4000,4,'',0,9500,4,'',0,7000,4,'',0,9500,4,'',0,4000,4,'',0,10000,4,'',0,6000,4,'',0,11500,4,'',0,28500,4,'',0,11500,4,'',0
'20241010',20909,45000,4,'',0,9000,4,'',0,9000,4,'',0,9000,4,'',0,18500,4,'',0,13000,4,'',0,22000,4,'',0,8500,4,'',0,16000,4,'',0,4000,4,'',0,9500,4,'',0,7000,4,'',0,9500,4,'',0,4000,4,'',0,10000,4,'',0,6000,4,'',0,11500,4,'',0,28500,4,'',0,11500,4,'',0
'20241011',20909,45000,4,'',0,9000,4,'',0,9000,4,'',0,9000,4,'',0,18500,4,'',0,13000,4,'',0,22000,4,'',0,8500,4,'',0,16000,4,'',0,4000,4,'',0,9500,4,'',0,7000,4,'',0,9500,4,'',0,4000,4,'',0,10000,4,'',0,6000,4,'',0,11500,4,'',0,28500,4,'',0,11500,4,'',0
'20241012',20909,50000,4,'',0,13500,4,'',0,10000,4,'',0,6500,4,'',0,11500,4,'',0,3000,4,'',0,18000,4,'',0,17500,4,'',0,5000,4,'',0,18000,4,'',0,18000,4,'',0,3500,4,'',0,18000,4,'',0,2000,4,'',0,15500,4,'',0,30000,4,'',0,11500,4,'',0
'20241013',20909,50000,4,'',0,13500,4,'',0,10000,4,'',0,6500,4,'',0,11500,4,'',0,3000,4,'',0,18000,4,'',0,17500,4,'',0,5000,4,'',0,18000,4,'',0,18000,4,'',0,3500,4,'',0,18000,4,'',0,2000,4,'',0,15500,4,'',0,30000,4,'',0,11500,4,'',0
'20241014',20909,45000,4,'',0,9000,4,'',0,9000,4,'',0,9000,4,'',0,18500,4,'',0,13000,4,'',0,22000,4,'',0,8500,4,'',0,16000,4,'',0,4000,4,'',0,9500,4,'',0,7000,4,'',0,9500,4,'',0,4000,4,'',0,10000,4,'',0,6000,4,'',0,11500,4,'',0,28500,4,'',0,11500,4,'',0
'20241015',20909,45000,4,'',0,9000,4,'',0,9000,4,'',0,9000,4,'',0,18500,4,'',0,13000,4,'',0,22000,4,'',0,8500,4,'',0,16000,4,'',0,4000,4,'',0,9500,4,'',0,7000,4,'',0,9500,4,'',0,4000,4,'',0,10000,4,'',0,6000,4,'',0,11500,4,'',0,28500,4,'',0,11500,4,'',0
'20241016',20909,45000,4,'',0,9000,4,'',0,9000,4,'',0,9000,4,'',0,18500,4,'',0,13000,4,'',0,22000,4,'',0,8500,4,'',0,16000,4,'',0,4000,4,'',0,9500,4,'',0,7000,4,'',0,9500,4,'',0,4000,4,'',0,10000,4,'',0,6000,4,'',0,11500,4,'',0,28500,4,'',0,11500,4,'',0
'20241017',20909,45000,4,'',0,9000,4,'',0,9000,4,'',0,9000,4,'',0,18500,4,'',0,13000,4,'',0,22000,4,'',0,8500,4,'',0,16000,4,'',0,4000,4,'',0,9500,4,'',0,7000,4,'',0,9500,4,'',0,4000,4,'',0,10000,4,'',0,6000,4,'',0,11500,4,'',0,28500,4,'',0,11500,4,'',0
'20241018',20909,45000,4,'',0,9000,4,'',0,9000,4,'',0,9000,4,'',0,18500,4,'',0,13000,4,'',0,22000,4,'',0,8500,4,'',0,16000,4,'',0,4000,4,'',0,9500,4,'',0,7000,4,'',0,9500,4,'',0,4000,4,'',0,10000,4,'',0,6000,4,'',0,11500,4,'',0,28500,4,'',0,11500,4,'',0
'20241019',20909,50000,4,'',0,13500,4,'',0,10000,4,'',0,6500,4,'',0,11500,4,'',0,3000,4,'',0,18000,4,'',0,17500,4,'',0,5000,4,'',0,18000,4,'',0,18000,4,'',0,3500,4,'',0,18000,4,'',0,2000,4,'',0,15500,4,'',0,30000,4,'',0,11500,4,'',0
'20241020',20909,50000,4,'',0,13500,4,'',0,10000,4,'',0,6500,4,'',0,11500,4,'',0,3000,4,'',0,18000,4,'',0,17500,4,'',0,5000,4,'',0,18000,4,'',0,18000,4,'',0,3500,4,'',0,18000,4,'',0,2000,4,'',0,15500,4,'',0,30000,4,'',0,11500,4,'',0
'20241021',20909,45000,4,'',0,9000,4,'',0,9000,4,'',0,9000,4,'',0,18500,4,'',0,13000,4,'',0,22000,4,'',0,8500,4,'',0,16000,4,'',0,4000,4,'',0,9500,4,'',0,7000,4,'',0,9500,4,'',0,4000,4,'',0,10000,4,'',0,6000,4,'',0,11500,4,'',0,28500,4,'',0,11500,4,'',0
'20241022',20909,45000,4,'',0,9000,4,'',0,9000,4,'',0,9000,4,'',0,18500,4,'',0,13000,4,'',0,22000,4,'',0,8500,4,'',0,16000,4,'',0,4000,4,'',0,9500,4,'',0,7000,4,'',0,9500,4,'',0,4000,4,'',0,10000,4,'',0,6000,4,'',0,11500,4,'',0,28500,4,'',0,11500,4,'',0
'20241023',20909,45000,4,'',0,9000,4,'',0,9000,4,'',0,9000,4,'',0,18500,4,'',0,13000,4,'',0,22000,4,'',0,8500,4,'',0,16000,4,'',0,4000,4,'',0,9500,4,'',0,7000,4,'',0,9500,4,'',0,4000,4,'',0,10000,4,'',0,6000,4,'',0,11500,4,'',0,28500,4,'',0,11500,4,'',0
'20241024',20909,45000,4,'',0,9000,4,'',0,9000,4,'',0,9000,4,'',0,18500,4,'',0,13000,4,'',0,22000,4,'',0,8500,4,'',0,16000,4,'',0,4000,4,'',0,9500,4,'',0,7000,4,'',0,9500,4,'',0,4000,4,'',0,10000,4,'',0,6000,4,'',0,11500,4,'',0,28500,4,'',0,11500,4,'',0
'20241025',20909,45000,4,'',0,9000,4,'',0,9000,4,'',0,9000,4,'',0,18500,4,'',0,13000,4,'',0,22000,4,'',0,8500,4,'',0,16000,4,'',0,4000,4,'',0,9500,4,'',0,7000,4,'',0,9500,4,'',0,4000,4,'',0,10000,4,'',0,6000,4,'',0,11500,4,'',0,28500,4,'',0,11500,4,'',0
'20241026',20909,50000,4,'',0,13500,4,'',0,10000,4,'',0,6500,4,'',0,11500,4,'',0,3000,4,'',0,18000,4,'',0,17500,4,'',0,5000,4,'',0,18000,4,'',0,18000,4,'',0,3500,4,'',0,18000,4,'',0,2000,4,'',0,15500,4,'',0,30000,4,'',0,11500,4,'',0
'20241027',20909,50000,4,'',0,13500,4,'',0,10000,4,'',0,6500,4,'',0,11500,4,'',0,3000,4,'',0,18000,4,'',0,17500,4,'',0,5000,4,'',0,18000,4,'',0,18000,4,'',0,3500,4,'',0,18000,4,'',0,2000,4,'',0,15500,4,'',0,30000,4,'',0,11500,4,'',0
'20241028',20909,45000,4,'',0,9000,4,'',0,9000,4,'',0,9000,4,'',0,18500,4,'',0,13000,4,'',0,22000,4,'',0,8500,4,'',0,16000,4,'',0,4000,4,'',0,9500,4,'',0,7000,4,'',0,9500,4,'',0,4000,4,'',0,10000,4,'',0,6000,4,'',0,11500,4,'',0,28500,4,'',0,11500,4,'',0
'20241029',20909,45000,4,'',0,9000,4,'',0,9000,4,'',0,9000,4,'',0,18500,4,'',0,13000,4,'',0,22000,4,'',0,8500,4,'',0,16000,4,'',0,4000,4,'',0,9500,4,'',0,7000,4,'',0,9500,4,'',0,4000,4,'',0,10000,4,'',0,6000,4,'',0,11500,4,'',0,28500,4,'',0,11500,4,'',0
'20241030',20909,45000,4,'',0,9000,4,'',0,9000,4,'',0,9000,4,'',0,18500,4,'',0,13000,4,'',0,22000,4,'',0,8500,4,'',0,16000,4,'',0,4000,4,'',0,9500,4,'',0,7000,4,'',0,9500,4,'',0,4000,4,'',0,10000,4,'',0,6000,4,'',0,11500,4,'',0,28500,4,'',0,11500,4,'',0
'20241031',20909,45000,4,'',0,9000,4,'',0,9000,4,'',0,9000,4,'',0,18500,4,'',0,13000,4,'',0,22000,4,'',0,8500,4,'',0,16000,4,'',0,4000,4,'',0,9500,4,'',0,7000,4,'',0,9500,4,'',0,4000,4,'',0,10000,4,'',0,6000,4,'',0,11500,4,'',0,28500,4,'',0,11500,4,'',0
'20241101',20909,45000,4,'',0,9000,4,'',0,9000,4,'',0,9000,4,'',0,18500,4,'',0,13000,4,'',0,22000,4,'',0,8500,4,'',0,16000,4,'',0,4000,4,'',0,9500,4,'',0,7000,4,'',0,9500,4,'',0,4000,4,'',0,10000,4,'',0,6000,4,'',0,11500,4,'',0,28500,4,'',0,11500,4,'',0
'20241102',20909,50000,4,'',0,13500,4,'',0,10000,4,'',0,6500,4,'',0,11500,4,'',0,3000,4,'',0,18000,4,'',0,17500,4,'',0,5000,4,'',0,18000,4,'',0,18000,4,'',0,3500,4,'',0,18000,4,'',0,2000,4,'',0,15500,4,'',0,30000,4,'',0,11500,4,'',0
'20241103',20909,50000,4,'',0,13500,4,'',0,10000,4,'',0,6500,4,'',0,11500,4,'',0,3000,4,'',0,18000,4,'',0,17500,4,'',0,5000,4,'',0,18000,4,'',0,18000,4,'',0,3500,4,'',0,18000,4,'',0,2000,4,'',0,15500,4,'',0,30000,4,'',0,11500,4,'',0
'20241104',20909,45000,4,'',0,9000,4,'',0,9000,4,'',0,9000,4,'',0,18500,4,'',0,13000,4,'',0,22000,4,'',0,8500,4,'',0,16000,4,'',0,4000,4,'',0,9500,4,'',0,7000,4,'',0,9500,4,'',0,4000,4,'',0,10000,4,'',0,6000,4,'',0,11500,4,'',0,28500,4,'',0,11500,4,'',0
'20241105',20909,45000,4,'',0,9000,4,'',0,9000,4,'',0,9000,4,'',0,18500,4,'',0,13000,4,'',0,22000,4,'',0,8500,4,'',0,16000,4,'',0,4000,4,'',0,9500,4,'',0,7000,4,'',0,9500,4,'',0,4000,4,'',0,10000,4,'',0,6000,4,'',0,11500,4,'',0,28500,4,'',0,11500,4,'',0
'20241106',20909,45000,4,'',0,9000,4,'',0,9000,4,'',0,9000,4,'',0,18500,4,'',0,13000,4,'',0,22000,4,'',0,8500,4,'',0,16000,4,'',0,4000,4,'',0,9500,4,'',0,7000,4,'',0,9500,4,'',0,4000,4,'',0,10000,4,'',0,6000,4,'',0,11500,4,'',0,28500,4,'',0,11500,4,'',0
'20241107',20909,45000,4,'',0,9000,4,'',0,9000,4,'',0,9000,4,'',0,18500,4,'',0,13000,4,'',0,22000,4,'',0,8500,4,'',0,16000,4,'',0,4000,4,'',0,9500,4,'',0,7000,4,'',0,9500,4,'',0,4000,4,'',0,10000,4,'',0,6000,4,'',0,11500,4,'',0,28500,4,'',0,11500,4,'',0
'20241108',20909,45000,4,'',0,9000,4,'',0,9000,4,'',0,9000,4,'',0,18500,4,'',0,13000,4,'',0,22000,4,'',0,8500,4,'',0,16000,4,'',0,4000,4,'',0,9500,4,'',0,7000,4,'',0,9500,4,'',0,4000,4,'',0,10000,4,'',0,6000,4,'',0,11500,4,'',0,28500,4,'',0,11500,4,'',0
'20241109',20909,50000,4,'',0,13500,4,'',0,10000,4,'',0,6500,4,'',0,11500,4,'',0,3000,4,'',0,18000,4,'',0,17500,4,'',0,5000,4,'',0,18000,4,'',0,18000,4,'',0,3500,4,'',0,18000,4,'',0,2000,4,'',0,15500,4,'',0,30000,4,'',0,11500,4,'',0
'20241110',20909,50000,4,'',0,13500,4,'',0,10000,4,'',0,6500,4,'',0,11500,4,'',0,3000,4,'',0,18000,4,'',0,17500,4,'',0,5000,4,'',0,18000,4,'',0,18000,4,'',0,3500,4,'',0,18000,4,'',0,2000,4,'',0,15500,4,'',0,30000,4,'',0,11500,4,'',0
'20240924',22909,42500,4,'',0,2500,4,'',0,9000,4,'',0,9500,4,'',0,8500,4,'',0,1500,4,'',0,8000,4,'',0,9000,4,'',0,1500,4,'',0,9500,4,'',0,2000,4,'',0,26500,4,'',0,10000,4,'',0,14000,4,'',0,16500,4,'',0,10000,4,'',0,9500,4,'',0,13500,4,'',0,19000,4,'',0,9500,4,'',0,11500,4,'',0
'20240925',22909,42500,4,'',0,2500,4,'',0,9000,4,'',0,9500,4,'',0,8500,4,'',0,1500,4,'',0,8000,4,'',0,9000,4,'',0,1500,4,'',0,9500,4,'',0,2000,4,'',0,26500,4,'',0,10000,4,'',0,14000,4,'',0,16500,4,'',0,10000,4,'',0,9500,4,'',0,13500,4,'',0,19000,4,'',0,9500,4,'',0,11500,4,'',0
'20240926',22909,42500,4,'',0,2500,4,'',0,9000,4,'',0,9500,4,'',0,8500,4,'',0,1500,4,'',0,8000,4,'',0,9000,4,'',0,1500,4,'',0,9500,4,'',0,2000,4,'',0,26500,4,'',0,10000,4,'',0,14000,4,'',0,16500,4,'',0,10000,4,'',0,9500,4,'',0,13500,4,'',0,19000,4,'',0,9500,4,'',0,11500,4,'',0
'20240927',22909,42500,4,'',0,2500,4,'',0,9000,4,'',0,9500,4,'',0,8500,4,'',0,1500,4,'',0,8000,4,'',0,9000,4,'',0,1500,4,'',0,9500,4,'',0,2000,4,'',0,26500,4,'',0,10000,4,'',0,14000,4,'',0,16500,4,'',0,10000,4,'',0,9500,4,'',0,13500,4,'',0,19000,4,'',0,9500,4,'',0,11500,4,'',0
'20240928',22909,50000,4,'',0,13500,4,'',0,10000,4,'',0,6500,4,'',0,11500,4,'',0,3000,4,'',0,6500,4,'',0,9500,4,'',0,2000,4,'',0,8000,4,'',0,9500,4,'',0,5000,4,'',0,6000,4,'',0,9500,4,'',0,2500,4,'',0,7500,4,'',0,10500,4,'',0,3500,4,'',0,6000,4,'',0,12000,4,'',0,2000,4,'',0,10000,4,'',0,5500,4,'',0,12500,4,'',0,9500,4,'',0,11500,4,'',0
'20240929',22909,50000,4,'',0,13500,4,'',0,10000,4,'',0,6500,4,'',0,11500,4,'',0,3000,4,'',0,6500,4,'',0,9500,4,'',0,2000,4,'',0,8000,4,'',0,9500,4,'',0,5000,4,'',0,6000,4,'',0,9500,4,'',0,2500,4,'',0,7500,4,'',0,10500,4,'',0,3500,4,'',0,6000,4,'',0,12000,4,'',0,2000,4,'',0,10000,4,'',0,5500,4,'',0,12500,4,'',0,9500,4,'',0,11500,4,'',0
'20240930',22909,42500,4,'',0,2500,4,'',0,9000,4,'',0,9500,4,'',0,8500,4,'',0,1500,4,'',0,8000,4,'',0,9000,4,'',0,1500,4,'',0,9500,4,'',0,2000,4,'',0,26500,4,'',0,10000,4,'',0,14000,4,'',0,16500,4,'',0,10000,4,'',0,9500,4,'',0,13500,4,'',0,19000,4,'',0,9500,4,'',0,11500,4,'',0
'20241001',22909,42500,4,'',0,2500,4,'',0,9000,4,'',0,9500,4,'',0,8500,4,'',0,1500,4,'',0,8000,4,'',0,9000,4,'',0,1500,4,'',0,9500,4,'',0,2000,4,'',0,26500,4,'',0,10000,4,'',0,14000,4,'',0,16500,4,'',0,10000,4,'',0,9500,4,'',0,13500,4,'',0,19000,4,'',0,9500,4,'',0,11500,4,'',0
'20241002',22909,42500,4,'',0,2500,4,'',0,9000,4,'',0,9500,4,'',0,8500,4,'',0,1500,4,'',0,8000,4,'',0,9000,4,'',0,1500,4,'',0,9500,4,'',0,2000,4,'',0,26500,4,'',0,10000,4,'',0,14000,4,'',0,16500,4,'',0,10000,4,'',0,9500,4,'',0,13500,4,'',0,19000,4,'',0,9500,4,'',0,11500,4,'',0
'20241003',22909,42500,4,'',0,2500,4,'',0,9000,4,'',0,9500,4,'',0,8500,4,'',0,1500,4,'',0,8000,4,'',0,9000,4,'',0,1500,4,'',0,9500,4,'',0,2000,4,'',0,26500,4,'',0,10000,4,'',0,14000,4,'',0,16500,4,'',0,10000,4,'',0,9500,4,'',0,13500,4,'',0,19000,4,'',0,9500,4,'',0,11500,4,'',0
'20241004',22909,42500,4,'',0,2500,4,'',0,9000,4,'',0,9500,4,'',0,8500,4,'',0,1500,4,'',0,8000,4,'',0,9000,4,'',0,1500,4,'',0,9500,4,'',0,2000,4,'',0,26500,4,'',0,10000,4,'',0,14000,4,'',0,16500,4,'',0,10000,4,'',0,9500,4,'',0,13500,4,'',0,19000,4,'',0,9500,4,'',0,11500,4,'',0
'20241005',22909,50000,4,'',0,13500,4,'',0,10000,4,'',0,6500,4,'',0,11500,4,'',0,3000,4,'',0,6500,4,'',0,9500,4,'',0,2000,4,'',0,8000,4,'',0,9500,4,'',0,5000,4,'',0,6000,4,'',0,9500,4,'',0,2500,4,'',0,7500,4,'',0,10500,4,'',0,3500,4,'',0,6000,4,'',0,12000,4,'',0,2000,4,'',0,10000,4,'',0,5500,4,'',0,12500,4,'',0,9500,4,'',0,11500,4,'',0
'20241006',22909,50000,4,'',0,13500,4,'',0,10000,4,'',0,6500,4,'',0,11500,4,'',0,3000,4,'',0,6500,4,'',0,9500,4,'',0,2000,4,'',0,8000,4,'',0,9500,4,'',0,5000,4,'',0,6000,4,'',0,9500,4,'',0,2500,4,'',0,7500,4,'',0,10500,4,'',0,3500,4,'',0,6000,4,'',0,12000,4,'',0,2000,4,'',0,10000,4,'',0,5500,4,'',0,12500,4,'',0,9500,4,'',0,11500,4,'',0
'20241007',22909,42500,4,'',0,2500,4,'',0,9000,4,'',0,9500,4,'',0,8500,4,'',0,1500,4,'',0,8000,4,'',0,9000,4,'',0,1500,4,'',0,9500,4,'',0,2000,4,'',0,26500,4,'',0,10000,4,'',0,14000,4,'',0,16500,4,'',0,10000,4,'',0,9500,4,'',0,13500,4,'',0,19000,4,'',0,9500,4,'',0,11500,4,'',0
'20241008',22909,42500,4,'',0,2500,4,'',0,9000,4,'',0,9500,4,'',0,8500,4,'',0,1500,4,'',0,8000,4,'',0,9000,4,'',0,1500,4,'',0,9500,4,'',0,2000,4,'',0,26500,4,'',0,10000,4,'',0,14000,4,'',0,16500,4,'',0,10000,4,'',0,9500,4,'',0,13500,4,'',0,19000,4,'',0,9500,4,'',0,11500,4,'',0
'20241009',22909,42500,4,'',0,2500,4,'',0,9000,4,'',0,9500,4,'',0,8500,4,'',0,1500,4,'',0,8000,4,'',0,9000,4,'',0,1500,4,'',0,9500,4,'',0,2000,4,'',0,26500,4,'',0,10000,4,'',0,14000,4,'',0,16500,4,'',0,10000,4,'',0,9500,4,'',0,13500,4,'',0,19000,4,'',0,9500,4,'',0,11500,4,'',0
'20241010',22909,42500,4,'',0,2500,4,'',0,9000,4,'',0,9500,4,'',0,8500,4,'',0,1500,4,'',0,8000,4,'',0,9000,4,'',0,1500,4,'',0,9500,4,'',0,2000,4,'',0,26500,4,'',0,10000,4,'',0,14000,4,'',0,16500,4,'',0,10000,4,'',0,9500,4,'',0,13500,4,'',0,19000,4,'',0,9500,4,'',0,11500,4,'',0
'20241011',22909,42500,4,'',0,2500,4,'',0,9000,4,'',0,9500,4,'',0,8500,4,'',0,1500,4,'',0,8000,4,'',0,9000,4,'',0,1500,4,'',0,9500,4,'',0,2000,4,'',0,26500,4,'',0,10000,4,'',0,14000,4,'',0,16500,4,'',0,10000,4,'',0,9500,4,'',0,13500,4,'',0,19000,4,'',0,9500,4,'',0,11500,4,'',0
'20241012',22909,50000,4,'',0,13500,4,'',0,10000,4,'',0,6500,4,'',0,11500,4,'',0,3000,4,'',0,6500,4,'',0,9500,4,'',0,2000,4,'',0,8000,4,'',0,9500,4,'',0,5000,4,'',0,6000,4,'',0,9500,4,'',0,2500,4,'',0,7500,4,'',0,10500,4,'',0,3500,4,'',0,6000,4,'',0,12000,4,'',0,2000,4,'',0,10000,4,'',0,5500,4,'',0,12500,4,'',0,9500,4,'',0,11500,4,'',0
'20241013',22909,50000,4,'',0,13500,4,'',0,10000,4,'',0,6500,4,'',0,11500,4,'',0,3000,4,'',0,6500,4,'',0,9500,4,'',0,2000,4,'',0,8000,4,'',0,9500,4,'',0,5000,4,'',0,6000,4,'',0,9500,4,'',0,2500,4,'',0,7500,4,'',0,10500,4,'',0,3500,4,'',0,6000,4,'',0,12000,4,'',0,2000,4,'',0,10000,4,'',0,5500,4,'',0,12500,4,'',0,9500,4,'',0,11500,4,'',0
'20241014',22909,42500,4,'',0,2500,4,'',0,9000,4,'',0,9500,4,'',0,8500,4,'',0,1500,4,'',0,8000,4,'',0,9000,4,'',0,1500,4,'',0,9500,4,'',0,2000,4,'',0,26500,4,'',0,10000,4,'',0,14000,4,'',0,16500,4,'',0,10000,4,'',0,9500,4,'',0,13500,4,'',0,19000,4,'',0,9500,4,'',0,11500,4,'',0
'20241015',22909,42500,4,'',0,2500,4,'',0,9000,4,'',0,9500,4,'',0,8500,4,'',0,1500,4,'',0,8000,4,'',0,9000,4,'',0,1500,4,'',0,9500,4,'',0,2000,4,'',0,26500,4,'',0,10000,4,'',0,14000,4,'',0,16500,4,'',0,10000,4,'',0,9500,4,'',0,13500,4,'',0,19000,4,'',0,9500,4,'',0,11500,4,'',0
'20241016',22909,42500,4,'',0,2500,4,'',0,9000,4,'',0,9500,4,'',0,8500,4,'',0,1500,4,'',0,8000,4,'',0,9000,4,'',0,1500,4,'',0,9500,4,'',0,2000,4,'',0,26500,4,'',0,10000,4,'',0,14000,4,'',0,16500,4,'',0,10000,4,'',0,9500,4,'',0,13500,4,'',0,19000,4,'',0,9500,4,'',0,11500,4,'',0
'20241017',22909,42500,4,'',0,2500,4,'',0,9000,4,'',0,9500,4,'',0,8500,4,'',0,1500,4,'',0,8000,4,'',0,9000,4,'',0,1500,4,'',0,9500,4,'',0,2000,4,'',0,26500,4,'',0,10000,4,'',0,14000,4,'',0,16500,4,'',0,10000,4,'',0,9500,4,'',0,13500,4,'',0,19000,4,'',0,9500,4,'',0,11500,4,'',0
'20241018',22909,42500,4,'',0,2500,4,'',0,9000,4,'',0,9500,4,'',0,8500,4,'',0,1500,4,'',0,8000,4,'',0,9000,4,'',0,1500,4,'',0,9500,4,'',0,2000,4,'',0,26500,4,'',0,10000,4,'',0,14000,4,'',0,16500,4,'',0,10000,4,'',0,9500,4,'',0,13500,4,'',0,19000,4,'',0,9500,4,'',0,11500,4,'',0
'20241019',22909,50000,4,'',0,13500,4,'',0,10000,4,'',0,6500,4,'',0,11500,4,'',0,3000,4,'',0,6500,4,'',0,9500,4,'',0,2000,4,'',0,8000,4,'',0,9500,4,'',0,5000,4,'',0,6000,4,'',0,9500,4,'',0,2500,4,'',0,7500,4,'',0,10500,4,'',0,3500,4,'',0,6000,4,'',0,12000,4,'',0,2000,4,'',0,10000,4,'',0,5500,4,'',0,12500,4,'',0,9500,4,'',0,11500,4,'',0
'20241020',22909,50000,4,'',0,13500,4,'',0,10000,4,'',0,6500,4,'',0,11500,4,'',0,3000,4,'',0,6500,4,'',0,9500,4,'',0,2000,4,'',0,8000,4,'',0,9500,4,'',0,5000,4,'',0,6000,4,'',0,9500,4,'',0,2500,4,'',0,7500,4,'',0,10500,4,'',0,3500,4,'',0,6000,4,'',0,12000,4,'',0,2000,4,'',0,10000,4,'',0,5500,4,'',0,12500,4,'',0,9500,4,'',0,11500,4,'',0
'20241021',22909,42500,4,'',0,2500,4,'',0,9000,4,'',0,9500,4,'',0,8500,4,'',0,1500,4,'',0,8000,4,'',0,9000,4,'',0,1500,4,'',0,9500,4,'',0,2000,4,'',0,26500,4,'',0,10000,4,'',0,14000,4,'',0,16500,4,'',0,10000,4,'',0,9500,4,'',0,13500,4,'',0,19000,4,'',0,9500,4,'',0,11500,4,'',0
'20241022',22909,42500,4,'',0,2500,4,'',0,9000,4,'',0,9500,4,'',0,8500,4,'',0,1500,4,'',0,8000,4,'',0,9000,4,'',0,1500,4,'',0,9500,4,'',0,2000,4,'',0,26500,4,'',0,10000,4,'',0,14000,4,'',0,16500,4,'',0,10000,4,'',0,9500,4,'',0,13500,4,'',0,19000,4,'',0,9500,4,'',0,11500,4,'',0
'20241023',22909,42500,4,'',0,2500,4,'',0,9000,4,'',0,9500,4,'',0,8500,4,'',0,1500,4,'',0,8000,4,'',0,9000,4,'',0,1500,4,'',0,9500,4,'',0,2000,4,'',0,26500,4,'',0,10000,4,'',0,14000,4,'',0,16500,4,'',0,10000,4,'',0,9500,4,'',0,13500,4,'',0,19000,4,'',0,9500,4,'',0,11500,4,'',0
'20241024',22909,42500,4,'',0,2500,4,'',0,9000,4,'',0,9500,4,'',0,8500,4,'',0,1500,4,'',0,8000,4,'',0,9000,4,'',0,1500,4,'',0,9500,4,'',0,2000,4,'',0,26500,4,'',0,10000,4,'',0,14000,4,'',0,16500,4,'',0,10000,4,'',0,9500,4,'',0,13500,4,'',0,19000,4,'',0,9500,4,'',0,11500,4,'',0
'20241025',22909,42500,4,'',0,2500,4,'',0,9000,4,'',0,9500,4,'',0,8500,4,'',0,1500,4,'',0,8000,4,'',0,9000,4,'',0,1500,4,'',0,9500,4,'',0,2000,4,'',0,26500,4,'',0,10000,4,'',0,14000,4,'',0,16500,4,'',0,10000,4,'',0,9500,4,'',0,13500,4,'',0,19000,4,'',0,9500,4,'',0,11500,4,'',0
'20241026',22909,50000,4,'',0,13500,4,'',0,10000,4,'',0,6500,4,'',0,11500,4,'',0,3000,4,'',0,6500,4,'',0,9500,4,'',0,2000,4,'',0,8000,4,'',0,9500,4,'',0,5000,4,'',0,6000,4,'',0,9500,4,'',0,2500,4,'',0,7500,4,'',0,10500,4,'',0,3500,4,'',0,6000,4,'',0,12000,4,'',0,2000,4,'',0,10000,4,'',0,5500,4,'',0,12500,4,'',0,9500,4,'',0,11500,4,'',0
'20241027',22909,50000,4,'',0,13500,4,'',0,10000,4,'',0,6500,4,'',0,11500,4,'',0,3000,4,'',0,6500,4,'',0,9500,4,'',0,2000,4,'',0,8000,4,'',0,9500,4,'',0,5000,4,'',0,6000,4,'',0,9500,4,'',0,2500,4,'',0,7500,4,'',0,10500,4,'',0,3500,4,'',0,6000,4,'',0,12000,4,'',0,2000,4,'',0,10000,4,'',0,5500,4,'',0,12500,4,'',0,9500,4,'',0,11500,4,'',0
'20241028',22909,42500,4,'',0,2500,4,'',0,9000,4,'',0,9500,4,'',0,8500,4,'',0,1500,4,'',0,8000,4,'',0,9000,4,'',0,1500,4,'',0,9500,4,'',0,2000,4,'',0,26500,4,'',0,10000,4,'',0,14000,4,'',0,16500,4,'',0,10000,4,'',0,9500,4,'',0,13500,4,'',0,19000,4,'',0,9500,4,'',0,11500,4,'',0
'20241029',22909,42500,4,'',0,2500,4,'',0,9000,4,'',0,9500,4,'',0,8500,4,'',0,1500,4,'',0,8000,4,'',0,9000,4,'',0,1500,4,'',0,9500,4,'',0,2000,4,'',0,26500,4,'',0,10000,4,'',0,14000,4,'',0,16500,4,'',0,10000,4,'',0,9500,4,'',0,13500,4,'',0,19000,4,'',0,9500,4,'',0,11500,4,'',0
'20241030',22909,42500,4,'',0,2500,4,'',0,9000,4,'',0,9500,4,'',0,8500,4,'',0,1500,4,'',0,8000,4,'',0,9000,4,'',0,1500,4,'',0,9500,4,'',0,2000,4,'',0,26500,4,'',0,10000,4,'',0,14000,4,'',0,16500,4,'',0,10000,4,'',0,9500,4,'',0,13500,4,'',0,19000,4,'',0,9500,4,'',0,11500,4,'',0
'20241031',22909,42500,4,'',0,2500,4,'',0,9000,4,'',0,9500,4,'',0,8500,4,'',0,1500,4,'',0,8000,4,'',0,9000,4,'',0,1500,4,'',0,9500,4,'',0,2000,4,'',0,26500,4,'',0,10000,4,'',0,14000,4,'',0,16500,4,'',0,10000,4,'',0,9500,4,'',0,13500,4,'',0,19000,4,'',0,9500,4,'',0,11500,4,'',0
'20241101',22909,42500,4,'',0,2500,4,'',0,9000,4,'',0,9500,4,'',0,8500,4,'',0,1500,4,'',0,8000,4,'',0,9000,4,'',0,1500,4,'',0,9500,4,'',0,2000,4,'',0,26500,4,'',0,10000,4,'',0,14000,4,'',0,16500,4,'',0,10000,4,'',0,9500,4,'',0,13500,4,'',0,19000,4,'',0,9500,4,'',0,11500,4,'',0
'20241102',22909,50000,4,'',0,13500,4,'',0,10000,4,'',0,6500,4,'',0,11500,4,'',0,3000,4,'',0,6500,4,'',0,9500,4,'',0,2000,4,'',0,8000,4,'',0,9500,4,'',0,5000,4,'',0,6000,4,'',0,9500,4,'',0,2500,4,'',0,7500,4,'',0,10500,4,'',0,3500,4,'',0,6000,4,'',0,12000,4,'',0,2000,4,'',0,10000,4,'',0,5500,4,'',0,12500,4,'',0,9500,4,'',0,11500,4,'',0
'20241103',22909,50000,4,'',0,13500,4,'',0,10000,4,'',0,6500,4,'',0,11500,4,'',0,3000,4,'',0,6500,4,'',0,9500,4,'',0,2000,4,'',0,8000,4,'',0,9500,4,'',0,5000,4,'',0,6000,4,'',0,9500,4,'',0,2500,4,'',0,7500,4,'',0,10500,4,'',0,3500,4,'',0,6000,4,'',0,12000,4,'',0,2000,4,'',0,10000,4,'',0,5500,4,'',0,12500,4,'',0,9500,4,'',0,11500,4,'',0
'20241104',22909,42500,4,'',0,2500,4,'',0,9000,4,'',0,9500,4,'',0,8500,4,'',0,1500,4,'',0,8000,4,'',0,9000,4,'',0,1500,4,'',0,9500,4,'',0,2000,4,'',0,26500,4,'',0,10000,4,'',0,14000,4,'',0,16500,4,'',0,10000,4,'',0,9500,4,'',0,13500,4,'',0,19000,4,'',0,9500,4,'',0,11500,4,'',0
'20241105',22909,42500,4,'',0,2500,4,'',0,9000,4,'',0,9500,4,'',0,8500,4,'',0,1500,4,'',0,8000,4,'',0,9000,4,'',0,1500,4,'',0,9500,4,'',0,2000,4,'',0,26500,4,'',0,10000,4,'',0,14000,4,'',0,16500,4,'',0,10000,4,'',0,9500,4,'',0,13500,4,'',0,19000,4,'',0,9500,4,'',0,11500,4,'',0
'20241106',22909,42500,4,'',0,2500,4,'',0,9000,4,'',0,9500,4,'',0,8500,4,'',0,1500,4,'',0,8000,4,'',0,9000,4,'',0,1500,4,'',0,9500,4,'',0,2000,4,'',0,26500,4,'',0,10000,4,'',0,14000,4,'',0,16500,4,'',0,10000,4,'',0,9500,4,'',0,13500,4,'',0,19000,4,'',0,9500,4,'',0,11500,4,'',0
'20241107',22909,42500,4,'',0,2500,4,'',0,9000,4,'',0,9500,4,'',0,8500,4,'',0,1500,4,'',0,8000,4,'',0,9000,4,'',0,1500,4,'',0,9500,4,'',0,2000,4,'',0,26500,4,'',0,10000,4,'',0,14000,4,'',0,16500,4,'',0,10000,4,'',0,9500,4,'',0,13500,4,'',0,19000,4,'',0,9500,4,'',0,11500,4,'',0
'20241108',22909,42500,4,'',0,2500,4,'',0,9000,4,'',0,9500,4,'',0,8500,4,'',0,1500,4,'',0,8000,4,'',0,9000,4,'',0,1500,4,'',0,9500,4,'',0,2000,4,'',0,26500,4,'',0,10000,4,'',0,14000,4,'',0,16500,4,'',0,10000,4,'',0,9500,4,'',0,13500,4,'',0,19000,4,'',0,9500,4,'',0,11500,4,'',0
'20241109',22909,50000,4,'',0,13500,4,'',0,10000,4,'',0,6500,4,'',0,11500,4,'',0,3000,4,'',0,6500,4,'',0,9500,4,'',0,2000,4,'',0,8000,4,'',0,9500,4,'',0,5000,4,'',0,6000,4,'',0,9500,4,'',0,2500,4,'',0,7500,4,'',0,10500,4,'',0,3500,4,'',0,6000,4,'',0,12000,4,'',0,2000,4,'',0,10000,4,'',0,5500,4,'',0,12500,4,'',0,9500,4,'',0,11500,4,'',0
'20241110',22909,50000,4,'',0,13500,4,'',0,10000,4,'',0,6500,4,'',0,11500,4,'',0,3000,4,'',0,6500,4,'',0,9500,4,'',0,2000,4,'',0,8000,4,'',0,9500,4,'',0,5000,4,'',0,6000,4,'',0,9500,4,'',0,2500,4,'',0,7500,4,'',0,10500,4,'',0,3500,4,'',0,6000,4,'',0,12000,4,'',0,2000,4,'',0,10000,4,'',0,5500,4,'',0,12500,4,'',0,9500,4,'',0,11500,4,'',0
'20240924',92009,42500,,'',0,8000,,'',0,4500,,'',0,19000,,'',0,17000,,'',0,11500,,'',0,10500,,'',0,20500,,'',0,7500,,'',0,9500,,'',0,4500,,'',0,8500,,'',0,8000,,'',0,10000,,'',0,2000,,'',0,12000,,'',0,28000,,'',0,11500,,'',0,15500,,'',0
'20240925',92009,42500,,'',0,8000,,'',0,4500,,'',0,19000,,'',0,17000,,'',0,11500,,'',0,10500,,'',0,20500,,'',0,7500,,'',0,9500,,'',0,4500,,'',0,8500,,'',0,8000,,'',0,10000,,'',0,2000,,'',0,12000,,'',0,28000,,'',0,11500,,'',0,15500,,'',0
'20240926',92009,42500,,'',0,8000,,'',0,4500,,'',0,19000,,'',0,17000,,'',0,11500,,'',0,10500,,'',0,20500,,'',0,7500,,'',0,9500,,'',0,4500,,'',0,8500,,'',0,8000,,'',0,10000,,'',0,2000,,'',0,12000,,'',0,28000,,'',0,11500,,'',0,15500,,'',0
'20240927',92009,42500,,'',0,8000,,'',0,4500,,'',0,19000,,'',0,17000,,'',0,11500,,'',0,10500,,'',0,20500,,'',0,7500,,'',0,9500,,'',0,4500,,'',0,8500,,'',0,8000,,'',0,10000,,'',0,2000,,'',0,12000,,'',0,28000,,'',0,11500,,'',0,15500,,'',0
'20240928',92009,51000,,'',0,13500,,'',0,10500,,'',0,6500,,'',0,14000,,'',0,18000,,'',0,8000,,'',0,18500,,'',0,14000,,'',0,7500,,'',0,14000,,'',0,6000,,'',0,12000,,'',0,11500,,'',0,18500,,'',0,11500,,'',0,15500,,'',0
'20240929',92009,51000,,'',0,13500,,'',0,10500,,'',0,6500,,'',0,14000,,'',0,18000,,'',0,8000,,'',0,18500,,'',0,14000,,'',0,7500,,'',0,14000,,'',0,6000,,'',0,12000,,'',0,11500,,'',0,18500,,'',0,11500,,'',0,15500,,'',0
'20240930',92009,42500,,'',0,8000,,'',0,4500,,'',0,19000,,'',0,17000,,'',0,11500,,'',0,10500,,'',0,20500,,'',0,7500,,'',0,9500,,'',0,4500,,'',0,8500,,'',0,8000,,'',0,10000,,'',0,2000,,'',0,12000,,'',0,28000,,'',0,11500,,'',0,15500,,'',0
'20241001',92009,42500,,'',0,8000,,'',0,4500,,'',0,19000,,'',0,17000,,'',0,11500,,'',0,10500,,'',0,20500,,'',0,7500,,'',0,9500,,'',0,4500,,'',0,8500,,'',0,8000,,'',0,10000,,'',0,2000,,'',0,12000,,'',0,28000,,'',0,11500,,'',0,15500,,'',0
'20241002',92009,42500,,'',0,8000,,'',0,4500,,'',0,19000,,'',0,17000,,'',0,11500,,'',0,10500,,'',0,20500,,'',0,7500,,'',0,9500,,'',0,4500,,'',0,8500,,'',0,8000,,'',0,10000,,'',0,2000,,'',0,12000,,'',0,28000,,'',0,11500,,'',0,15500,,'',0
'20241003',92009,42500,,'',0,8000,,'',0,4500,,'',0,19000,,'',0,17000,,'',0,11500,,'',0,10500,,'',0,20500,,'',0,7500,,'',0,9500,,'',0,4500,,'',0,8500,,'',0,8000,,'',0,10000,,'',0,2000,,'',0,12000,,'',0,28000,,'',0,11500,,'',0,15500,,'',0
'20241004',92009,42500,,'',0,8000,,'',0,4500,,'',0,19000,,'',0,17000,,'',0,11500,,'',0,10500,,'',0,20500,,'',0,7500,,'',0,9500,,'',0,4500,,'',0,8500,,'',0,8000,,'',0,10000,,'',0,2000,,'',0,12000,,'',0,28000,,'',0,11500,,'',0,15500,,'',0
'20241005',92009,51000,,'',0,13500,,'',0,10500,,'',0,6500,,'',0,14000,,'',0,18000,,'',0,8000,,'',0,18500,,'',0,14000,,'',0,7500,,'',0,14000,,'',0,6000,,'',0,12000,,'',0,11500,,'',0,18500,,'',0,11500,,'',0,15500,,'',0
'20241006',92009,51000,,'',0,13500,,'',0,10500,,'',0,6500,,'',0,14000,,'',0,18000,,'',0,8000,,'',0,18500,,'',0,14000,,'',0,7500,,'',0,14000,,'',0,6000,,'',0,12000,,'',0,11500,,'',0,18500,,'',0,11500,,'',0,15500,,'',0
'20241007',92009,42500,,'',0,8000,,'',0,4500,,'',0,19000,,'',0,17000,,'',0,11500,,'',0,10500,,'',0,20500,,'',0,7500,,'',0,9500,,'',0,4500,,'',0,8500,,'',0,8000,,'',0,10000,,'',0,2000,,'',0,12000,,'',0,28000,,'',0,11500,,'',0,15500,,'',0
'20241008',92009,42500,,'',0,8000,,'',0,4500,,'',0,19000,,'',0,17000,,'',0,11500,,'',0,10500,,'',0,20500,,'',0,7500,,'',0,9500,,'',0,4500,,'',0,8500,,'',0,8000,,'',0,10000,,'',0,2000,,'',0,12000,,'',0,28000,,'',0,11500,,'',0,15500,,'',0
'20241009',92009,42500,,'',0,8000,,'',0,4500,,'',0,19000,,'',0,17000,,'',0,11500,,'',0,10500,,'',0,20500,,'',0,7500,,'',0,9500,,'',0,4500,,'',0,8500,,'',0,8000,,'',0,10000,,'',0,2000,,'',0,12000,,'',0,28000,,'',0,11500,,'',0,15500,,'',0
'20241010',92009,42500,,'',0,8000,,'',0,4500,,'',0,19000,,'',0,17000,,'',0,11500,,'',0,10500,,'',0,20500,,'',0,7500,,'',0,9500,,'',0,4500,,'',0,8500,,'',0,8000,,'',0,10000,,'',0,2000,,'',0,12000,,'',0,28000,,'',0,11500,,'',0,15500,,'',0
'20241011',92009,42500,,'',0,8000,,'',0,4500,,'',0,19000,,'',0,17000,,'',0,11500,,'',0,10500,,'',0,20500,,'',0,7500,,'',0,9500,,'',0,4500,,'',0,8500,,'',0,8000,,'',0,10000,,'',0,2000,,'',0,12000,,'',0,28000,,'',0,11500,,'',0,15500,,'',0
'20241012',92009,51000,,'',0,13500,,'',0,10500,,'',0,6500,,'',0,14000,,'',0,18000,,'',0,8000,,'',0,18500,,'',0,14000,,'',0,7500,,'',0,14000,,'',0,6000,,'',0,12000,,'',0,11500,,'',0,18500,,'',0,11500,,'',0,15500,,'',0
'20241013',92009,51000,,'',0,13500,,'',0,10500,,'',0,6500,,'',0,14000,,'',0,18000,,'',0,8000,,'',0,18500,,'',0,14000,,'',0,7500,,'',0,14000,,'',0,6000,,'',0,12000,,'',0,11500,,'',0,18500,,'',0,11500,,'',0,15500,,'',0
'20241014',92009,42500,,'',0,8000,,'',0,4500,,'',0,19000,,'',0,17000,,'',0,11500,,'',0,10500,,'',0,20500,,'',0,7500,,'',0,9500,,'',0,4500,,'',0,8500,,'',0,8000,,'',0,10000,,'',0,2000,,'',0,12000,,'',0,28000,,'',0,11500,,'',0,15500,,'',0
'20241015',92009,42500,,'',0,8000,,'',0,4500,,'',0,19000,,'',0,17000,,'',0,11500,,'',0,10500,,'',0,20500,,'',0,7500,,'',0,9500,,'',0,4500,,'',0,8500,,'',0,8000,,'',0,10000,,'',0,2000,,'',0,12000,,'',0,28000,,'',0,11500,,'',0,15500,,'',0
'20241016',92009,42500,,'',0,8000,,'',0,4500,,'',0,19000,,'',0,17000,,'',0,11500,,'',0,10500,,'',0,20500,,'',0,7500,,'',0,9500,,'',0,4500,,'',0,8500,,'',0,8000,,'',0,10000,,'',0,2000,,'',0,12000,,'',0,28000,,'',0,11500,,'',0,15500,,'',0
'20241017',92009,42500,,'',0,8000,,'',0,4500,,'',0,19000,,'',0,17000,,'',0,11500,,'',0,10500,,'',0,20500,,'',0,7500,,'',0,9500,,'',0,4500,,'',0,8500,,'',0,8000,,'',0,10000,,'',0,2000,,'',0,12000,,'',0,28000,,'',0,11500,,'',0,15500,,'',0
'20241018',92009,42500,,'',0,8000,,'',0,4500,,'',0,19000,,'',0,17000,,'',0,11500,,'',0,10500,,'',0,20500,,'',0,7500,,'',0,9500,,'',0,4500,,'',0,8500,,'',0,8000,,'',0,10000,,'',0,2000,,'',0,12000,,'',0,28000,,'',0,11500,,'',0,15500,,'',0
'20241019',92009,51000,,'',0,13500,,'',0,10500,,'',0,6500,,'',0,14000,,'',0,18000,,'',0,8000,,'',0,18500,,'',0,14000,,'',0,7500,,'',0,14000,,'',0,6000,,'',0,12000,,'',0,11500,,'',0,18500,,'',0,11500,,'',0,15500,,'',0
'20241020',92009,51000,,'',0,13500,,'',0,10500,,'',0,6500,,'',0,14000,,'',0,18000,,'',0,8000,,'',0,18500,,'',0,14000,,'',0,7500,,'',0,14000,,'',0,6000,,'',0,12000,,'',0,11500,,'',0,18500,,'',0,11500,,'',0,15500,,'',0
'20241021',92009,42500,,'',0,8000,,'',0,4500,,'',0,19000,,'',0,17000,,'',0,11500,,'',0,10500,,'',0,20500,,'',0,7500,,'',0,9500,,'',0,4500,,'',0,8500,,'',0,8000,,'',0,10000,,'',0,2000,,'',0,12000,,'',0,28000,,'',0,11500,,'',0,15500,,'',0
'20241022',92009,42500,,'',0,8000,,'',0,4500,,'',0,19000,,'',0,17000,,'',0,11500,,'',0,10500,,'',0,20500,,'',0,7500,,'',0,9500,,'',0,4500,,'',0,8500,,'',0,8000,,'',0,10000,,'',0,2000,,'',0,12000,,'',0,28000,,'',0,11500,,'',0,15500,,'',0
'20241023',92009,42500,,'',0,8000,,'',0,4500,,'',0,19000,,'',0,17000,,'',0,11500,,'',0,10500,,'',0,20500,,'',0,7500,,'',0,9500,,'',0,4500,,'',0,8500,,'',0,8000,,'',0,10000,,'',0,2000,,'',0,12000,,'',0,28000,,'',0,11500,,'',0,15500,,'',0
'20241024',92009,42500,,'',0,8000,,'',0,4500,,'',0,19000,,'',0,17000,,'',0,11500,,'',0,10500,,'',0,20500,,'',0,7500,,'',0,9500,,'',0,4500,,'',0,8500,,'',0,8000,,'',0,10000,,'',0,2000,,'',0,12000,,'',0,28000,,'',0,11500,,'',0,15500,,'',0
'20241025',92009,42500,,'',0,8000,,'',0,4500,,'',0,19000,,'',0,17000,,'',0,11500,,'',0,10500,,'',0,20500,,'',0,7500,,'',0,9500,,'',0,4500,,'',0,8500,,'',0,8000,,'',0,10000,,'',0,2000,,'',0,12000,,'',0,28000,,'',0,11500,,'',0,15500,,'',0
'20241026',92009,51000,,'',0,13500,,'',0,10500,,'',0,6500,,'',0,14000,,'',0,18000,,'',0,8000,,'',0,18500,,'',0,14000,,'',0,7500,,'',0,14000,,'',0,6000,,'',0,12000,,'',0,11500,,'',0,18500,,'',0,11500,,'',0,15500,,'',0
'20241027',92009,51000,,'',0,13500,,'',0,10500,,'',0,6500,,'',0,14000,,'',0,18000,,'',0,8000,,'',0,18500,,'',0,14000,,'',0,7500,,'',0,14000,,'',0,6000,,'',0,12000,,'',0,11500,,'',0,18500,,'',0,11500,,'',0,15500,,'',0
'20241028',92009,42500,,'',0,8000,,'',0,4500,,'',0,19000,,'',0,17000,,'',0,11500,,'',0,10500,,'',0,20500,,'',0,7500,,'',0,9500,,'',0,4500,,'',0,8500,,'',0,8000,,'',0,10000,,'',0,2000,,'',0,12000,,'',0,28000,,'',0,11500,,'',0,15500,,'',0
'20241029',92009,42500,,'',0,8000,,'',0,4500,,'',0,19000,,'',0,17000,,'',0,11500,,'',0,10500,,'',0,20500,,'',0,7500,,'',0,9500,,'',0,4500,,'',0,8500,,'',0,8000,,'',0,10000,,'',0,2000,,'',0,12000,,'',0,28000,,'',0,11500,,'',0,15500,,'',0
'20241030',92009,42500,,'',0,8000,,'',0,4500,,'',0,19000,,'',0,17000,,'',0,11500,,'',0,10500,,'',0,20500,,'',0,7500,,'',0,9500,,'',0,4500,,'',0,8500,,'',0,8000,,'',0,10000,,'',0,2000,,'',0,12000,,'',0,28000,,'',0,11500,,'',0,15500,,'',0
'20241031',92009,42500,,'',0,8000,,'',0,4500,,'',0,19000,,'',0,17000,,'',0,11500,,'',0,10500,,'',0,20500,,'',0,7500,,'',0,9500,,'',0,4500,,'',0,8500,,'',0,8000,,'',0,10000,,'',0,2000,,'',0,12000,,'',0,28000,,'',0,11500,,'',0,15500,,'',0
'20241101',92009,42500,,'',0,8000,,'',0,4500,,'',0,19000,,'',0,17000,,'',0,11500,,'',0,10500,,'',0,20500,,'',0,7500,,'',0,9500,,'',0,4500,,'',0,8500,,'',0,8000,,'',0,10000,,'',0,2000,,'',0,12000,,'',0,28000,,'',0,11500,,'',0,15500,,'',0
'20241102',92009,51000,,'',0,13500,,'',0,10500,,'',0,6500,,'',0,14000,,'',0,18000,,'',0,8000,,'',0,18500,,'',0,14000,,'',0,7500,,'',0,14000,,'',0,6000,,'',0,12000,,'',0,11500,,'',0,18500,,'',0,11500,,'',0,15500,,'',0
'20241103',92009,51000,,'',0,13500,,'',0,10500,,'',0,6500,,'',0,14000,,'',0,18000,,'',0,8000,,'',0,18500,,'',0,14000,,'',0,7500,,'',0,14000,,'',0,6000,,'',0,12000,,'',0,11500,,'',0,18500,,'',0,11500,,'',0,15500,,'',0
'20241104',92009,42500,,'',0,8000,,'',0,4500,,'',0,19000,,'',0,17000,,'',0,11500,,'',0,10500,,'',0,20500,,'',0,7500,,'',0,9500,,'',0,4500,,'',0,8500,,'',0,8000,,'',0,10000,,'',0,2000,,'',0,12000,,'',0,28000,,'',0,11500,,'',0,15500,,'',0
'20241105',92009,42500,,'',0,8000,,'',0,4500,,'',0,19000,,'',0,17000,,'',0,11500,,'',0,10500,,'',0,20500,,'',0,7500,,'',0,9500,,'',0,4500,,'',0,8500,,'',0,8000,,'',0,10000,,'',0,2000,,'',0,12000,,'',0,28000,,'',0,11500,,'',0,15500,,'',0
'20241106',92009,42500,,'',0,8000,,'',0,4500,,'',0,19000,,'',0,17000,,'',0,11500,,'',0,10500,,'',0,20500,,'',0,7500,,'',0,9500,,'',0,4500,,'',0,8500,,'',0,8000,,'',0,10000,,'',0,2000,,'',0,12000,,'',0,28000,,'',0,11500,,'',0,15500,,'',0
'20241107',92009,42500,,'',0,8000,,'',0,4500,,'',0,19000,,'',0,17000,,'',0,11500,,'',0,10500,,'',0,20500,,'',0,7500,,'',0,9500,,'',0,4500,,'',0,8500,,'',0,8000,,'',0,10000,,'',0,2000,,'',0,12000,,'',0,28000,,'',0,11500,,'',0,15500,,'',0
'20241108',92009,42500,,'',0,8000,,'',0,4500,,'',0,19000,,'',0,17000,,'',0,11500,,'',0,10500,,'',0,20500,,'',0,7500,,'',0,9500,,'',0,4500,,'',0,8500,,'',0,8000,,'',0,10000,,'',0,2000,,'',0,12000,,'',0,28000,,'',0,11500,,'',0,15500,,'',0
'20241109',92009,51000,,'',0,13500,,'',0,10500,,'',0,6500,,'',0,14000,,'',0,18000,,'',0,8000,,'',0,18500,,'',0,14000,,'',0,7500,,'',0,14000,,'',0,6000,,'',0,12000,,'',0,11500,,'',0,18500,,'',0,11500,,'',0,15500,,'',0
'20241110',92009,51000,,'',0,13500,,'',0,10500,,'',0,6500,,'',0,14000,,'',0,18000,,'',0,8000,,'',0,18500,,'',0,14000,,'',0,7500,,'',0,14000,,'',0,6000,,'',0,12000,,'',0,11500,,'',0,18500,,'',0,11500,,'',0,15500,,'',0
'20240924',92209,50500,,'',0,4500,,'',0,9500,,'',0,9500,,'',0,9000,,'',0,8000,,'',0,2000,,'',0,9500,,'',0,1500,,'',0,9000,,'',0,18500,,'',0,2000,,'',0,7500,,'',0,9500,,'',0,4500,,'',0,8500,,'',0,8000,,'',0,10000,,'',0,2000,,'',0,10000,,'',0,2000,,'',0,16000,,'',0,12000,,'',0,11500,,'',0,15500,,'',0
'20240925',92209,50500,,'',0,4500,,'',0,9500,,'',0,9500,,'',0,9000,,'',0,8000,,'',0,2000,,'',0,9500,,'',0,1500,,'',0,9000,,'',0,18500,,'',0,2000,,'',0,7500,,'',0,9500,,'',0,4500,,'',0,8500,,'',0,8000,,'',0,10000,,'',0,2000,,'',0,10000,,'',0,2000,,'',0,16000,,'',0,12000,,'',0,11500,,'',0,15500,,'',0
'20240926',92209,50500,,'',0,4500,,'',0,9500,,'',0,9500,,'',0,9000,,'',0,8000,,'',0,2000,,'',0,9500,,'',0,1500,,'',0,9000,,'',0,18500,,'',0,2000,,'',0,7500,,'',0,9500,,'',0,4500,,'',0,8500,,'',0,8000,,'',0,10000,,'',0,2000,,'',0,10000,,'',0,2000,,'',0,16000,,'',0,12000,,'',0,11500,,'',0,15500,,'',0
'20240927',92209,50500,,'',0,4500,,'',0,9500,,'',0,9500,,'',0,9000,,'',0,8000,,'',0,2000,,'',0,9500,,'',0,1500,,'',0,9000,,'',0,18500,,'',0,2000,,'',0,7500,,'',0,9500,,'',0,4500,,'',0,8500,,'',0,8000,,'',0,10000,,'',0,2000,,'',0,10000,,'',0,2000,,'',0,16000,,'',0,12000,,'',0,11500,,'',0,15500,,'',0
'20240928',92209,51000,,'',0,24000,,'',0,6500,,'',0,11000,,'',0,3000,,'',0,6500,,'',0,9500,,'',0,2000,,'',0,8000,,'',0,10500,,'',0,8000,,'',0,2000,,'',0,9500,,'',0,2500,,'',0,7500,,'',0,10500,,'',0,3500,,'',0,6000,,'',0,12000,,'',0,2000,,'',0,9500,,'',0,6500,,'',0,12000,,'',0,11500,,'',0,15500,,'',0
'20240929',92209,51000,,'',0,24000,,'',0,6500,,'',0,11000,,'',0,3000,,'',0,6500,,'',0,9500,,'',0,2000,,'',0,8000,,'',0,10500,,'',0,8000,,'',0,2000,,'',0,9500,,'',0,2500,,'',0,7500,,'',0,10500,,'',0,3500,,'',0,6000,,'',0,12000,,'',0,2000,,'',0,9500,,'',0,6500,,'',0,12000,,'',0,11500,,'',0,15500,,'',0
'20240930',92209,50500,,'',0,4500,,'',0,9500,,'',0,9500,,'',0,9000,,'',0,8000,,'',0,2000,,'',0,9500,,'',0,1500,,'',0,9000,,'',0,18500,,'',0,2000,,'',0,7500,,'',0,9500,,'',0,4500,,'',0,8500,,'',0,8000,,'',0,10000,,'',0,2000,,'',0,10000,,'',0,2000,,'',0,16000,,'',0,12000,,'',0,11500,,'',0,15500,,'',0
'20241001',92209,50500,,'',0,4500,,'',0,9500,,'',0,9500,,'',0,9000,,'',0,8000,,'',0,2000,,'',0,9500,,'',0,1500,,'',0,9000,,'',0,18500,,'',0,2000,,'',0,7500,,'',0,9500,,'',0,4500,,'',0,8500,,'',0,8000,,'',0,10000,,'',0,2000,,'',0,10000,,'',0,2000,,'',0,16000,,'',0,12000,,'',0,11500,,'',0,15500,,'',0
'20241002',92209,50500,,'',0,4500,,'',0,9500,,'',0,9500,,'',0,9000,,'',0,8000,,'',0,2000,,'',0,9500,,'',0,1500,,'',0,9000,,'',0,18500,,'',0,2000,,'',0,7500,,'',0,9500,,'',0,4500,,'',0,8500,,'',0,8000,,'',0,10000,,'',0,2000,,'',0,10000,,'',0,2000,,'',0,16000,,'',0,12000,,'',0,11500,,'',0,15500,,'',0
'20241003',92209,50500,,'',0,4500,,'',0,9500,,'',0,9500,,'',0,9000,,'',0,8000,,'',0,2000,,'',0,9500,,'',0,1500,,'',0,9000,,'',0,18500,,'',0,2000,,'',0,7500,,'',0,9500,,'',0,4500,,'',0,8500,,'',0,8000,,'',0,10000,,'',0,2000,,'',0,10000,,'',0,2000,,'',0,16000,,'',0,12000,,'',0,11500,,'',0,15500,,'',0
'20241004',92209,50500,,'',0,4500,,'',0,9500,,'',0,9500,,'',0,9000,,'',0,8000,,'',0,2000,,'',0,9500,,'',0,1500,,'',0,9000,,'',0,18500,,'',0,2000,,'',0,7500,,'',0,9500,,'',0,4500,,'',0,8500,,'',0,8000,,'',0,10000,,'',0,2000,,'',0,10000,,'',0,2000,,'',0,16000,,'',0,12000,,'',0,11500,,'',0,15500,,'',0
'20241005',92209,51000,,'',0,24000,,'',0,6500,,'',0,11000,,'',0,3000,,'',0,6500,,'',0,9500,,'',0,2000,,'',0,8000,,'',0,10500,,'',0,8000,,'',0,2000,,'',0,9500,,'',0,2500,,'',0,7500,,'',0,10500,,'',0,3500,,'',0,6000,,'',0,12000,,'',0,2000,,'',0,9500,,'',0,6500,,'',0,12000,,'',0,11500,,'',0,15500,,'',0
'20241006',92209,51000,,'',0,24000,,'',0,6500,,'',0,11000,,'',0,3000,,'',0,6500,,'',0,9500,,'',0,2000,,'',0,8000,,'',0,10500,,'',0,8000,,'',0,2000,,'',0,9500,,'',0,2500,,'',0,7500,,'',0,10500,,'',0,3500,,'',0,6000,,'',0,12000,,'',0,2000,,'',0,9500,,'',0,6500,,'',0,12000,,'',0,11500,,'',0,15500,,'',0
'20241007',92209,50500,,'',0,4500,,'',0,9500,,'',0,9500,,'',0,9000,,'',0,8000,,'',0,2000,,'',0,9500,,'',0,1500,,'',0,9000,,'',0,18500,,'',0,2000,,'',0,7500,,'',0,9500,,'',0,4500,,'',0,8500,,'',0,8000,,'',0,10000,,'',0,2000,,'',0,10000,,'',0,2000,,'',0,16000,,'',0,12000,,'',0,11500,,'',0,15500,,'',0
'20241008',92209,50500,,'',0,4500,,'',0,9500,,'',0,9500,,'',0,9000,,'',0,8000,,'',0,2000,,'',0,9500,,'',0,1500,,'',0,9000,,'',0,18500,,'',0,2000,,'',0,7500,,'',0,9500,,'',0,4500,,'',0,8500,,'',0,8000,,'',0,10000,,'',0,2000,,'',0,10000,,'',0,2000,,'',0,16000,,'',0,12000,,'',0,11500,,'',0,15500,,'',0
'20241009',92209,50500,,'',0,4500,,'',0,9500,,'',0,9500,,'',0,9000,,'',0,8000,,'',0,2000,,'',0,9500,,'',0,1500,,'',0,9000,,'',0,18500,,'',0,2000,,'',0,7500,,'',0,9500,,'',0,4500,,'',0,8500,,'',0,8000,,'',0,10000,,'',0,2000,,'',0,10000,,'',0,2000,,'',0,16000,,'',0,12000,,'',0,11500,,'',0,15500,,'',0
'20241010',92209,50500,,'',0,4500,,'',0,9500,,'',0,9500,,'',0,9000,,'',0,8000,,'',0,2000,,'',0,9500,,'',0,1500,,'',0,9000,,'',0,18500,,'',0,2000,,'',0,7500,,'',0,9500,,'',0,4500,,'',0,8500,,'',0,8000,,'',0,10000,,'',0,2000,,'',0,10000,,'',0,2000,,'',0,16000,,'',0,12000,,'',0,11500,,'',0,15500,,'',0
'20241011',92209,50500,,'',0,4500,,'',0,9500,,'',0,9500,,'',0,9000,,'',0,8000,,'',0,2000,,'',0,9500,,'',0,1500,,'',0,9000,,'',0,18500,,'',0,2000,,'',0,7500,,'',0,9500,,'',0,4500,,'',0,8500,,'',0,8000,,'',0,10000,,'',0,2000,,'',0,10000,,'',0,2000,,'',0,16000,,'',0,12000,,'',0,11500,,'',0,15500,,'',0
'20241012',92209,51000,,'',0,24000,,'',0,6500,,'',0,11000,,'',0,3000,,'',0,6500,,'',0,9500,,'',0,2000,,'',0,8000,,'',0,10500,,'',0,8000,,'',0,2000,,'',0,9500,,'',0,2500,,'',0,7500,,'',0,10500,,'',0,3500,,'',0,6000,,'',0,12000,,'',0,2000,,'',0,9500,,'',0,6500,,'',0,12000,,'',0,11500,,'',0,15500,,'',0
'20241013',92209,51000,,'',0,24000,,'',0,6500,,'',0,11000,,'',0,3000,,'',0,6500,,'',0,9500,,'',0,2000,,'',0,8000,,'',0,10500,,'',0,8000,,'',0,2000,,'',0,9500,,'',0,2500,,'',0,7500,,'',0,10500,,'',0,3500,,'',0,6000,,'',0,12000,,'',0,2000,,'',0,9500,,'',0,6500,,'',0,12000,,'',0,11500,,'',0,15500,,'',0
'20241014',92209,50500,,'',0,4500,,'',0,9500,,'',0,9500,,'',0,9000,,'',0,8000,,'',0,2000,,'',0,9500,,'',0,1500,,'',0,9000,,'',0,18500,,'',0,2000,,'',0,7500,,'',0,9500,,'',0,4500,,'',0,8500,,'',0,8000,,'',0,10000,,'',0,2000,,'',0,10000,,'',0,2000,,'',0,16000,,'',0,12000,,'',0,11500,,'',0,15500,,'',0
'20241015',92209,50500,,'',0,4500,,'',0,9500,,'',0,9500,,'',0,9000,,'',0,8000,,'',0,2000,,'',0,9500,,'',0,1500,,'',0,9000,,'',0,18500,,'',0,2000,,'',0,7500,,'',0,9500,,'',0,4500,,'',0,8500,,'',0,8000,,'',0,10000,,'',0,2000,,'',0,10000,,'',0,2000,,'',0,16000,,'',0,12000,,'',0,11500,,'',0,15500,,'',0
'20241016',92209,50500,,'',0,4500,,'',0,9500,,'',0,9500,,'',0,9000,,'',0,8000,,'',0,2000,,'',0,9500,,'',0,1500,,'',0,9000,,'',0,18500,,'',0,2000,,'',0,7500,,'',0,9500,,'',0,4500,,'',0,8500,,'',0,8000,,'',0,10000,,'',0,2000,,'',0,10000,,'',0,2000,,'',0,16000,,'',0,12000,,'',0,11500,,'',0,15500,,'',0
'20241017',92209,50500,,'',0,4500,,'',0,9500,,'',0,9500,,'',0,9000,,'',0,8000,,'',0,2000,,'',0,9500,,'',0,1500,,'',0,9000,,'',0,18500,,'',0,2000,,'',0,7500,,'',0,9500,,'',0,4500,,'',0,8500,,'',0,8000,,'',0,10000,,'',0,2000,,'',0,10000,,'',0,2000,,'',0,16000,,'',0,12000,,'',0,11500,,'',0,15500,,'',0
'20241018',92209,50500,,'',0,4500,,'',0,9500,,'',0,9500,,'',0,9000,,'',0,8000,,'',0,2000,,'',0,9500,,'',0,1500,,'',0,9000,,'',0,18500,,'',0,2000,,'',0,7500,,'',0,9500,,'',0,4500,,'',0,8500,,'',0,8000,,'',0,10000,,'',0,2000,,'',0,10000,,'',0,2000,,'',0,16000,,'',0,12000,,'',0,11500,,'',0,15500,,'',0
'20241019',92209,51000,,'',0,24000,,'',0,6500,,'',0,11000,,'',0,3000,,'',0,6500,,'',0,9500,,'',0,2000,,'',0,8000,,'',0,10500,,'',0,8000,,'',0,2000,,'',0,9500,,'',0,2500,,'',0,7500,,'',0,10500,,'',0,3500,,'',0,6000,,'',0,12000,,'',0,2000,,'',0,9500,,'',0,6500,,'',0,12000,,'',0,11500,,'',0,15500,,'',0
'20241020',92209,51000,,'',0,24000,,'',0,6500,,'',0,11000,,'',0,3000,,'',0,6500,,'',0,9500,,'',0,2000,,'',0,8000,,'',0,10500,,'',0,8000,,'',0,2000,,'',0,9500,,'',0,2500,,'',0,7500,,'',0,10500,,'',0,3500,,'',0,6000,,'',0,12000,,'',0,2000,,'',0,9500,,'',0,6500,,'',0,12000,,'',0,11500,,'',0,15500,,'',0
'20241021',92209,50500,,'',0,4500,,'',0,9500,,'',0,9500,,'',0,9000,,'',0,8000,,'',0,2000,,'',0,9500,,'',0,1500,,'',0,9000,,'',0,18500,,'',0,2000,,'',0,7500,,'',0,9500,,'',0,4500,,'',0,8500,,'',0,8000,,'',0,10000,,'',0,2000,,'',0,10000,,'',0,2000,,'',0,16000,,'',0,12000,,'',0,11500,,'',0,15500,,'',0
'20241022',92209,50500,,'',0,4500,,'',0,9500,,'',0,9500,,'',0,9000,,'',0,8000,,'',0,2000,,'',0,9500,,'',0,1500,,'',0,9000,,'',0,18500,,'',0,2000,,'',0,7500,,'',0,9500,,'',0,4500,,'',0,8500,,'',0,8000,,'',0,10000,,'',0,2000,,'',0,10000,,'',0,2000,,'',0,16000,,'',0,12000,,'',0,11500,,'',0,15500,,'',0
'20241023',92209,50500,,'',0,4500,,'',0,9500,,'',0,9500,,'',0,9000,,'',0,8000,,'',0,2000,,'',0,9500,,'',0,1500,,'',0,9000,,'',0,18500,,'',0,2000,,'',0,7500,,'',0,9500,,'',0,4500,,'',0,8500,,'',0,8000,,'',0,10000,,'',0,2000,,'',0,10000,,'',0,2000,,'',0,16000,,'',0,12000,,'',0,11500,,'',0,15500,,'',0
'20241024',92209,50500,,'',0,4500,,'',0,9500,,'',0,9500,,'',0,9000,,'',0,8000,,'',0,2000,,'',0,9500,,'',0,1500,,'',0,9000,,'',0,18500,,'',0,2000,,'',0,7500,,'',0,9500,,'',0,4500,,'',0,8500,,'',0,8000,,'',0,10000,,'',0,2000,,'',0,10000,,'',0,2000,,'',0,16000,,'',0,12000,,'',0,11500,,'',0,15500,,'',0
'20241025',92209,50500,,'',0,4500,,'',0,9500,,'',0,9500,,'',0,9000,,'',0,8000,,'',0,2000,,'',0,9500,,'',0,1500,,'',0,9000,,'',0,18500,,'',0,2000,,'',0,7500,,'',0,9500,,'',0,4500,,'',0,8500,,'',0,8000,,'',0,10000,,'',0,2000,,'',0,10000,,'',0,2000,,'',0,16000,,'',0,12000,,'',0,11500,,'',0,15500,,'',0
'20241026',92209,51000,,'',0,24000,,'',0,6500,,'',0,11000,,'',0,3000,,'',0,6500,,'',0,9500,,'',0,2000,,'',0,8000,,'',0,10500,,'',0,8000,,'',0,2000,,'',0,9500,,'',0,2500,,'',0,7500,,'',0,10500,,'',0,3500,,'',0,6000,,'',0,12000,,'',0,2000,,'',0,9500,,'',0,6500,,'',0,12000,,'',0,11500,,'',0,15500,,'',0
'20241027',92209,51000,,'',0,24000,,'',0,6500,,'',0,11000,,'',0,3000,,'',0,6500,,'',0,9500,,'',0,2000,,'',0,8000,,'',0,10500,,'',0,8000,,'',0,2000,,'',0,9500,,'',0,2500,,'',0,7500,,'',0,10500,,'',0,3500,,'',0,6000,,'',0,12000,,'',0,2000,,'',0,9500,,'',0,6500,,'',0,12000,,'',0,11500,,'',0,15500,,'',0
'20241028',92209,50500,,'',0,4500,,'',0,9500,,'',0,9500,,'',0,9000,,'',0,8000,,'',0,2000,,'',0,9500,,'',0,1500,,'',0,9000,,'',0,18500,,'',0,2000,,'',0,7500,,'',0,9500,,'',0,4500,,'',0,8500,,'',0,8000,,'',0,10000,,'',0,2000,,'',0,10000,,'',0,2000,,'',0,16000,,'',0,12000,,'',0,11500,,'',0,15500,,'',0
'20241029',92209,50500,,'',0,4500,,'',0,9500,,'',0,9500,,'',0,9000,,'',0,8000,,'',0,2000,,'',0,9500,,'',0,1500,,'',0,9000,,'',0,18500,,'',0,2000,,'',0,7500,,'',0,9500,,'',0,4500,,'',0,8500,,'',0,8000,,'',0,10000,,'',0,2000,,'',0,10000,,'',0,2000,,'',0,16000,,'',0,12000,,'',0,11500,,'',0,15500,,'',0
'20241030',92209,50500,,'',0,4500,,'',0,9500,,'',0,9500,,'',0,9000,,'',0,8000,,'',0,2000,,'',0,9500,,'',0,1500,,'',0,9000,,'',0,18500,,'',0,2000,,'',0,7500,,'',0,9500,,'',0,4500,,'',0,8500,,'',0,8000,,'',0,10000,,'',0,2000,,'',0,10000,,'',0,2000,,'',0,16000,,'',0,12000,,'',0,11500,,'',0,15500,,'',0
'20241031',92209,50500,,'',0,4500,,'',0,9500,,'',0,9500,,'',0,9000,,'',0,8000,,'',0,2000,,'',0,9500,,'',0,1500,,'',0,9000,,'',0,18500,,'',0,2000,,'',0,7500,,'',0,9500,,'',0,4500,,'',0,8500,,'',0,8000,,'',0,10000,,'',0,2000,,'',0,10000,,'',0,2000,,'',0,16000,,'',0,12000,,'',0,11500,,'',0,15500,,'',0
'20241101',92209,50500,,'',0,4500,,'',0,9500,,'',0,9500,,'',0,9000,,'',0,8000,,'',0,2000,,'',0,9500,,'',0,1500,,'',0,9000,,'',0,18500,,'',0,2000,,'',0,7500,,'',0,9500,,'',0,4500,,'',0,8500,,'',0,8000,,'',0,10000,,'',0,2000,,'',0,10000,,'',0,2000,,'',0,16000,,'',0,12000,,'',0,11500,,'',0,15500,,'',0
'20241102',92209,51000,,'',0,24000,,'',0,6500,,'',0,11000,,'',0,3000,,'',0,6500,,'',0,9500,,'',0,2000,,'',0,8000,,'',0,10500,,'',0,8000,,'',0,2000,,'',0,9500,,'',0,2500,,'',0,7500,,'',0,10500,,'',0,3500,,'',0,6000,,'',0,12000,,'',0,2000,,'',0,9500,,'',0,6500,,'',0,12000,,'',0,11500,,'',0,15500,,'',0
'20241103',92209,51000,,'',0,24000,,'',0,6500,,'',0,11000,,'',0,3000,,'',0,6500,,'',0,9500,,'',0,2000,,'',0,8000,,'',0,10500,,'',0,8000,,'',0,2000,,'',0,9500,,'',0,2500,,'',0,7500,,'',0,10500,,'',0,3500,,'',0,6000,,'',0,12000,,'',0,2000,,'',0,9500,,'',0,6500,,'',0,12000,,'',0,11500,,'',0,15500,,'',0
'20241104',92209,50500,,'',0,4500,,'',0,9500,,'',0,9500,,'',0,9000,,'',0,8000,,'',0,2000,,'',0,9500,,'',0,1500,,'',0,9000,,'',0,18500,,'',0,2000,,'',0,7500,,'',0,9500,,'',0,4500,,'',0,8500,,'',0,8000,,'',0,10000,,'',0,2000,,'',0,10000,,'',0,2000,,'',0,16000,,'',0,12000,,'',0,11500,,'',0,15500,,'',0
'20241105',92209,50500,,'',0,4500,,'',0,9500,,'',0,9500,,'',0,9000,,'',0,8000,,'',0,2000,,'',0,9500,,'',0,1500,,'',0,9000,,'',0,18500,,'',0,2000,,'',0,7500,,'',0,9500,,'',0,4500,,'',0,8500,,'',0,8000,,'',0,10000,,'',0,2000,,'',0,10000,,'',0,2000,,'',0,16000,,'',0,12000,,'',0,11500,,'',0,15500,,'',0
'20241106',92209,50500,,'',0,4500,,'',0,9500,,'',0,9500,,'',0,9000,,'',0,8000,,'',0,2000,,'',0,9500,,'',0,1500,,'',0,9000,,'',0,18500,,'',0,2000,,'',0,7500,,'',0,9500,,'',0,4500,,'',0,8500,,'',0,8000,,'',0,10000,,'',0,2000,,'',0,10000,,'',0,2000,,'',0,16000,,'',0,12000,,'',0,11500,,'',0,15500,,'',0
'20241107',92209,50500,,'',0,4500,,'',0,9500,,'',0,9500,,'',0,9000,,'',0,8000,,'',0,2000,,'',0,9500,,'',0,1500,,'',0,9000,,'',0,18500,,'',0,2000,,'',0,7500,,'',0,9500,,'',0,4500,,'',0,8500,,'',0,8000,,'',0,10000,,'',0,2000,,'',0,10000,,'',0,2000,,'',0,16000,,'',0,12000,,'',0,11500,,'',0,15500,,'',0
'20241108',92209,50500,,'',0,4500,,'',0,9500,,'',0,9500,,'',0,9000,,'',0,8000,,'',0,2000,,'',0,9500,,'',0,1500,,'',0,9000,,'',0,18500,,'',0,2000,,'',0,7500,,'',0,9500,,'',0,4500,,'',0,8500,,'',0,8000,,'',0,10000,,'',0,2000,,'',0,10000,,'',0,2000,,'',0,16000,,'',0,12000,,'',0,11500,,'',0,15500,,'',0
'20241109',92209,51000,,'',0,24000,,'',0,6500,,'',0,11000,,'',0,3000,,'',0,6500,,'',0,9500,,'',0,2000,,'',0,8000,,'',0,10500,,'',0,8000,,'',0,2000,,'',0,9500,,'',0,2500,,'',0,7500,,'',0,10500,,'',0,3500,,'',0,6000,,'',0,12000,,'',0,2000,,'',0,9500,,'',0,6500,,'',0,12000,,'',0,11500,,'',0,15500,,'',0
'20241110',92209,51000,,'',0,24000,,'',0,6500,,'',0,11000,,'',0,3000,,'',0,6500,,'',0,9500,,'',0,2000,,'',0,8000,,'',0,10500,,'',0,8000,,'',0,2000,,'',0,9500,,'',0,2500,,'',0,7500,,'',0,10500,,'',0,3500,,'',0,6000,,'',0,12000,,'',0,2000,,'',0,9500,,'',0,6500,,'',0,12000,,'',0,11500,,'',0,15500,,'',0
