'20240716',162109,50500,0,'''Tahlequah''',0,5000,0,'''Tahlequah''',0,9000,0,'''Tahlequah''',0,9000,0,'''Tahlequah''',0,9000,0,'''Tahlequah''',0,9000,0,'''Tahlequah''',0,9000,0,'''Tahlequah''',0,5000,0,'''Tahlequah''',0,9000,0,'''Tahlequah''',0,19500,0,'''Tahlequah''',0,10000,0,'''Tahlequah''',0,10000,0,'''Tahlequah''',0,9500,0,'''Tahlequah''',0,9500,0,'''Tahlequah''',0,10000,0,'''Tahlequah''',0,9500,0,'''Tahlequah''',0,10000,0,'''Tahlequah''',0,10500,0,'''Tahlequah''',0,10000,0,'''Tahlequah''',0
'20240717',162109,50500,0,'''Tahlequah''',0,5000,0,'''Tahlequah''',0,9000,0,'''Tahlequah''',0,9000,0,'''Tahlequah''',0,9000,0,'''Tahlequah''',0,9000,0,'''Tahlequah''',0,9000,0,'''Tahlequah''',0,5000,0,'''Tahlequah''',0,9000,0,'''Tahlequah''',0,19500,0,'''Tahlequah''',0,10000,0,'''Tahlequah''',0,10000,0,'''Tahlequah''',0,9500,0,'''Tahlequah''',0,9500,0,'''Tahlequah''',0,10000,0,'''Tahlequah''',0,9500,0,'''Tahlequah''',0,10000,0,'''Tahlequah''',0,10500,0,'''Tahlequah''',0,10000,0,'''Tahlequah''',0
'20240718',162109,50500,0,'''Tahlequah''',0,5000,0,'''Tahlequah''',0,9000,0,'''Tahlequah''',0,9000,0,'''Tahlequah''',0,9000,0,'''Tahlequah''',0,9000,0,'''Tahlequah''',0,9000,0,'''Tahlequah''',0,5000,0,'''Tahlequah''',0,9000,0,'''Tahlequah''',0,19500,0,'''Tahlequah''',0,10000,0,'''Tahlequah''',0,10000,0,'''Tahlequah''',0,9500,0,'''Tahlequah''',0,9500,0,'''Tahlequah''',0,10000,0,'''Tahlequah''',0,9500,0,'''Tahlequah''',0,10000,0,'''Tahlequah''',0,10500,0,'''Tahlequah''',0,10000,0,'''Tahlequah''',0
'20240719',162109,50500,0,'''Tahlequah''',0,5000,0,'''Tahlequah''',0,9000,0,'''Tahlequah''',0,9000,0,'''Tahlequah''',0,9000,0,'''Tahlequah''',0,9000,0,'''Tahlequah''',0,9000,0,'''Tahlequah''',0,5000,0,'''Tahlequah''',0,9000,0,'''Tahlequah''',0,9000,0,'''Tahlequah''',0,10500,0,'''Tahlequah''',0,10000,0,'''Tahlequah''',0,10000,0,'''Tahlequah''',0,9500,0,'''Tahlequah''',0,9500,0,'''Tahlequah''',0,10000,0,'''Tahlequah''',0,9500,0,'''Tahlequah''',0,10000,0,'''Tahlequah''',0,10500,0,'''Tahlequah''',0,10000,0,'''Tahlequah''',0
'20240720',162109,55500,0,'''Tahlequah''',0,9000,0,'''Tahlequah''',0,9000,0,'''Tahlequah''',0,9000,0,'''Tahlequah''',0,9000,0,'''Tahlequah''',0,9000,0,'''Tahlequah''',0,5000,0,'''Tahlequah''',0,9000,0,'''Tahlequah''',0,9000,0,'''Tahlequah''',0,10500,0,'''Tahlequah''',0,10000,0,'''Tahlequah''',0,10000,0,'''Tahlequah''',0,9500,0,'''Tahlequah''',0,9500,0,'''Tahlequah''',0,10000,0,'''Tahlequah''',0,9500,0,'''Tahlequah''',0,10000,0,'''Tahlequah''',0,10500,0,'''Tahlequah''',0,10000,0,'''Tahlequah''',0
'20240721',162109,55500,0,'''Tahlequah''',0,9000,0,'''Tahlequah''',0,9000,0,'''Tahlequah''',0,9000,0,'''Tahlequah''',0,9000,0,'''Tahlequah''',0,9000,0,'''Tahlequah''',0,5000,0,'''Tahlequah''',0,9000,0,'''Tahlequah''',0,9000,0,'''Tahlequah''',0,10500,0,'''Tahlequah''',0,10000,0,'''Tahlequah''',0,10000,0,'''Tahlequah''',0,9500,0,'''Tahlequah''',0,9500,0,'''Tahlequah''',0,10000,0,'''Tahlequah''',0,9500,0,'''Tahlequah''',0,10000,0,'''Tahlequah''',0,10500,0,'''Tahlequah''',0,10000,0,'''Tahlequah''',0
'20240722',162109,50500,0,'''Tahlequah''',0,5000,0,'''Tahlequah''',0,9000,0,'''Tahlequah''',0,9000,0,'''Tahlequah''',0,9000,0,'''Tahlequah''',0,9000,0,'''Tahlequah''',0,9000,0,'''Tahlequah''',0,5000,0,'''Tahlequah''',0,9000,0,'''Tahlequah''',0,19500,0,'''Tahlequah''',0,10000,0,'''Tahlequah''',0,10000,0,'''Tahlequah''',0,9500,0,'''Tahlequah''',0,9500,0,'''Tahlequah''',0,10000,0,'''Tahlequah''',0,9500,0,'''Tahlequah''',0,10000,0,'''Tahlequah''',0,10500,0,'''Tahlequah''',0,10000,0,'''Tahlequah''',0
'20240723',162109,50500,0,'''Tahlequah''',0,5000,0,'''Tahlequah''',0,9000,0,'''Tahlequah''',0,9000,0,'''Tahlequah''',0,9000,0,'''Tahlequah''',0,9000,0,'''Tahlequah''',0,9000,0,'''Tahlequah''',0,5000,0,'''Tahlequah''',0,9000,0,'''Tahlequah''',0,19500,0,'''Tahlequah''',0,10000,0,'''Tahlequah''',0,10000,0,'''Tahlequah''',0,9500,0,'''Tahlequah''',0,9500,0,'''Tahlequah''',0,10000,0,'''Tahlequah''',0,9500,0,'''Tahlequah''',0,10000,0,'''Tahlequah''',0,10500,0,'''Tahlequah''',0,10000,0,'''Tahlequah''',0
'20240724',162109,50500,0,'''Tahlequah''',0,5000,0,'''Tahlequah''',0,9000,0,'''Tahlequah''',0,9000,0,'''Tahlequah''',0,9000,0,'''Tahlequah''',0,9000,0,'''Tahlequah''',0,9000,0,'''Tahlequah''',0,5000,0,'''Tahlequah''',0,9000,0,'''Tahlequah''',0,19500,0,'''Tahlequah''',0,10000,0,'''Tahlequah''',0,10000,0,'''Tahlequah''',0,9500,0,'''Tahlequah''',0,9500,0,'''Tahlequah''',0,10000,0,'''Tahlequah''',0,9500,0,'''Tahlequah''',0,10000,0,'''Tahlequah''',0,10500,0,'''Tahlequah''',0,10000,0,'''Tahlequah''',0
'20240725',162109,50500,0,'''Tahlequah''',0,5000,0,'''Tahlequah''',0,9000,0,'''Tahlequah''',0,9000,0,'''Tahlequah''',0,9000,0,'''Tahlequah''',0,9000,0,'''Tahlequah''',0,9000,0,'''Tahlequah''',0,5000,0,'''Tahlequah''',0,9000,0,'''Tahlequah''',0,19500,0,'''Tahlequah''',0,10000,0,'''Tahlequah''',0,10000,0,'''Tahlequah''',0,9500,0,'''Tahlequah''',0,9500,0,'''Tahlequah''',0,10000,0,'''Tahlequah''',0,9500,0,'''Tahlequah''',0,10000,0,'''Tahlequah''',0,10500,0,'''Tahlequah''',0,10000,0,'''Tahlequah''',0
'20240726',162109,50500,0,'''Tahlequah''',0,5000,0,'''Tahlequah''',0,9000,0,'''Tahlequah''',0,9000,0,'''Tahlequah''',0,9000,0,'''Tahlequah''',0,9000,0,'''Tahlequah''',0,9000,0,'''Tahlequah''',0,5000,0,'''Tahlequah''',0,9000,0,'''Tahlequah''',0,9000,0,'''Tahlequah''',0,10500,0,'''Tahlequah''',0,10000,0,'''Tahlequah''',0,10000,0,'''Tahlequah''',0,9500,0,'''Tahlequah''',0,9500,0,'''Tahlequah''',0,10000,0,'''Tahlequah''',0,9500,0,'''Tahlequah''',0,10000,0,'''Tahlequah''',0,10500,0,'''Tahlequah''',0,10000,0,'''Tahlequah''',0
'20240727',162109,55500,0,'''Tahlequah''',0,9000,0,'''Tahlequah''',0,9000,0,'''Tahlequah''',0,9000,0,'''Tahlequah''',0,9000,0,'''Tahlequah''',0,9000,0,'''Tahlequah''',0,5000,0,'''Tahlequah''',0,9000,0,'''Tahlequah''',0,9000,0,'''Tahlequah''',0,10500,0,'''Tahlequah''',0,10000,0,'''Tahlequah''',0,10000,0,'''Tahlequah''',0,9500,0,'''Tahlequah''',0,9500,0,'''Tahlequah''',0,10000,0,'''Tahlequah''',0,9500,0,'''Tahlequah''',0,10000,0,'''Tahlequah''',0,10500,0,'''Tahlequah''',0,10000,0,'''Tahlequah''',0
'20240728',162109,55500,0,'''Tahlequah''',0,9000,0,'''Tahlequah''',0,9000,0,'''Tahlequah''',0,9000,0,'''Tahlequah''',0,9000,0,'''Tahlequah''',0,9000,0,'''Tahlequah''',0,5000,0,'''Tahlequah''',0,9000,0,'''Tahlequah''',0,9000,0,'''Tahlequah''',0,10500,0,'''Tahlequah''',0,10000,0,'''Tahlequah''',0,10000,0,'''Tahlequah''',0,9500,0,'''Tahlequah''',0,9500,0,'''Tahlequah''',0,10000,0,'''Tahlequah''',0,9500,0,'''Tahlequah''',0,10000,0,'''Tahlequah''',0,10500,0,'''Tahlequah''',0,10000,0,'''Tahlequah''',0
'20240729',162109,50500,0,'''Tahlequah''',0,5000,0,'''Tahlequah''',0,9000,0,'''Tahlequah''',0,9000,0,'''Tahlequah''',0,9000,0,'''Tahlequah''',0,9000,0,'''Tahlequah''',0,9000,0,'''Tahlequah''',0,5000,0,'''Tahlequah''',0,9000,0,'''Tahlequah''',0,19500,0,'''Tahlequah''',0,10000,0,'''Tahlequah''',0,10000,0,'''Tahlequah''',0,9500,0,'''Tahlequah''',0,9500,0,'''Tahlequah''',0,10000,0,'''Tahlequah''',0,9500,0,'''Tahlequah''',0,10000,0,'''Tahlequah''',0,10500,0,'''Tahlequah''',0,10000,0,'''Tahlequah''',0
'20240730',162109,50500,0,'''Tahlequah''',0,5000,0,'''Tahlequah''',0,9000,0,'''Tahlequah''',0,9000,0,'''Tahlequah''',0,9000,0,'''Tahlequah''',0,9000,0,'''Tahlequah''',0,9000,0,'''Tahlequah''',0,5000,0,'''Tahlequah''',0,9000,0,'''Tahlequah''',0,19500,0,'''Tahlequah''',0,10000,0,'''Tahlequah''',0,10000,0,'''Tahlequah''',0,9500,0,'''Tahlequah''',0,9500,0,'''Tahlequah''',0,10000,0,'''Tahlequah''',0,9500,0,'''Tahlequah''',0,10000,0,'''Tahlequah''',0,10500,0,'''Tahlequah''',0,10000,0,'''Tahlequah''',0
'20240731',162109,50500,0,'''Tahlequah''',0,5000,0,'''Tahlequah''',0,9000,0,'''Tahlequah''',0,9000,0,'''Tahlequah''',0,9000,0,'''Tahlequah''',0,9000,0,'''Tahlequah''',0,9000,0,'''Tahlequah''',0,5000,0,'''Tahlequah''',0,9000,0,'''Tahlequah''',0,19500,0,'''Tahlequah''',0,10000,0,'''Tahlequah''',0,10000,0,'''Tahlequah''',0,9500,0,'''Tahlequah''',0,9500,0,'''Tahlequah''',0,10000,0,'''Tahlequah''',0,9500,0,'''Tahlequah''',0,10000,0,'''Tahlequah''',0,10500,0,'''Tahlequah''',0,10000,0,'''Tahlequah''',0
'20240801',162109,50500,0,'''Tahlequah''',0,5000,0,'''Tahlequah''',0,9000,0,'''Tahlequah''',0,9000,0,'''Tahlequah''',0,9000,0,'''Tahlequah''',0,9000,0,'''Tahlequah''',0,9000,0,'''Tahlequah''',0,5000,0,'''Tahlequah''',0,9000,0,'''Tahlequah''',0,19500,0,'''Tahlequah''',0,10000,0,'''Tahlequah''',0,10000,0,'''Tahlequah''',0,9500,0,'''Tahlequah''',0,9500,0,'''Tahlequah''',0,10000,0,'''Tahlequah''',0,9500,0,'''Tahlequah''',0,10000,0,'''Tahlequah''',0,10500,0,'''Tahlequah''',0,10000,0,'''Tahlequah''',0
'20240802',162109,50500,0,'''Tahlequah''',0,5000,0,'''Tahlequah''',0,9000,0,'''Tahlequah''',0,9000,0,'''Tahlequah''',0,9000,0,'''Tahlequah''',0,9000,0,'''Tahlequah''',0,9000,0,'''Tahlequah''',0,5000,0,'''Tahlequah''',0,9000,0,'''Tahlequah''',0,9000,0,'''Tahlequah''',0,10500,0,'''Tahlequah''',0,10000,0,'''Tahlequah''',0,10000,0,'''Tahlequah''',0,9500,0,'''Tahlequah''',0,9500,0,'''Tahlequah''',0,10000,0,'''Tahlequah''',0,9500,0,'''Tahlequah''',0,10000,0,'''Tahlequah''',0,10500,0,'''Tahlequah''',0,10000,0,'''Tahlequah''',0
'20240803',162109,55500,0,'''Tahlequah''',0,9000,0,'''Tahlequah''',0,9000,0,'''Tahlequah''',0,9000,0,'''Tahlequah''',0,9000,0,'''Tahlequah''',0,9000,0,'''Tahlequah''',0,5000,0,'''Tahlequah''',0,9000,0,'''Tahlequah''',0,9000,0,'''Tahlequah''',0,10500,0,'''Tahlequah''',0,10000,0,'''Tahlequah''',0,10000,0,'''Tahlequah''',0,9500,0,'''Tahlequah''',0,9500,0,'''Tahlequah''',0,10000,0,'''Tahlequah''',0,9500,0,'''Tahlequah''',0,10000,0,'''Tahlequah''',0,10500,0,'''Tahlequah''',0,10000,0,'''Tahlequah''',0
'20240804',162109,55500,0,'''Tahlequah''',0,9000,0,'''Tahlequah''',0,9000,0,'''Tahlequah''',0,9000,0,'''Tahlequah''',0,9000,0,'''Tahlequah''',0,9000,0,'''Tahlequah''',0,5000,0,'''Tahlequah''',0,9000,0,'''Tahlequah''',0,9000,0,'''Tahlequah''',0,10500,0,'''Tahlequah''',0,10000,0,'''Tahlequah''',0,10000,0,'''Tahlequah''',0,9500,0,'''Tahlequah''',0,9500,0,'''Tahlequah''',0,10000,0,'''Tahlequah''',0,9500,0,'''Tahlequah''',0,10000,0,'''Tahlequah''',0,10500,0,'''Tahlequah''',0,10000,0,'''Tahlequah''',0
'20240805',162109,50500,0,'''Tahlequah''',0,5000,0,'''Tahlequah''',0,9000,0,'''Tahlequah''',0,9000,0,'''Tahlequah''',0,9000,0,'''Tahlequah''',0,9000,0,'''Tahlequah''',0,9000,0,'''Tahlequah''',0,5000,0,'''Tahlequah''',0,9000,0,'''Tahlequah''',0,19500,0,'''Tahlequah''',0,10000,0,'''Tahlequah''',0,10000,0,'''Tahlequah''',0,9500,0,'''Tahlequah''',0,9500,0,'''Tahlequah''',0,10000,0,'''Tahlequah''',0,9500,0,'''Tahlequah''',0,10000,0,'''Tahlequah''',0,10500,0,'''Tahlequah''',0,10000,0,'''Tahlequah''',0
'20240806',162109,50500,0,'''Tahlequah''',0,5000,0,'''Tahlequah''',0,9000,0,'''Tahlequah''',0,9000,0,'''Tahlequah''',0,9000,0,'''Tahlequah''',0,9000,0,'''Tahlequah''',0,9000,0,'''Tahlequah''',0,5000,0,'''Tahlequah''',0,9000,0,'''Tahlequah''',0,19500,0,'''Tahlequah''',0,10000,0,'''Tahlequah''',0,10000,0,'''Tahlequah''',0,9500,0,'''Tahlequah''',0,9500,0,'''Tahlequah''',0,10000,0,'''Tahlequah''',0,9500,0,'''Tahlequah''',0,10000,0,'''Tahlequah''',0,10500,0,'''Tahlequah''',0,10000,0,'''Tahlequah''',0
'20240807',162109,50500,0,'''Tahlequah''',0,5000,0,'''Tahlequah''',0,9000,0,'''Tahlequah''',0,9000,0,'''Tahlequah''',0,9000,0,'''Tahlequah''',0,9000,0,'''Tahlequah''',0,9000,0,'''Tahlequah''',0,5000,0,'''Tahlequah''',0,9000,0,'''Tahlequah''',0,19500,0,'''Tahlequah''',0,10000,0,'''Tahlequah''',0,10000,0,'''Tahlequah''',0,9500,0,'''Tahlequah''',0,9500,0,'''Tahlequah''',0,10000,0,'''Tahlequah''',0,9500,0,'''Tahlequah''',0,10000,0,'''Tahlequah''',0,10500,0,'''Tahlequah''',0,10000,0,'''Tahlequah''',0
'20240808',162109,50500,0,'''Tahlequah''',0,5000,0,'''Tahlequah''',0,9000,0,'''Tahlequah''',0,9000,0,'''Tahlequah''',0,9000,0,'''Tahlequah''',0,9000,0,'''Tahlequah''',0,9000,0,'''Tahlequah''',0,5000,0,'''Tahlequah''',0,9000,0,'''Tahlequah''',0,19500,0,'''Tahlequah''',0,10000,0,'''Tahlequah''',0,10000,0,'''Tahlequah''',0,9500,0,'''Tahlequah''',0,9500,0,'''Tahlequah''',0,10000,0,'''Tahlequah''',0,9500,0,'''Tahlequah''',0,10000,0,'''Tahlequah''',0,10500,0,'''Tahlequah''',0,10000,0,'''Tahlequah''',0
'20240809',162109,50500,0,'''Tahlequah''',0,5000,0,'''Tahlequah''',0,9000,0,'''Tahlequah''',0,9000,0,'''Tahlequah''',0,9000,0,'''Tahlequah''',0,9000,0,'''Tahlequah''',0,9000,0,'''Tahlequah''',0,5000,0,'''Tahlequah''',0,9000,0,'''Tahlequah''',0,9000,0,'''Tahlequah''',0,10500,0,'''Tahlequah''',0,10000,0,'''Tahlequah''',0,10000,0,'''Tahlequah''',0,9500,0,'''Tahlequah''',0,9500,0,'''Tahlequah''',0,10000,0,'''Tahlequah''',0,9500,0,'''Tahlequah''',0,10000,0,'''Tahlequah''',0,10500,0,'''Tahlequah''',0,10000,0,'''Tahlequah''',0
'20240810',162109,55500,0,'''Tahlequah''',0,9000,0,'''Tahlequah''',0,9000,0,'''Tahlequah''',0,9000,0,'''Tahlequah''',0,9000,0,'''Tahlequah''',0,9000,0,'''Tahlequah''',0,5000,0,'''Tahlequah''',0,9000,0,'''Tahlequah''',0,9000,0,'''Tahlequah''',0,10500,0,'''Tahlequah''',0,10000,0,'''Tahlequah''',0,10000,0,'''Tahlequah''',0,9500,0,'''Tahlequah''',0,9500,0,'''Tahlequah''',0,10000,0,'''Tahlequah''',0,9500,0,'''Tahlequah''',0,10000,0,'''Tahlequah''',0,10500,0,'''Tahlequah''',0,10000,0,'''Tahlequah''',0
'20240811',162109,55500,0,'''Tahlequah''',0,9000,0,'''Tahlequah''',0,9000,0,'''Tahlequah''',0,9000,0,'''Tahlequah''',0,9000,0,'''Tahlequah''',0,9000,0,'''Tahlequah''',0,5000,0,'''Tahlequah''',0,9000,0,'''Tahlequah''',0,9000,0,'''Tahlequah''',0,10500,0,'''Tahlequah''',0,10000,0,'''Tahlequah''',0,10000,0,'''Tahlequah''',0,9500,0,'''Tahlequah''',0,9500,0,'''Tahlequah''',0,10000,0,'''Tahlequah''',0,9500,0,'''Tahlequah''',0,10000,0,'''Tahlequah''',0,10500,0,'''Tahlequah''',0,10000,0,'''Tahlequah''',0
'20240812',162109,50500,0,'''Tahlequah''',0,5000,0,'''Tahlequah''',0,9000,0,'''Tahlequah''',0,9000,0,'''Tahlequah''',0,9000,0,'''Tahlequah''',0,9000,0,'''Tahlequah''',0,9000,0,'''Tahlequah''',0,5000,0,'''Tahlequah''',0,9000,0,'''Tahlequah''',0,19500,0,'''Tahlequah''',0,10000,0,'''Tahlequah''',0,10000,0,'''Tahlequah''',0,9500,0,'''Tahlequah''',0,9500,0,'''Tahlequah''',0,10000,0,'''Tahlequah''',0,9500,0,'''Tahlequah''',0,10000,0,'''Tahlequah''',0,10500,0,'''Tahlequah''',0,10000,0,'''Tahlequah''',0
'20240813',162109,50500,0,'''Tahlequah''',0,5000,0,'''Tahlequah''',0,9000,0,'''Tahlequah''',0,9000,0,'''Tahlequah''',0,9000,0,'''Tahlequah''',0,9000,0,'''Tahlequah''',0,9000,0,'''Tahlequah''',0,5000,0,'''Tahlequah''',0,9000,0,'''Tahlequah''',0,19500,0,'''Tahlequah''',0,10000,0,'''Tahlequah''',0,10000,0,'''Tahlequah''',0,9500,0,'''Tahlequah''',0,9500,0,'''Tahlequah''',0,10000,0,'''Tahlequah''',0,9500,0,'''Tahlequah''',0,10000,0,'''Tahlequah''',0,10500,0,'''Tahlequah''',0,10000,0,'''Tahlequah''',0
'20240814',162109,50500,0,'''Tahlequah''',0,5000,0,'''Tahlequah''',0,9000,0,'''Tahlequah''',0,9000,0,'''Tahlequah''',0,9000,0,'''Tahlequah''',0,9000,0,'''Tahlequah''',0,9000,0,'''Tahlequah''',0,5000,0,'''Tahlequah''',0,9000,0,'''Tahlequah''',0,19500,0,'''Tahlequah''',0,10000,0,'''Tahlequah''',0,10000,0,'''Tahlequah''',0,9500,0,'''Tahlequah''',0,9500,0,'''Tahlequah''',0,10000,0,'''Tahlequah''',0,9500,0,'''Tahlequah''',0,10000,0,'''Tahlequah''',0,10500,0,'''Tahlequah''',0,10000,0,'''Tahlequah''',0
'20240815',162109,50500,0,'''Tahlequah''',0,5000,0,'''Tahlequah''',0,9000,0,'''Tahlequah''',0,9000,0,'''Tahlequah''',0,9000,0,'''Tahlequah''',0,9000,0,'''Tahlequah''',0,9000,0,'''Tahlequah''',0,5000,0,'''Tahlequah''',0,9000,0,'''Tahlequah''',0,19500,0,'''Tahlequah''',0,10000,0,'''Tahlequah''',0,10000,0,'''Tahlequah''',0,9500,0,'''Tahlequah''',0,9500,0,'''Tahlequah''',0,10000,0,'''Tahlequah''',0,9500,0,'''Tahlequah''',0,10000,0,'''Tahlequah''',0,10500,0,'''Tahlequah''',0,10000,0,'''Tahlequah''',0
'20240816',162109,50500,0,'''Tahlequah''',0,5000,0,'''Tahlequah''',0,9000,0,'''Tahlequah''',0,9000,0,'''Tahlequah''',0,9000,0,'''Tahlequah''',0,9000,0,'''Tahlequah''',0,9000,0,'''Tahlequah''',0,5000,0,'''Tahlequah''',0,9000,0,'''Tahlequah''',0,9000,0,'''Tahlequah''',0,10500,0,'''Tahlequah''',0,10000,0,'''Tahlequah''',0,10000,0,'''Tahlequah''',0,9500,0,'''Tahlequah''',0,9500,0,'''Tahlequah''',0,10000,0,'''Tahlequah''',0,9500,0,'''Tahlequah''',0,10000,0,'''Tahlequah''',0,10500,0,'''Tahlequah''',0,10000,0,'''Tahlequah''',0
'20240817',162109,55500,0,'''Tahlequah''',0,9000,0,'''Tahlequah''',0,9000,0,'''Tahlequah''',0,9000,0,'''Tahlequah''',0,9000,0,'''Tahlequah''',0,9000,0,'''Tahlequah''',0,5000,0,'''Tahlequah''',0,9000,0,'''Tahlequah''',0,9000,0,'''Tahlequah''',0,10500,0,'''Tahlequah''',0,10000,0,'''Tahlequah''',0,10000,0,'''Tahlequah''',0,9500,0,'''Tahlequah''',0,9500,0,'''Tahlequah''',0,10000,0,'''Tahlequah''',0,9500,0,'''Tahlequah''',0,10000,0,'''Tahlequah''',0,10500,0,'''Tahlequah''',0,10000,0,'''Tahlequah''',0
'20240818',162109,55500,0,'''Tahlequah''',0,9000,0,'''Tahlequah''',0,9000,0,'''Tahlequah''',0,9000,0,'''Tahlequah''',0,9000,0,'''Tahlequah''',0,9000,0,'''Tahlequah''',0,5000,0,'''Tahlequah''',0,9000,0,'''Tahlequah''',0,9000,0,'''Tahlequah''',0,10500,0,'''Tahlequah''',0,10000,0,'''Tahlequah''',0,10000,0,'''Tahlequah''',0,9500,0,'''Tahlequah''',0,9500,0,'''Tahlequah''',0,10000,0,'''Tahlequah''',0,9500,0,'''Tahlequah''',0,10000,0,'''Tahlequah''',0,10500,0,'''Tahlequah''',0,10000,0,'''Tahlequah''',0
'20240819',162109,50500,0,'''Tahlequah''',0,5000,0,'''Tahlequah''',0,9000,0,'''Tahlequah''',0,9000,0,'''Tahlequah''',0,9000,0,'''Tahlequah''',0,9000,0,'''Tahlequah''',0,9000,0,'''Tahlequah''',0,5000,0,'''Tahlequah''',0,9000,0,'''Tahlequah''',0,19500,0,'''Tahlequah''',0,10000,0,'''Tahlequah''',0,10000,0,'''Tahlequah''',0,9500,0,'''Tahlequah''',0,9500,0,'''Tahlequah''',0,10000,0,'''Tahlequah''',0,9500,0,'''Tahlequah''',0,10000,0,'''Tahlequah''',0,10500,0,'''Tahlequah''',0,10000,0,'''Tahlequah''',0
'20240820',162109,50500,0,'''Tahlequah''',0,5000,0,'''Tahlequah''',0,9000,0,'''Tahlequah''',0,9000,0,'''Tahlequah''',0,9000,0,'''Tahlequah''',0,9000,0,'''Tahlequah''',0,9000,0,'''Tahlequah''',0,5000,0,'''Tahlequah''',0,9000,0,'''Tahlequah''',0,19500,0,'''Tahlequah''',0,10000,0,'''Tahlequah''',0,10000,0,'''Tahlequah''',0,9500,0,'''Tahlequah''',0,9500,0,'''Tahlequah''',0,10000,0,'''Tahlequah''',0,9500,0,'''Tahlequah''',0,10000,0,'''Tahlequah''',0,10500,0,'''Tahlequah''',0,10000,0,'''Tahlequah''',0
'20240821',162109,50500,0,'''Tahlequah''',0,5000,0,'''Tahlequah''',0,9000,0,'''Tahlequah''',0,9000,0,'''Tahlequah''',0,9000,0,'''Tahlequah''',0,9000,0,'''Tahlequah''',0,9000,0,'''Tahlequah''',0,5000,0,'''Tahlequah''',0,9000,0,'''Tahlequah''',0,19500,0,'''Tahlequah''',0,10000,0,'''Tahlequah''',0,10000,0,'''Tahlequah''',0,9500,0,'''Tahlequah''',0,9500,0,'''Tahlequah''',0,10000,0,'''Tahlequah''',0,9500,0,'''Tahlequah''',0,10000,0,'''Tahlequah''',0,10500,0,'''Tahlequah''',0,10000,0,'''Tahlequah''',0
'20240822',162109,50500,0,'''Tahlequah''',0,5000,0,'''Tahlequah''',0,9000,0,'''Tahlequah''',0,9000,0,'''Tahlequah''',0,9000,0,'''Tahlequah''',0,9000,0,'''Tahlequah''',0,9000,0,'''Tahlequah''',0,5000,0,'''Tahlequah''',0,9000,0,'''Tahlequah''',0,19500,0,'''Tahlequah''',0,10000,0,'''Tahlequah''',0,10000,0,'''Tahlequah''',0,9500,0,'''Tahlequah''',0,9500,0,'''Tahlequah''',0,10000,0,'''Tahlequah''',0,9500,0,'''Tahlequah''',0,10000,0,'''Tahlequah''',0,10500,0,'''Tahlequah''',0,10000,0,'''Tahlequah''',0
'20240823',162109,50500,0,'''Tahlequah''',0,5000,0,'''Tahlequah''',0,9000,0,'''Tahlequah''',0,9000,0,'''Tahlequah''',0,9000,0,'''Tahlequah''',0,9000,0,'''Tahlequah''',0,9000,0,'''Tahlequah''',0,5000,0,'''Tahlequah''',0,9000,0,'''Tahlequah''',0,9000,0,'''Tahlequah''',0,10500,0,'''Tahlequah''',0,10000,0,'''Tahlequah''',0,10000,0,'''Tahlequah''',0,9500,0,'''Tahlequah''',0,9500,0,'''Tahlequah''',0,10000,0,'''Tahlequah''',0,9500,0,'''Tahlequah''',0,10000,0,'''Tahlequah''',0,10500,0,'''Tahlequah''',0,10000,0,'''Tahlequah''',0
'20240824',162109,55500,0,'''Tahlequah''',0,9000,0,'''Tahlequah''',0,9000,0,'''Tahlequah''',0,9000,0,'''Tahlequah''',0,9000,0,'''Tahlequah''',0,9000,0,'''Tahlequah''',0,5000,0,'''Tahlequah''',0,9000,0,'''Tahlequah''',0,9000,0,'''Tahlequah''',0,10500,0,'''Tahlequah''',0,10000,0,'''Tahlequah''',0,10000,0,'''Tahlequah''',0,9500,0,'''Tahlequah''',0,9500,0,'''Tahlequah''',0,10000,0,'''Tahlequah''',0,9500,0,'''Tahlequah''',0,10000,0,'''Tahlequah''',0,10500,0,'''Tahlequah''',0,10000,0,'''Tahlequah''',0
'20240825',162109,55500,0,'''Tahlequah''',0,9000,0,'''Tahlequah''',0,9000,0,'''Tahlequah''',0,9000,0,'''Tahlequah''',0,9000,0,'''Tahlequah''',0,9000,0,'''Tahlequah''',0,5000,0,'''Tahlequah''',0,9000,0,'''Tahlequah''',0,9000,0,'''Tahlequah''',0,10500,0,'''Tahlequah''',0,10000,0,'''Tahlequah''',0,10000,0,'''Tahlequah''',0,9500,0,'''Tahlequah''',0,9500,0,'''Tahlequah''',0,10000,0,'''Tahlequah''',0,9500,0,'''Tahlequah''',0,10000,0,'''Tahlequah''',0,10500,0,'''Tahlequah''',0,10000,0,'''Tahlequah''',0
'20240826',162109,50500,0,'''Tahlequah''',0,5000,0,'''Tahlequah''',0,9000,0,'''Tahlequah''',0,9000,0,'''Tahlequah''',0,9000,0,'''Tahlequah''',0,9000,0,'''Tahlequah''',0,9000,0,'''Tahlequah''',0,5000,0,'''Tahlequah''',0,9000,0,'''Tahlequah''',0,19500,0,'''Tahlequah''',0,10000,0,'''Tahlequah''',0,10000,0,'''Tahlequah''',0,9500,0,'''Tahlequah''',0,9500,0,'''Tahlequah''',0,10000,0,'''Tahlequah''',0,9500,0,'''Tahlequah''',0,10000,0,'''Tahlequah''',0,10500,0,'''Tahlequah''',0,10000,0,'''Tahlequah''',0
'20240827',162109,50500,0,'''Tahlequah''',0,5000,0,'''Tahlequah''',0,9000,0,'''Tahlequah''',0,9000,0,'''Tahlequah''',0,9000,0,'''Tahlequah''',0,9000,0,'''Tahlequah''',0,9000,0,'''Tahlequah''',0,5000,0,'''Tahlequah''',0,9000,0,'''Tahlequah''',0,19500,0,'''Tahlequah''',0,10000,0,'''Tahlequah''',0,10000,0,'''Tahlequah''',0,9500,0,'''Tahlequah''',0,9500,0,'''Tahlequah''',0,10000,0,'''Tahlequah''',0,9500,0,'''Tahlequah''',0,10000,0,'''Tahlequah''',0,10500,0,'''Tahlequah''',0,10000,0,'''Tahlequah''',0
'20240828',162109,50500,0,'''Tahlequah''',0,5000,0,'''Tahlequah''',0,9000,0,'''Tahlequah''',0,9000,0,'''Tahlequah''',0,9000,0,'''Tahlequah''',0,9000,0,'''Tahlequah''',0,9000,0,'''Tahlequah''',0,5000,0,'''Tahlequah''',0,9000,0,'''Tahlequah''',0,19500,0,'''Tahlequah''',0,10000,0,'''Tahlequah''',0,10000,0,'''Tahlequah''',0,9500,0,'''Tahlequah''',0,9500,0,'''Tahlequah''',0,10000,0,'''Tahlequah''',0,9500,0,'''Tahlequah''',0,10000,0,'''Tahlequah''',0,10500,0,'''Tahlequah''',0,10000,0,'''Tahlequah''',0
'20240829',162109,50500,0,'''Tahlequah''',0,5000,0,'''Tahlequah''',0,9000,0,'''Tahlequah''',0,9000,0,'''Tahlequah''',0,9000,0,'''Tahlequah''',0,9000,0,'''Tahlequah''',0,9000,0,'''Tahlequah''',0,5000,0,'''Tahlequah''',0,9000,0,'''Tahlequah''',0,19500,0,'''Tahlequah''',0,10000,0,'''Tahlequah''',0,10000,0,'''Tahlequah''',0,9500,0,'''Tahlequah''',0,9500,0,'''Tahlequah''',0,10000,0,'''Tahlequah''',0,9500,0,'''Tahlequah''',0,10000,0,'''Tahlequah''',0,10500,0,'''Tahlequah''',0,10000,0,'''Tahlequah''',0
'20240830',162109,50500,0,'''Tahlequah''',0,5000,0,'''Tahlequah''',0,9000,0,'''Tahlequah''',0,9000,0,'''Tahlequah''',0,9000,0,'''Tahlequah''',0,9000,0,'''Tahlequah''',0,9000,0,'''Tahlequah''',0,5000,0,'''Tahlequah''',0,9000,0,'''Tahlequah''',0,9000,0,'''Tahlequah''',0,10500,0,'''Tahlequah''',0,10000,0,'''Tahlequah''',0,10000,0,'''Tahlequah''',0,9500,0,'''Tahlequah''',0,9500,0,'''Tahlequah''',0,10000,0,'''Tahlequah''',0,9500,0,'''Tahlequah''',0,10000,0,'''Tahlequah''',0,10500,0,'''Tahlequah''',0,10000,0,'''Tahlequah''',0
'20240831',162109,55500,0,'''Tahlequah''',0,9000,0,'''Tahlequah''',0,9000,0,'''Tahlequah''',0,9000,0,'''Tahlequah''',0,9000,0,'''Tahlequah''',0,9000,0,'''Tahlequah''',0,5000,0,'''Tahlequah''',0,9000,0,'''Tahlequah''',0,9000,0,'''Tahlequah''',0,10500,0,'''Tahlequah''',0,10000,0,'''Tahlequah''',0,10000,0,'''Tahlequah''',0,9500,0,'''Tahlequah''',0,9500,0,'''Tahlequah''',0,10000,0,'''Tahlequah''',0,9500,0,'''Tahlequah''',0,10000,0,'''Tahlequah''',0,10500,0,'''Tahlequah''',0,10000,0,'''Tahlequah''',0
'20240901',162109,55500,0,'''Tahlequah''',0,9000,0,'''Tahlequah''',0,9000,0,'''Tahlequah''',0,9000,0,'''Tahlequah''',0,9000,0,'''Tahlequah''',0,9000,0,'''Tahlequah''',0,5000,0,'''Tahlequah''',0,9000,0,'''Tahlequah''',0,9000,0,'''Tahlequah''',0,10500,0,'''Tahlequah''',0,10000,0,'''Tahlequah''',0,10000,0,'''Tahlequah''',0,9500,0,'''Tahlequah''',0,9500,0,'''Tahlequah''',0,10000,0,'''Tahlequah''',0,9500,0,'''Tahlequah''',0,10000,0,'''Tahlequah''',0,10500,0,'''Tahlequah''',0,10000,0,'''Tahlequah''',0
'20240902',162109,50500,0,'''Tahlequah''',0,5000,0,'''Tahlequah''',0,9000,0,'''Tahlequah''',0,9000,0,'''Tahlequah''',0,9000,0,'''Tahlequah''',0,9000,0,'''Tahlequah''',0,9000,0,'''Tahlequah''',0,5000,0,'''Tahlequah''',0,9000,0,'''Tahlequah''',0,9000,0,'''Tahlequah''',0,10500,0,'''Tahlequah''',0,10000,0,'''Tahlequah''',0,10000,0,'''Tahlequah''',0,9500,0,'''Tahlequah''',0,9500,0,'''Tahlequah''',0,10000,0,'''Tahlequah''',0,9500,0,'''Tahlequah''',0,10000,0,'''Tahlequah''',0,10500,0,'''Tahlequah''',0,10000,0,'''Tahlequah''',0
'20240903',162109,50500,0,'''Tahlequah''',0,5000,0,'''Tahlequah''',0,9000,0,'''Tahlequah''',0,9000,0,'''Tahlequah''',0,9000,0,'''Tahlequah''',0,9000,0,'''Tahlequah''',0,9000,0,'''Tahlequah''',0,5000,0,'''Tahlequah''',0,9000,0,'''Tahlequah''',0,19500,0,'''Tahlequah''',0,10000,0,'''Tahlequah''',0,10000,0,'''Tahlequah''',0,9500,0,'''Tahlequah''',0,9500,0,'''Tahlequah''',0,10000,0,'''Tahlequah''',0,9500,0,'''Tahlequah''',0,10000,0,'''Tahlequah''',0,10500,0,'''Tahlequah''',0,10000,0,'''Tahlequah''',0
'20240904',162109,50500,0,'''Tahlequah''',0,5000,0,'''Tahlequah''',0,9000,0,'''Tahlequah''',0,9000,0,'''Tahlequah''',0,9000,0,'''Tahlequah''',0,9000,0,'''Tahlequah''',0,9000,0,'''Tahlequah''',0,5000,0,'''Tahlequah''',0,9000,0,'''Tahlequah''',0,19500,0,'''Tahlequah''',0,10000,0,'''Tahlequah''',0,10000,0,'''Tahlequah''',0,9500,0,'''Tahlequah''',0,9500,0,'''Tahlequah''',0,10000,0,'''Tahlequah''',0,9500,0,'''Tahlequah''',0,10000,0,'''Tahlequah''',0,10500,0,'''Tahlequah''',0,10000,0,'''Tahlequah''',0
'20240905',162109,50500,0,'''Tahlequah''',0,5000,0,'''Tahlequah''',0,9000,0,'''Tahlequah''',0,9000,0,'''Tahlequah''',0,9000,0,'''Tahlequah''',0,9000,0,'''Tahlequah''',0,9000,0,'''Tahlequah''',0,5000,0,'''Tahlequah''',0,9000,0,'''Tahlequah''',0,19500,0,'''Tahlequah''',0,10000,0,'''Tahlequah''',0,10000,0,'''Tahlequah''',0,9500,0,'''Tahlequah''',0,9500,0,'''Tahlequah''',0,10000,0,'''Tahlequah''',0,9500,0,'''Tahlequah''',0,10000,0,'''Tahlequah''',0,10500,0,'''Tahlequah''',0,10000,0,'''Tahlequah''',0
'20240906',162109,50500,0,'''Tahlequah''',0,5000,0,'''Tahlequah''',0,9000,0,'''Tahlequah''',0,9000,0,'''Tahlequah''',0,9000,0,'''Tahlequah''',0,9000,0,'''Tahlequah''',0,9000,0,'''Tahlequah''',0,5000,0,'''Tahlequah''',0,9000,0,'''Tahlequah''',0,9000,0,'''Tahlequah''',0,10500,0,'''Tahlequah''',0,10000,0,'''Tahlequah''',0,10000,0,'''Tahlequah''',0,9500,0,'''Tahlequah''',0,9500,0,'''Tahlequah''',0,10000,0,'''Tahlequah''',0,9500,0,'''Tahlequah''',0,10000,0,'''Tahlequah''',0,10500,0,'''Tahlequah''',0,10000,0,'''Tahlequah''',0
'20240907',162109,55500,0,'''Tahlequah''',0,9000,0,'''Tahlequah''',0,9000,0,'''Tahlequah''',0,9000,0,'''Tahlequah''',0,9000,0,'''Tahlequah''',0,9000,0,'''Tahlequah''',0,5000,0,'''Tahlequah''',0,9000,0,'''Tahlequah''',0,9000,0,'''Tahlequah''',0,10500,0,'''Tahlequah''',0,10000,0,'''Tahlequah''',0,10000,0,'''Tahlequah''',0,9500,0,'''Tahlequah''',0,9500,0,'''Tahlequah''',0,10000,0,'''Tahlequah''',0,9500,0,'''Tahlequah''',0,10000,0,'''Tahlequah''',0,10500,0,'''Tahlequah''',0,10000,0,'''Tahlequah''',0
'20240908',162109,55500,0,'''Tahlequah''',0,9000,0,'''Tahlequah''',0,9000,0,'''Tahlequah''',0,9000,0,'''Tahlequah''',0,9000,0,'''Tahlequah''',0,9000,0,'''Tahlequah''',0,5000,0,'''Tahlequah''',0,9000,0,'''Tahlequah''',0,9000,0,'''Tahlequah''',0,10500,0,'''Tahlequah''',0,10000,0,'''Tahlequah''',0,10000,0,'''Tahlequah''',0,9500,0,'''Tahlequah''',0,9500,0,'''Tahlequah''',0,10000,0,'''Tahlequah''',0,9500,0,'''Tahlequah''',0,10000,0,'''Tahlequah''',0,10500,0,'''Tahlequah''',0,10000,0,'''Tahlequah''',0
'20240716',211609,54500,4,'',0,9000,4,'',0,9000,4,'',0,9000,4,'',0,9000,4,'',0,5000,4,'',0,9000,4,'',0,9000,4,'',0,9000,4,'',0,20000,4,'',0,10000,4,'',0,9500,4,'',0,9500,4,'',0,10000,4,'',0,10000,4,'',0,10000,4,'',0,10000,4,'',0,10000,4,'',0,9500,4,'',0
'20240717',211609,54500,4,'',0,9000,4,'',0,9000,4,'',0,9000,4,'',0,9000,4,'',0,5000,4,'',0,9000,4,'',0,9000,4,'',0,9000,4,'',0,20000,4,'',0,10000,4,'',0,9500,4,'',0,9500,4,'',0,10000,4,'',0,10000,4,'',0,10000,4,'',0,10000,4,'',0,10000,4,'',0,9500,4,'',0
'20240718',211609,54500,4,'',0,9000,4,'',0,9000,4,'',0,9000,4,'',0,9000,4,'',0,5000,4,'',0,9000,4,'',0,9000,4,'',0,9000,4,'',0,20000,4,'',0,10000,4,'',0,9500,4,'',0,9500,4,'',0,10000,4,'',0,10000,4,'',0,10000,4,'',0,10000,4,'',0,10000,4,'',0,9500,4,'',0
'20240719',211609,54500,4,'',0,9000,4,'',0,9000,4,'',0,9000,4,'',0,9000,4,'',0,5000,4,'',0,9000,4,'',0,9000,4,'',0,9000,4,'',0,9000,4,'',0,11000,4,'',0,10000,4,'',0,9500,4,'',0,9500,4,'',0,10000,4,'',0,10000,4,'',0,10000,4,'',0,10000,4,'',0,10000,4,'',0,9500,4,'',0
'20240720',211609,63500,4,'',0,9000,4,'',0,9000,4,'',0,9000,4,'',0,5000,4,'',0,9000,4,'',0,9000,4,'',0,9000,4,'',0,9000,4,'',0,11000,4,'',0,10000,4,'',0,9500,4,'',0,9500,4,'',0,10000,4,'',0,10000,4,'',0,10000,4,'',0,10000,4,'',0,10000,4,'',0,9500,4,'',0
'20240721',211609,63500,4,'',0,9000,4,'',0,9000,4,'',0,9000,4,'',0,5000,4,'',0,9000,4,'',0,9000,4,'',0,9000,4,'',0,9000,4,'',0,11000,4,'',0,10000,4,'',0,9500,4,'',0,9500,4,'',0,10000,4,'',0,10000,4,'',0,10000,4,'',0,10000,4,'',0,10000,4,'',0,9500,4,'',0
'20240722',211609,54500,4,'',0,9000,4,'',0,9000,4,'',0,9000,4,'',0,9000,4,'',0,5000,4,'',0,9000,4,'',0,9000,4,'',0,9000,4,'',0,20000,4,'',0,10000,4,'',0,9500,4,'',0,9500,4,'',0,10000,4,'',0,10000,4,'',0,10000,4,'',0,10000,4,'',0,10000,4,'',0,9500,4,'',0
'20240723',211609,54500,4,'',0,9000,4,'',0,9000,4,'',0,9000,4,'',0,9000,4,'',0,5000,4,'',0,9000,4,'',0,9000,4,'',0,9000,4,'',0,20000,4,'',0,10000,4,'',0,9500,4,'',0,9500,4,'',0,10000,4,'',0,10000,4,'',0,10000,4,'',0,10000,4,'',0,10000,4,'',0,9500,4,'',0
'20240724',211609,54500,4,'',0,9000,4,'',0,9000,4,'',0,9000,4,'',0,9000,4,'',0,5000,4,'',0,9000,4,'',0,9000,4,'',0,9000,4,'',0,20000,4,'',0,10000,4,'',0,9500,4,'',0,9500,4,'',0,10000,4,'',0,10000,4,'',0,10000,4,'',0,10000,4,'',0,10000,4,'',0,9500,4,'',0
'20240725',211609,54500,4,'',0,9000,4,'',0,9000,4,'',0,9000,4,'',0,9000,4,'',0,5000,4,'',0,9000,4,'',0,9000,4,'',0,9000,4,'',0,20000,4,'',0,10000,4,'',0,9500,4,'',0,9500,4,'',0,10000,4,'',0,10000,4,'',0,10000,4,'',0,10000,4,'',0,10000,4,'',0,9500,4,'',0
'20240726',211609,54500,4,'',0,9000,4,'',0,9000,4,'',0,9000,4,'',0,9000,4,'',0,5000,4,'',0,9000,4,'',0,9000,4,'',0,9000,4,'',0,9000,4,'',0,11000,4,'',0,10000,4,'',0,9500,4,'',0,9500,4,'',0,10000,4,'',0,10000,4,'',0,10000,4,'',0,10000,4,'',0,10000,4,'',0,9500,4,'',0
'20240727',211609,63500,4,'',0,9000,4,'',0,9000,4,'',0,9000,4,'',0,5000,4,'',0,9000,4,'',0,9000,4,'',0,9000,4,'',0,9000,4,'',0,11000,4,'',0,10000,4,'',0,9500,4,'',0,9500,4,'',0,10000,4,'',0,10000,4,'',0,10000,4,'',0,10000,4,'',0,10000,4,'',0,9500,4,'',0
'20240728',211609,63500,4,'',0,9000,4,'',0,9000,4,'',0,9000,4,'',0,5000,4,'',0,9000,4,'',0,9000,4,'',0,9000,4,'',0,9000,4,'',0,11000,4,'',0,10000,4,'',0,9500,4,'',0,9500,4,'',0,10000,4,'',0,10000,4,'',0,10000,4,'',0,10000,4,'',0,10000,4,'',0,9500,4,'',0
'20240729',211609,54500,4,'',0,9000,4,'',0,9000,4,'',0,9000,4,'',0,9000,4,'',0,5000,4,'',0,9000,4,'',0,9000,4,'',0,9000,4,'',0,20000,4,'',0,10000,4,'',0,9500,4,'',0,9500,4,'',0,10000,4,'',0,10000,4,'',0,10000,4,'',0,10000,4,'',0,10000,4,'',0,9500,4,'',0
'20240730',211609,54500,4,'',0,9000,4,'',0,9000,4,'',0,9000,4,'',0,9000,4,'',0,5000,4,'',0,9000,4,'',0,9000,4,'',0,9000,4,'',0,20000,4,'',0,10000,4,'',0,9500,4,'',0,9500,4,'',0,10000,4,'',0,10000,4,'',0,10000,4,'',0,10000,4,'',0,10000,4,'',0,9500,4,'',0
'20240731',211609,54500,4,'',0,9000,4,'',0,9000,4,'',0,9000,4,'',0,9000,4,'',0,5000,4,'',0,9000,4,'',0,9000,4,'',0,9000,4,'',0,20000,4,'',0,10000,4,'',0,9500,4,'',0,9500,4,'',0,10000,4,'',0,10000,4,'',0,10000,4,'',0,10000,4,'',0,10000,4,'',0,9500,4,'',0
'20240801',211609,54500,4,'',0,9000,4,'',0,9000,4,'',0,9000,4,'',0,9000,4,'',0,5000,4,'',0,9000,4,'',0,9000,4,'',0,9000,4,'',0,20000,4,'',0,10000,4,'',0,9500,4,'',0,9500,4,'',0,10000,4,'',0,10000,4,'',0,10000,4,'',0,10000,4,'',0,10000,4,'',0,9500,4,'',0
'20240802',211609,54500,4,'',0,9000,4,'',0,9000,4,'',0,9000,4,'',0,9000,4,'',0,5000,4,'',0,9000,4,'',0,9000,4,'',0,9000,4,'',0,9000,4,'',0,11000,4,'',0,10000,4,'',0,9500,4,'',0,9500,4,'',0,10000,4,'',0,10000,4,'',0,10000,4,'',0,10000,4,'',0,10000,4,'',0,9500,4,'',0
'20240803',211609,63500,4,'',0,9000,4,'',0,9000,4,'',0,9000,4,'',0,5000,4,'',0,9000,4,'',0,9000,4,'',0,9000,4,'',0,9000,4,'',0,11000,4,'',0,10000,4,'',0,9500,4,'',0,9500,4,'',0,10000,4,'',0,10000,4,'',0,10000,4,'',0,10000,4,'',0,10000,4,'',0,9500,4,'',0
'20240804',211609,63500,4,'',0,9000,4,'',0,9000,4,'',0,9000,4,'',0,5000,4,'',0,9000,4,'',0,9000,4,'',0,9000,4,'',0,9000,4,'',0,11000,4,'',0,10000,4,'',0,9500,4,'',0,9500,4,'',0,10000,4,'',0,10000,4,'',0,10000,4,'',0,10000,4,'',0,10000,4,'',0,9500,4,'',0
'20240805',211609,54500,4,'',0,9000,4,'',0,9000,4,'',0,9000,4,'',0,9000,4,'',0,5000,4,'',0,9000,4,'',0,9000,4,'',0,9000,4,'',0,20000,4,'',0,10000,4,'',0,9500,4,'',0,9500,4,'',0,10000,4,'',0,10000,4,'',0,10000,4,'',0,10000,4,'',0,10000,4,'',0,9500,4,'',0
'20240806',211609,54500,4,'',0,9000,4,'',0,9000,4,'',0,9000,4,'',0,9000,4,'',0,5000,4,'',0,9000,4,'',0,9000,4,'',0,9000,4,'',0,20000,4,'',0,10000,4,'',0,9500,4,'',0,9500,4,'',0,10000,4,'',0,10000,4,'',0,10000,4,'',0,10000,4,'',0,10000,4,'',0,9500,4,'',0
'20240807',211609,54500,4,'',0,9000,4,'',0,9000,4,'',0,9000,4,'',0,9000,4,'',0,5000,4,'',0,9000,4,'',0,9000,4,'',0,9000,4,'',0,20000,4,'',0,10000,4,'',0,9500,4,'',0,9500,4,'',0,10000,4,'',0,10000,4,'',0,10000,4,'',0,10000,4,'',0,10000,4,'',0,9500,4,'',0
'20240808',211609,54500,4,'',0,9000,4,'',0,9000,4,'',0,9000,4,'',0,9000,4,'',0,5000,4,'',0,9000,4,'',0,9000,4,'',0,9000,4,'',0,20000,4,'',0,10000,4,'',0,9500,4,'',0,9500,4,'',0,10000,4,'',0,10000,4,'',0,10000,4,'',0,10000,4,'',0,10000,4,'',0,9500,4,'',0
'20240809',211609,54500,4,'',0,9000,4,'',0,9000,4,'',0,9000,4,'',0,9000,4,'',0,5000,4,'',0,9000,4,'',0,9000,4,'',0,9000,4,'',0,9000,4,'',0,11000,4,'',0,10000,4,'',0,9500,4,'',0,9500,4,'',0,10000,4,'',0,10000,4,'',0,10000,4,'',0,10000,4,'',0,10000,4,'',0,9500,4,'',0
'20240810',211609,63500,4,'',0,9000,4,'',0,9000,4,'',0,9000,4,'',0,5000,4,'',0,9000,4,'',0,9000,4,'',0,9000,4,'',0,9000,4,'',0,11000,4,'',0,10000,4,'',0,9500,4,'',0,9500,4,'',0,10000,4,'',0,10000,4,'',0,10000,4,'',0,10000,4,'',0,10000,4,'',0,9500,4,'',0
'20240811',211609,63500,4,'',0,9000,4,'',0,9000,4,'',0,9000,4,'',0,5000,4,'',0,9000,4,'',0,9000,4,'',0,9000,4,'',0,9000,4,'',0,11000,4,'',0,10000,4,'',0,9500,4,'',0,9500,4,'',0,10000,4,'',0,10000,4,'',0,10000,4,'',0,10000,4,'',0,10000,4,'',0,9500,4,'',0
'20240812',211609,54500,4,'',0,9000,4,'',0,9000,4,'',0,9000,4,'',0,9000,4,'',0,5000,4,'',0,9000,4,'',0,9000,4,'',0,9000,4,'',0,20000,4,'',0,10000,4,'',0,9500,4,'',0,9500,4,'',0,10000,4,'',0,10000,4,'',0,10000,4,'',0,10000,4,'',0,10000,4,'',0,9500,4,'',0
'20240813',211609,54500,4,'',0,9000,4,'',0,9000,4,'',0,9000,4,'',0,9000,4,'',0,5000,4,'',0,9000,4,'',0,9000,4,'',0,9000,4,'',0,20000,4,'',0,10000,4,'',0,9500,4,'',0,9500,4,'',0,10000,4,'',0,10000,4,'',0,10000,4,'',0,10000,4,'',0,10000,4,'',0,9500,4,'',0
'20240814',211609,54500,4,'',0,9000,4,'',0,9000,4,'',0,9000,4,'',0,9000,4,'',0,5000,4,'',0,9000,4,'',0,9000,4,'',0,9000,4,'',0,20000,4,'',0,10000,4,'',0,9500,4,'',0,9500,4,'',0,10000,4,'',0,10000,4,'',0,10000,4,'',0,10000,4,'',0,10000,4,'',0,9500,4,'',0
'20240815',211609,54500,4,'',0,9000,4,'',0,9000,4,'',0,9000,4,'',0,9000,4,'',0,5000,4,'',0,9000,4,'',0,9000,4,'',0,9000,4,'',0,20000,4,'',0,10000,4,'',0,9500,4,'',0,9500,4,'',0,10000,4,'',0,10000,4,'',0,10000,4,'',0,10000,4,'',0,10000,4,'',0,9500,4,'',0
'20240816',211609,54500,4,'',0,9000,4,'',0,9000,4,'',0,9000,4,'',0,9000,4,'',0,5000,4,'',0,9000,4,'',0,9000,4,'',0,9000,4,'',0,9000,4,'',0,11000,4,'',0,10000,4,'',0,9500,4,'',0,9500,4,'',0,10000,4,'',0,10000,4,'',0,10000,4,'',0,10000,4,'',0,10000,4,'',0,9500,4,'',0
'20240817',211609,63500,4,'',0,9000,4,'',0,9000,4,'',0,9000,4,'',0,5000,4,'',0,9000,4,'',0,9000,4,'',0,9000,4,'',0,9000,4,'',0,11000,4,'',0,10000,4,'',0,9500,4,'',0,9500,4,'',0,10000,4,'',0,10000,4,'',0,10000,4,'',0,10000,4,'',0,10000,4,'',0,9500,4,'',0
'20240818',211609,63500,4,'',0,9000,4,'',0,9000,4,'',0,9000,4,'',0,5000,4,'',0,9000,4,'',0,9000,4,'',0,9000,4,'',0,9000,4,'',0,11000,4,'',0,10000,4,'',0,9500,4,'',0,9500,4,'',0,10000,4,'',0,10000,4,'',0,10000,4,'',0,10000,4,'',0,10000,4,'',0,9500,4,'',0
'20240819',211609,54500,4,'',0,9000,4,'',0,9000,4,'',0,9000,4,'',0,9000,4,'',0,5000,4,'',0,9000,4,'',0,9000,4,'',0,9000,4,'',0,20000,4,'',0,10000,4,'',0,9500,4,'',0,9500,4,'',0,10000,4,'',0,10000,4,'',0,10000,4,'',0,10000,4,'',0,10000,4,'',0,9500,4,'',0
'20240820',211609,54500,4,'',0,9000,4,'',0,9000,4,'',0,9000,4,'',0,9000,4,'',0,5000,4,'',0,9000,4,'',0,9000,4,'',0,9000,4,'',0,20000,4,'',0,10000,4,'',0,9500,4,'',0,9500,4,'',0,10000,4,'',0,10000,4,'',0,10000,4,'',0,10000,4,'',0,10000,4,'',0,9500,4,'',0
'20240821',211609,54500,4,'',0,9000,4,'',0,9000,4,'',0,9000,4,'',0,9000,4,'',0,5000,4,'',0,9000,4,'',0,9000,4,'',0,9000,4,'',0,20000,4,'',0,10000,4,'',0,9500,4,'',0,9500,4,'',0,10000,4,'',0,10000,4,'',0,10000,4,'',0,10000,4,'',0,10000,4,'',0,9500,4,'',0
'20240822',211609,54500,4,'',0,9000,4,'',0,9000,4,'',0,9000,4,'',0,9000,4,'',0,5000,4,'',0,9000,4,'',0,9000,4,'',0,9000,4,'',0,20000,4,'',0,10000,4,'',0,9500,4,'',0,9500,4,'',0,10000,4,'',0,10000,4,'',0,10000,4,'',0,10000,4,'',0,10000,4,'',0,9500,4,'',0
'20240823',211609,54500,4,'',0,9000,4,'',0,9000,4,'',0,9000,4,'',0,9000,4,'',0,5000,4,'',0,9000,4,'',0,9000,4,'',0,9000,4,'',0,9000,4,'',0,11000,4,'',0,10000,4,'',0,9500,4,'',0,9500,4,'',0,10000,4,'',0,10000,4,'',0,10000,4,'',0,10000,4,'',0,10000,4,'',0,9500,4,'',0
'20240824',211609,63500,4,'',0,9000,4,'',0,9000,4,'',0,9000,4,'',0,5000,4,'',0,9000,4,'',0,9000,4,'',0,9000,4,'',0,9000,4,'',0,11000,4,'',0,10000,4,'',0,9500,4,'',0,9500,4,'',0,10000,4,'',0,10000,4,'',0,10000,4,'',0,10000,4,'',0,10000,4,'',0,9500,4,'',0
'20240825',211609,63500,4,'',0,9000,4,'',0,9000,4,'',0,9000,4,'',0,5000,4,'',0,9000,4,'',0,9000,4,'',0,9000,4,'',0,9000,4,'',0,11000,4,'',0,10000,4,'',0,9500,4,'',0,9500,4,'',0,10000,4,'',0,10000,4,'',0,10000,4,'',0,10000,4,'',0,10000,4,'',0,9500,4,'',0
'20240826',211609,54500,4,'',0,9000,4,'',0,9000,4,'',0,9000,4,'',0,9000,4,'',0,5000,4,'',0,9000,4,'',0,9000,4,'',0,9000,4,'',0,20000,4,'',0,10000,4,'',0,9500,4,'',0,9500,4,'',0,10000,4,'',0,10000,4,'',0,10000,4,'',0,10000,4,'',0,10000,4,'',0,9500,4,'',0
'20240827',211609,54500,4,'',0,9000,4,'',0,9000,4,'',0,9000,4,'',0,9000,4,'',0,5000,4,'',0,9000,4,'',0,9000,4,'',0,9000,4,'',0,20000,4,'',0,10000,4,'',0,9500,4,'',0,9500,4,'',0,10000,4,'',0,10000,4,'',0,10000,4,'',0,10000,4,'',0,10000,4,'',0,9500,4,'',0
'20240828',211609,54500,4,'',0,9000,4,'',0,9000,4,'',0,9000,4,'',0,9000,4,'',0,5000,4,'',0,9000,4,'',0,9000,4,'',0,9000,4,'',0,20000,4,'',0,10000,4,'',0,9500,4,'',0,9500,4,'',0,10000,4,'',0,10000,4,'',0,10000,4,'',0,10000,4,'',0,10000,4,'',0,9500,4,'',0
'20240829',211609,54500,4,'',0,9000,4,'',0,9000,4,'',0,9000,4,'',0,9000,4,'',0,5000,4,'',0,9000,4,'',0,9000,4,'',0,9000,4,'',0,20000,4,'',0,10000,4,'',0,9500,4,'',0,9500,4,'',0,10000,4,'',0,10000,4,'',0,10000,4,'',0,10000,4,'',0,10000,4,'',0,9500,4,'',0
'20240830',211609,54500,4,'',0,9000,4,'',0,9000,4,'',0,9000,4,'',0,9000,4,'',0,5000,4,'',0,9000,4,'',0,9000,4,'',0,9000,4,'',0,9000,4,'',0,11000,4,'',0,10000,4,'',0,9500,4,'',0,9500,4,'',0,10000,4,'',0,10000,4,'',0,10000,4,'',0,10000,4,'',0,10000,4,'',0,9500,4,'',0
'20240831',211609,63500,4,'',0,9000,4,'',0,9000,4,'',0,9000,4,'',0,5000,4,'',0,9000,4,'',0,9000,4,'',0,9000,4,'',0,9000,4,'',0,11000,4,'',0,10000,4,'',0,9500,4,'',0,9500,4,'',0,10000,4,'',0,10000,4,'',0,10000,4,'',0,10000,4,'',0,10000,4,'',0,9500,4,'',0
'20240901',211609,63500,4,'',0,9000,4,'',0,9000,4,'',0,9000,4,'',0,5000,4,'',0,9000,4,'',0,9000,4,'',0,9000,4,'',0,9000,4,'',0,11000,4,'',0,10000,4,'',0,9500,4,'',0,9500,4,'',0,10000,4,'',0,10000,4,'',0,10000,4,'',0,10000,4,'',0,10000,4,'',0,9500,4,'',0
'20240902',211609,54500,4,'',0,9000,4,'',0,9000,4,'',0,9000,4,'',0,9000,4,'',0,5000,4,'',0,9000,4,'',0,9000,4,'',0,9000,4,'',0,9000,4,'',0,11000,4,'',0,10000,4,'',0,9500,4,'',0,9500,4,'',0,10000,4,'',0,10000,4,'',0,10000,4,'',0,10000,4,'',0,10000,4,'',0,9500,4,'',0
'20240903',211609,54500,4,'',0,9000,4,'',0,9000,4,'',0,9000,4,'',0,9000,4,'',0,5000,4,'',0,9000,4,'',0,9000,4,'',0,9000,4,'',0,20000,4,'',0,10000,4,'',0,9500,4,'',0,9500,4,'',0,10000,4,'',0,10000,4,'',0,10000,4,'',0,10000,4,'',0,10000,4,'',0,9500,4,'',0
'20240904',211609,54500,4,'',0,9000,4,'',0,9000,4,'',0,9000,4,'',0,9000,4,'',0,5000,4,'',0,9000,4,'',0,9000,4,'',0,9000,4,'',0,20000,4,'',0,10000,4,'',0,9500,4,'',0,9500,4,'',0,10000,4,'',0,10000,4,'',0,10000,4,'',0,10000,4,'',0,10000,4,'',0,9500,4,'',0
'20240905',211609,54500,4,'',0,9000,4,'',0,9000,4,'',0,9000,4,'',0,9000,4,'',0,5000,4,'',0,9000,4,'',0,9000,4,'',0,9000,4,'',0,20000,4,'',0,10000,4,'',0,9500,4,'',0,9500,4,'',0,10000,4,'',0,10000,4,'',0,10000,4,'',0,10000,4,'',0,10000,4,'',0,9500,4,'',0
'20240906',211609,54500,4,'',0,9000,4,'',0,9000,4,'',0,9000,4,'',0,9000,4,'',0,5000,4,'',0,9000,4,'',0,9000,4,'',0,9000,4,'',0,9000,4,'',0,11000,4,'',0,10000,4,'',0,9500,4,'',0,9500,4,'',0,10000,4,'',0,10000,4,'',0,10000,4,'',0,10000,4,'',0,10000,4,'',0,9500,4,'',0
'20240907',211609,63500,4,'',0,9000,4,'',0,9000,4,'',0,9000,4,'',0,5000,4,'',0,9000,4,'',0,9000,4,'',0,9000,4,'',0,9000,4,'',0,11000,4,'',0,10000,4,'',0,9500,4,'',0,9500,4,'',0,10000,4,'',0,10000,4,'',0,10000,4,'',0,10000,4,'',0,10000,4,'',0,9500,4,'',0
'20240908',211609,63500,4,'',0,9000,4,'',0,9000,4,'',0,9000,4,'',0,5000,4,'',0,9000,4,'',0,9000,4,'',0,9000,4,'',0,9000,4,'',0,11000,4,'',0,10000,4,'',0,9500,4,'',0,9500,4,'',0,10000,4,'',0,10000,4,'',0,10000,4,'',0,10000,4,'',0,10000,4,'',0,9500,4,'',0
