'20240813',20909,41000,0,'''Fauntleroy''',0,9000,0,'''Fauntleroy''',0,5000,0,'''Fauntleroy''',0,9000,0,'''Fauntleroy''',0,18500,0,'''Fauntleroy''',0,13000,0,'''Fauntleroy''',0,26000,0,'''Fauntleroy''',0,8500,0,'''Fauntleroy''',0,12000,0,'''Fauntleroy''',0,8000,0,'''Fauntleroy''',0,5500,0,'''Fauntleroy''',0,7000,0,'''Fauntleroy''',0,9500,0,'''Fauntleroy''',0,8000,0,'''Fauntleroy''',0,10000,0,'''Fauntleroy''',0,2000,0,'''Fauntleroy''',0,11500,0,'''Fauntleroy''',0,28500,0,'''Fauntleroy''',0,11500,0,'''Fauntleroy''',0
'20240814',20909,41000,0,'''Fauntleroy''',0,9000,0,'''Fauntleroy''',0,5000,0,'''Fauntleroy''',0,9000,0,'''Fauntleroy''',0,18500,0,'''Fauntleroy''',0,13000,0,'''Fauntleroy''',0,26000,0,'''Fauntleroy''',0,8500,0,'''Fauntleroy''',0,12000,0,'''Fauntleroy''',0,8000,0,'''Fauntleroy''',0,5500,0,'''Fauntleroy''',0,7000,0,'''Fauntleroy''',0,9500,0,'''Fauntleroy''',0,8000,0,'''Fauntleroy''',0,10000,0,'''Fauntleroy''',0,2000,0,'''Fauntleroy''',0,11500,0,'''Fauntleroy''',0,28500,0,'''Fauntleroy''',0,11500,0,'''Fauntleroy''',0
'20240815',20909,41000,0,'''Fauntleroy''',0,9000,0,'''Fauntleroy''',0,5000,0,'''Fauntleroy''',0,9000,0,'''Fauntleroy''',0,18500,0,'''Fauntleroy''',0,13000,0,'''Fauntleroy''',0,26000,0,'''Fauntleroy''',0,8500,0,'''Fauntleroy''',0,12000,0,'''Fauntleroy''',0,8000,0,'''Fauntleroy''',0,5500,0,'''Fauntleroy''',0,7000,0,'''Fauntleroy''',0,9500,0,'''Fauntleroy''',0,8000,0,'''Fauntleroy''',0,10000,0,'''Fauntleroy''',0,2000,0,'''Fauntleroy''',0,11500,0,'''Fauntleroy''',0,28500,0,'''Fauntleroy''',0,11500,0,'''Fauntleroy''',0
'20240816',20909,41000,0,'''Fauntleroy''',0,9000,0,'''Fauntleroy''',0,5000,0,'''Fauntleroy''',0,9000,0,'''Fauntleroy''',0,18500,0,'''Fauntleroy''',0,13000,0,'''Fauntleroy''',0,16000,0,'''Fauntleroy''',0,10000,0,'''Fauntleroy''',0,8500,0,'''Fauntleroy''',0,12000,0,'''Fauntleroy''',0,8000,0,'''Fauntleroy''',0,5500,0,'''Fauntleroy''',0,7000,0,'''Fauntleroy''',0,9500,0,'''Fauntleroy''',0,8000,0,'''Fauntleroy''',0,10000,0,'''Fauntleroy''',0,2000,0,'''Fauntleroy''',0,11500,0,'''Fauntleroy''',0,28500,0,'''Fauntleroy''',0,11500,0,'''Fauntleroy''',0
'20240817',20909,42000,0,'''Fauntleroy''',0,13500,0,'''Fauntleroy''',0,10000,0,'''Fauntleroy''',0,6500,0,'''Fauntleroy''',0,11500,0,'''Fauntleroy''',0,7000,0,'''Fauntleroy''',0,14000,0,'''Fauntleroy''',0,17500,0,'''Fauntleroy''',0,9000,0,'''Fauntleroy''',0,14000,0,'''Fauntleroy''',0,18000,0,'''Fauntleroy''',0,7500,0,'''Fauntleroy''',0,14000,0,'''Fauntleroy''',0,6000,0,'''Fauntleroy''',0,11500,0,'''Fauntleroy''',0,30000,0,'''Fauntleroy''',0,11500,0,'''Fauntleroy''',0
'20240818',20909,42000,0,'''Fauntleroy''',0,13500,0,'''Fauntleroy''',0,10000,0,'''Fauntleroy''',0,6500,0,'''Fauntleroy''',0,11500,0,'''Fauntleroy''',0,7000,0,'''Fauntleroy''',0,14000,0,'''Fauntleroy''',0,17500,0,'''Fauntleroy''',0,9000,0,'''Fauntleroy''',0,14000,0,'''Fauntleroy''',0,18000,0,'''Fauntleroy''',0,7500,0,'''Fauntleroy''',0,14000,0,'''Fauntleroy''',0,6000,0,'''Fauntleroy''',0,11500,0,'''Fauntleroy''',0,30000,0,'''Fauntleroy''',0,11500,0,'''Fauntleroy''',0
'20240819',20909,41000,0,'''Fauntleroy''',0,9000,0,'''Fauntleroy''',0,5000,0,'''Fauntleroy''',0,9000,0,'''Fauntleroy''',0,18500,0,'''Fauntleroy''',0,13000,0,'''Fauntleroy''',0,26000,0,'''Fauntleroy''',0,8500,0,'''Fauntleroy''',0,12000,0,'''Fauntleroy''',0,8000,0,'''Fauntleroy''',0,5500,0,'''Fauntleroy''',0,7000,0,'''Fauntleroy''',0,9500,0,'''Fauntleroy''',0,8000,0,'''Fauntleroy''',0,10000,0,'''Fauntleroy''',0,2000,0,'''Fauntleroy''',0,11500,0,'''Fauntleroy''',0,28500,0,'''Fauntleroy''',0,11500,0,'''Fauntleroy''',0
'20240820',20909,41000,0,'''Fauntleroy''',0,9000,0,'''Fauntleroy''',0,5000,0,'''Fauntleroy''',0,9000,0,'''Fauntleroy''',0,18500,0,'''Fauntleroy''',0,13000,0,'''Fauntleroy''',0,26000,0,'''Fauntleroy''',0,8500,0,'''Fauntleroy''',0,12000,0,'''Fauntleroy''',0,8000,0,'''Fauntleroy''',0,5500,0,'''Fauntleroy''',0,7000,0,'''Fauntleroy''',0,9500,0,'''Fauntleroy''',0,8000,0,'''Fauntleroy''',0,10000,0,'''Fauntleroy''',0,2000,0,'''Fauntleroy''',0,11500,0,'''Fauntleroy''',0,28500,0,'''Fauntleroy''',0,11500,0,'''Fauntleroy''',0
'20240821',20909,41000,0,'''Fauntleroy''',0,9000,0,'''Fauntleroy''',0,5000,0,'''Fauntleroy''',0,9000,0,'''Fauntleroy''',0,18500,0,'''Fauntleroy''',0,13000,0,'''Fauntleroy''',0,26000,0,'''Fauntleroy''',0,8500,0,'''Fauntleroy''',0,12000,0,'''Fauntleroy''',0,8000,0,'''Fauntleroy''',0,5500,0,'''Fauntleroy''',0,7000,0,'''Fauntleroy''',0,9500,0,'''Fauntleroy''',0,8000,0,'''Fauntleroy''',0,10000,0,'''Fauntleroy''',0,2000,0,'''Fauntleroy''',0,11500,0,'''Fauntleroy''',0,28500,0,'''Fauntleroy''',0,11500,0,'''Fauntleroy''',0
'20240822',20909,41000,0,'''Fauntleroy''',0,9000,0,'''Fauntleroy''',0,5000,0,'''Fauntleroy''',0,9000,0,'''Fauntleroy''',0,18500,0,'''Fauntleroy''',0,13000,0,'''Fauntleroy''',0,26000,0,'''Fauntleroy''',0,8500,0,'''Fauntleroy''',0,12000,0,'''Fauntleroy''',0,8000,0,'''Fauntleroy''',0,5500,0,'''Fauntleroy''',0,7000,0,'''Fauntleroy''',0,9500,0,'''Fauntleroy''',0,8000,0,'''Fauntleroy''',0,10000,0,'''Fauntleroy''',0,2000,0,'''Fauntleroy''',0,11500,0,'''Fauntleroy''',0,28500,0,'''Fauntleroy''',0,11500,0,'''Fauntleroy''',0
'20240823',20909,41000,0,'''Fauntleroy''',0,9000,0,'''Fauntleroy''',0,5000,0,'''Fauntleroy''',0,9000,0,'''Fauntleroy''',0,18500,0,'''Fauntleroy''',0,13000,0,'''Fauntleroy''',0,16000,0,'''Fauntleroy''',0,10000,0,'''Fauntleroy''',0,8500,0,'''Fauntleroy''',0,12000,0,'''Fauntleroy''',0,8000,0,'''Fauntleroy''',0,5500,0,'''Fauntleroy''',0,7000,0,'''Fauntleroy''',0,9500,0,'''Fauntleroy''',0,8000,0,'''Fauntleroy''',0,10000,0,'''Fauntleroy''',0,2000,0,'''Fauntleroy''',0,11500,0,'''Fauntleroy''',0,28500,0,'''Fauntleroy''',0,11500,0,'''Fauntleroy''',0
'20240824',20909,42000,0,'''Fauntleroy''',0,13500,0,'''Fauntleroy''',0,10000,0,'''Fauntleroy''',0,6500,0,'''Fauntleroy''',0,11500,0,'''Fauntleroy''',0,7000,0,'''Fauntleroy''',0,14000,0,'''Fauntleroy''',0,17500,0,'''Fauntleroy''',0,9000,0,'''Fauntleroy''',0,14000,0,'''Fauntleroy''',0,18000,0,'''Fauntleroy''',0,7500,0,'''Fauntleroy''',0,14000,0,'''Fauntleroy''',0,6000,0,'''Fauntleroy''',0,11500,0,'''Fauntleroy''',0,30000,0,'''Fauntleroy''',0,11500,0,'''Fauntleroy''',0
'20240825',20909,42000,0,'''Fauntleroy''',0,13500,0,'''Fauntleroy''',0,10000,0,'''Fauntleroy''',0,6500,0,'''Fauntleroy''',0,11500,0,'''Fauntleroy''',0,7000,0,'''Fauntleroy''',0,14000,0,'''Fauntleroy''',0,17500,0,'''Fauntleroy''',0,9000,0,'''Fauntleroy''',0,14000,0,'''Fauntleroy''',0,18000,0,'''Fauntleroy''',0,7500,0,'''Fauntleroy''',0,14000,0,'''Fauntleroy''',0,6000,0,'''Fauntleroy''',0,11500,0,'''Fauntleroy''',0,30000,0,'''Fauntleroy''',0,11500,0,'''Fauntleroy''',0
'20240826',20909,41000,0,'''Fauntleroy''',0,9000,0,'''Fauntleroy''',0,5000,0,'''Fauntleroy''',0,9000,0,'''Fauntleroy''',0,18500,0,'''Fauntleroy''',0,13000,0,'''Fauntleroy''',0,26000,0,'''Fauntleroy''',0,8500,0,'''Fauntleroy''',0,12000,0,'''Fauntleroy''',0,8000,0,'''Fauntleroy''',0,5500,0,'''Fauntleroy''',0,7000,0,'''Fauntleroy''',0,9500,0,'''Fauntleroy''',0,8000,0,'''Fauntleroy''',0,10000,0,'''Fauntleroy''',0,2000,0,'''Fauntleroy''',0,11500,0,'''Fauntleroy''',0,28500,0,'''Fauntleroy''',0,11500,0,'''Fauntleroy''',0
'20240827',20909,41000,0,'''Fauntleroy''',0,9000,0,'''Fauntleroy''',0,5000,0,'''Fauntleroy''',0,9000,0,'''Fauntleroy''',0,18500,0,'''Fauntleroy''',0,13000,0,'''Fauntleroy''',0,26000,0,'''Fauntleroy''',0,8500,0,'''Fauntleroy''',0,12000,0,'''Fauntleroy''',0,8000,0,'''Fauntleroy''',0,5500,0,'''Fauntleroy''',0,7000,0,'''Fauntleroy''',0,9500,0,'''Fauntleroy''',0,8000,0,'''Fauntleroy''',0,10000,0,'''Fauntleroy''',0,2000,0,'''Fauntleroy''',0,11500,0,'''Fauntleroy''',0,28500,0,'''Fauntleroy''',0,11500,0,'''Fauntleroy''',0
'20240828',20909,41000,0,'''Fauntleroy''',0,9000,0,'''Fauntleroy''',0,5000,0,'''Fauntleroy''',0,9000,0,'''Fauntleroy''',0,18500,0,'''Fauntleroy''',0,13000,0,'''Fauntleroy''',0,26000,0,'''Fauntleroy''',0,8500,0,'''Fauntleroy''',0,12000,0,'''Fauntleroy''',0,8000,0,'''Fauntleroy''',0,5500,0,'''Fauntleroy''',0,7000,0,'''Fauntleroy''',0,9500,0,'''Fauntleroy''',0,8000,0,'''Fauntleroy''',0,10000,0,'''Fauntleroy''',0,2000,0,'''Fauntleroy''',0,11500,0,'''Fauntleroy''',0,28500,0,'''Fauntleroy''',0,11500,0,'''Fauntleroy''',0
'20240829',20909,41000,0,'''Fauntleroy''',0,9000,0,'''Fauntleroy''',0,5000,0,'''Fauntleroy''',0,9000,0,'''Fauntleroy''',0,18500,0,'''Fauntleroy''',0,13000,0,'''Fauntleroy''',0,26000,0,'''Fauntleroy''',0,8500,0,'''Fauntleroy''',0,12000,0,'''Fauntleroy''',0,8000,0,'''Fauntleroy''',0,5500,0,'''Fauntleroy''',0,7000,0,'''Fauntleroy''',0,9500,0,'''Fauntleroy''',0,8000,0,'''Fauntleroy''',0,10000,0,'''Fauntleroy''',0,2000,0,'''Fauntleroy''',0,11500,0,'''Fauntleroy''',0,28500,0,'''Fauntleroy''',0,11500,0,'''Fauntleroy''',0
'20240830',20909,41000,0,'''Fauntleroy''',0,9000,0,'''Fauntleroy''',0,5000,0,'''Fauntleroy''',0,9000,0,'''Fauntleroy''',0,18500,0,'''Fauntleroy''',0,13000,0,'''Fauntleroy''',0,16000,0,'''Fauntleroy''',0,10000,0,'''Fauntleroy''',0,8500,0,'''Fauntleroy''',0,12000,0,'''Fauntleroy''',0,8000,0,'''Fauntleroy''',0,5500,0,'''Fauntleroy''',0,7000,0,'''Fauntleroy''',0,9500,0,'''Fauntleroy''',0,8000,0,'''Fauntleroy''',0,10000,0,'''Fauntleroy''',0,2000,0,'''Fauntleroy''',0,11500,0,'''Fauntleroy''',0,28500,0,'''Fauntleroy''',0,11500,0,'''Fauntleroy''',0
'20240831',20909,42000,0,'''Fauntleroy''',0,13500,0,'''Fauntleroy''',0,10000,0,'''Fauntleroy''',0,6500,0,'''Fauntleroy''',0,11500,0,'''Fauntleroy''',0,7000,0,'''Fauntleroy''',0,14000,0,'''Fauntleroy''',0,17500,0,'''Fauntleroy''',0,9000,0,'''Fauntleroy''',0,14000,0,'''Fauntleroy''',0,18000,0,'''Fauntleroy''',0,7500,0,'''Fauntleroy''',0,14000,0,'''Fauntleroy''',0,6000,0,'''Fauntleroy''',0,11500,0,'''Fauntleroy''',0,30000,0,'''Fauntleroy''',0,11500,0,'''Fauntleroy''',0
'20240901',20909,42000,0,'''Fauntleroy''',0,13500,0,'''Fauntleroy''',0,10000,0,'''Fauntleroy''',0,6500,0,'''Fauntleroy''',0,11500,0,'''Fauntleroy''',0,7000,0,'''Fauntleroy''',0,14000,0,'''Fauntleroy''',0,17500,0,'''Fauntleroy''',0,9000,0,'''Fauntleroy''',0,14000,0,'''Fauntleroy''',0,18000,0,'''Fauntleroy''',0,7500,0,'''Fauntleroy''',0,14000,0,'''Fauntleroy''',0,6000,0,'''Fauntleroy''',0,11500,0,'''Fauntleroy''',0,30000,0,'''Fauntleroy''',0,11500,0,'''Fauntleroy''',0
'20240902',20909,42000,0,'''Fauntleroy''',0,13500,0,'''Fauntleroy''',0,10000,0,'''Fauntleroy''',0,6500,0,'''Fauntleroy''',0,11500,0,'''Fauntleroy''',0,7000,0,'''Fauntleroy''',0,14000,0,'''Fauntleroy''',0,17500,0,'''Fauntleroy''',0,9000,0,'''Fauntleroy''',0,14000,0,'''Fauntleroy''',0,18000,0,'''Fauntleroy''',0,7500,0,'''Fauntleroy''',0,14000,0,'''Fauntleroy''',0,6000,0,'''Fauntleroy''',0,11500,0,'''Fauntleroy''',0,30000,0,'''Fauntleroy''',0,11500,0,'''Fauntleroy''',0
'20240903',20909,41000,0,'''Fauntleroy''',0,9000,0,'''Fauntleroy''',0,5000,0,'''Fauntleroy''',0,9000,0,'''Fauntleroy''',0,18500,0,'''Fauntleroy''',0,13000,0,'''Fauntleroy''',0,26000,0,'''Fauntleroy''',0,8500,0,'''Fauntleroy''',0,12000,0,'''Fauntleroy''',0,8000,0,'''Fauntleroy''',0,5500,0,'''Fauntleroy''',0,7000,0,'''Fauntleroy''',0,9500,0,'''Fauntleroy''',0,8000,0,'''Fauntleroy''',0,10000,0,'''Fauntleroy''',0,2000,0,'''Fauntleroy''',0,11500,0,'''Fauntleroy''',0,28500,0,'''Fauntleroy''',0,11500,0,'''Fauntleroy''',0
'20240904',20909,41000,0,'''Fauntleroy''',0,9000,0,'''Fauntleroy''',0,5000,0,'''Fauntleroy''',0,9000,0,'''Fauntleroy''',0,18500,0,'''Fauntleroy''',0,13000,0,'''Fauntleroy''',0,26000,0,'''Fauntleroy''',0,8500,0,'''Fauntleroy''',0,12000,0,'''Fauntleroy''',0,8000,0,'''Fauntleroy''',0,5500,0,'''Fauntleroy''',0,7000,0,'''Fauntleroy''',0,9500,0,'''Fauntleroy''',0,8000,0,'''Fauntleroy''',0,10000,0,'''Fauntleroy''',0,2000,0,'''Fauntleroy''',0,11500,0,'''Fauntleroy''',0,28500,0,'''Fauntleroy''',0,11500,0,'''Fauntleroy''',0
'20240905',20909,41000,0,'''Fauntleroy''',0,9000,0,'''Fauntleroy''',0,5000,0,'''Fauntleroy''',0,9000,0,'''Fauntleroy''',0,18500,0,'''Fauntleroy''',0,13000,0,'''Fauntleroy''',0,26000,0,'''Fauntleroy''',0,8500,0,'''Fauntleroy''',0,12000,0,'''Fauntleroy''',0,8000,0,'''Fauntleroy''',0,5500,0,'''Fauntleroy''',0,7000,0,'''Fauntleroy''',0,9500,0,'''Fauntleroy''',0,8000,0,'''Fauntleroy''',0,10000,0,'''Fauntleroy''',0,2000,0,'''Fauntleroy''',0,11500,0,'''Fauntleroy''',0,28500,0,'''Fauntleroy''',0,11500,0,'''Fauntleroy''',0
'20240906',20909,41000,0,'''Fauntleroy''',0,9000,0,'''Fauntleroy''',0,5000,0,'''Fauntleroy''',0,9000,0,'''Fauntleroy''',0,18500,0,'''Fauntleroy''',0,13000,0,'''Fauntleroy''',0,16000,0,'''Fauntleroy''',0,10000,0,'''Fauntleroy''',0,8500,0,'''Fauntleroy''',0,12000,0,'''Fauntleroy''',0,8000,0,'''Fauntleroy''',0,5500,0,'''Fauntleroy''',0,7000,0,'''Fauntleroy''',0,9500,0,'''Fauntleroy''',0,8000,0,'''Fauntleroy''',0,10000,0,'''Fauntleroy''',0,2000,0,'''Fauntleroy''',0,11500,0,'''Fauntleroy''',0,28500,0,'''Fauntleroy''',0,11500,0,'''Fauntleroy''',0
'20240907',20909,42000,0,'''Fauntleroy''',0,13500,0,'''Fauntleroy''',0,10000,0,'''Fauntleroy''',0,6500,0,'''Fauntleroy''',0,11500,0,'''Fauntleroy''',0,7000,0,'''Fauntleroy''',0,14000,0,'''Fauntleroy''',0,17500,0,'''Fauntleroy''',0,9000,0,'''Fauntleroy''',0,14000,0,'''Fauntleroy''',0,18000,0,'''Fauntleroy''',0,7500,0,'''Fauntleroy''',0,14000,0,'''Fauntleroy''',0,6000,0,'''Fauntleroy''',0,11500,0,'''Fauntleroy''',0,30000,0,'''Fauntleroy''',0,11500,0,'''Fauntleroy''',0
'20240908',20909,42000,0,'''Fauntleroy''',0,13500,0,'''Fauntleroy''',0,10000,0,'''Fauntleroy''',0,6500,0,'''Fauntleroy''',0,11500,0,'''Fauntleroy''',0,7000,0,'''Fauntleroy''',0,14000,0,'''Fauntleroy''',0,17500,0,'''Fauntleroy''',0,9000,0,'''Fauntleroy''',0,14000,0,'''Fauntleroy''',0,18000,0,'''Fauntleroy''',0,7500,0,'''Fauntleroy''',0,14000,0,'''Fauntleroy''',0,6000,0,'''Fauntleroy''',0,11500,0,'''Fauntleroy''',0,30000,0,'''Fauntleroy''',0,11500,0,'''Fauntleroy''',0
'20240909',20909,41000,0,'''Fauntleroy''',0,9000,0,'''Fauntleroy''',0,5000,0,'''Fauntleroy''',0,9000,0,'''Fauntleroy''',0,18500,0,'''Fauntleroy''',0,13000,0,'''Fauntleroy''',0,26000,0,'''Fauntleroy''',0,8500,0,'''Fauntleroy''',0,12000,0,'''Fauntleroy''',0,8000,0,'''Fauntleroy''',0,5500,0,'''Fauntleroy''',0,7000,0,'''Fauntleroy''',0,9500,0,'''Fauntleroy''',0,8000,0,'''Fauntleroy''',0,10000,0,'''Fauntleroy''',0,2000,0,'''Fauntleroy''',0,11500,0,'''Fauntleroy''',0,28500,0,'''Fauntleroy''',0,11500,0,'''Fauntleroy''',0
'20240910',20909,41000,0,'''Fauntleroy''',0,9000,0,'''Fauntleroy''',0,5000,0,'''Fauntleroy''',0,9000,0,'''Fauntleroy''',0,18500,0,'''Fauntleroy''',0,13000,0,'''Fauntleroy''',0,26000,0,'''Fauntleroy''',0,8500,0,'''Fauntleroy''',0,12000,0,'''Fauntleroy''',0,8000,0,'''Fauntleroy''',0,5500,0,'''Fauntleroy''',0,7000,0,'''Fauntleroy''',0,9500,0,'''Fauntleroy''',0,8000,0,'''Fauntleroy''',0,10000,0,'''Fauntleroy''',0,2000,0,'''Fauntleroy''',0,11500,0,'''Fauntleroy''',0,28500,0,'''Fauntleroy''',0,11500,0,'''Fauntleroy''',0
'20240911',20909,41000,0,'''Fauntleroy''',0,9000,0,'''Fauntleroy''',0,5000,0,'''Fauntleroy''',0,9000,0,'''Fauntleroy''',0,18500,0,'''Fauntleroy''',0,13000,0,'''Fauntleroy''',0,26000,0,'''Fauntleroy''',0,8500,0,'''Fauntleroy''',0,12000,0,'''Fauntleroy''',0,8000,0,'''Fauntleroy''',0,5500,0,'''Fauntleroy''',0,7000,0,'''Fauntleroy''',0,9500,0,'''Fauntleroy''',0,8000,0,'''Fauntleroy''',0,10000,0,'''Fauntleroy''',0,2000,0,'''Fauntleroy''',0,11500,0,'''Fauntleroy''',0,28500,0,'''Fauntleroy''',0,11500,0,'''Fauntleroy''',0
'20240912',20909,41000,0,'''Fauntleroy''',0,9000,0,'''Fauntleroy''',0,5000,0,'''Fauntleroy''',0,9000,0,'''Fauntleroy''',0,18500,0,'''Fauntleroy''',0,13000,0,'''Fauntleroy''',0,26000,0,'''Fauntleroy''',0,8500,0,'''Fauntleroy''',0,12000,0,'''Fauntleroy''',0,8000,0,'''Fauntleroy''',0,5500,0,'''Fauntleroy''',0,7000,0,'''Fauntleroy''',0,9500,0,'''Fauntleroy''',0,8000,0,'''Fauntleroy''',0,10000,0,'''Fauntleroy''',0,2000,0,'''Fauntleroy''',0,11500,0,'''Fauntleroy''',0,28500,0,'''Fauntleroy''',0,11500,0,'''Fauntleroy''',0
'20240913',20909,41000,0,'''Fauntleroy''',0,9000,0,'''Fauntleroy''',0,5000,0,'''Fauntleroy''',0,9000,0,'''Fauntleroy''',0,18500,0,'''Fauntleroy''',0,13000,0,'''Fauntleroy''',0,16000,0,'''Fauntleroy''',0,10000,0,'''Fauntleroy''',0,8500,0,'''Fauntleroy''',0,12000,0,'''Fauntleroy''',0,8000,0,'''Fauntleroy''',0,5500,0,'''Fauntleroy''',0,7000,0,'''Fauntleroy''',0,9500,0,'''Fauntleroy''',0,8000,0,'''Fauntleroy''',0,10000,0,'''Fauntleroy''',0,2000,0,'''Fauntleroy''',0,11500,0,'''Fauntleroy''',0,28500,0,'''Fauntleroy''',0,11500,0,'''Fauntleroy''',0
'20240914',20909,42000,0,'''Fauntleroy''',0,13500,0,'''Fauntleroy''',0,10000,0,'''Fauntleroy''',0,6500,0,'''Fauntleroy''',0,11500,0,'''Fauntleroy''',0,7000,0,'''Fauntleroy''',0,14000,0,'''Fauntleroy''',0,17500,0,'''Fauntleroy''',0,9000,0,'''Fauntleroy''',0,14000,0,'''Fauntleroy''',0,18000,0,'''Fauntleroy''',0,7500,0,'''Fauntleroy''',0,14000,0,'''Fauntleroy''',0,6000,0,'''Fauntleroy''',0,11500,0,'''Fauntleroy''',0,30000,0,'''Fauntleroy''',0,11500,0,'''Fauntleroy''',0
'20240915',20909,42000,0,'''Fauntleroy''',0,13500,0,'''Fauntleroy''',0,10000,0,'''Fauntleroy''',0,6500,0,'''Fauntleroy''',0,11500,0,'''Fauntleroy''',0,7000,0,'''Fauntleroy''',0,14000,0,'''Fauntleroy''',0,17500,0,'''Fauntleroy''',0,9000,0,'''Fauntleroy''',0,14000,0,'''Fauntleroy''',0,18000,0,'''Fauntleroy''',0,7500,0,'''Fauntleroy''',0,14000,0,'''Fauntleroy''',0,6000,0,'''Fauntleroy''',0,11500,0,'''Fauntleroy''',0,30000,0,'''Fauntleroy''',0,11500,0,'''Fauntleroy''',0
'20240916',20909,41000,0,'''Fauntleroy''',0,9000,0,'''Fauntleroy''',0,5000,0,'''Fauntleroy''',0,9000,0,'''Fauntleroy''',0,18500,0,'''Fauntleroy''',0,13000,0,'''Fauntleroy''',0,26000,0,'''Fauntleroy''',0,8500,0,'''Fauntleroy''',0,12000,0,'''Fauntleroy''',0,8000,0,'''Fauntleroy''',0,5500,0,'''Fauntleroy''',0,7000,0,'''Fauntleroy''',0,9500,0,'''Fauntleroy''',0,8000,0,'''Fauntleroy''',0,10000,0,'''Fauntleroy''',0,2000,0,'''Fauntleroy''',0,11500,0,'''Fauntleroy''',0,28500,0,'''Fauntleroy''',0,11500,0,'''Fauntleroy''',0
'20240917',20909,41000,0,'''Fauntleroy''',0,9000,0,'''Fauntleroy''',0,5000,0,'''Fauntleroy''',0,9000,0,'''Fauntleroy''',0,18500,0,'''Fauntleroy''',0,13000,0,'''Fauntleroy''',0,26000,0,'''Fauntleroy''',0,8500,0,'''Fauntleroy''',0,12000,0,'''Fauntleroy''',0,8000,0,'''Fauntleroy''',0,5500,0,'''Fauntleroy''',0,7000,0,'''Fauntleroy''',0,9500,0,'''Fauntleroy''',0,8000,0,'''Fauntleroy''',0,10000,0,'''Fauntleroy''',0,2000,0,'''Fauntleroy''',0,11500,0,'''Fauntleroy''',0,28500,0,'''Fauntleroy''',0,11500,0,'''Fauntleroy''',0
'20240918',20909,41000,0,'''Fauntleroy''',0,9000,0,'''Fauntleroy''',0,5000,0,'''Fauntleroy''',0,9000,0,'''Fauntleroy''',0,18500,0,'''Fauntleroy''',0,13000,0,'''Fauntleroy''',0,26000,0,'''Fauntleroy''',0,8500,0,'''Fauntleroy''',0,12000,0,'''Fauntleroy''',0,8000,0,'''Fauntleroy''',0,5500,0,'''Fauntleroy''',0,7000,0,'''Fauntleroy''',0,9500,0,'''Fauntleroy''',0,8000,0,'''Fauntleroy''',0,10000,0,'''Fauntleroy''',0,2000,0,'''Fauntleroy''',0,11500,0,'''Fauntleroy''',0,28500,0,'''Fauntleroy''',0,11500,0,'''Fauntleroy''',0
'20240919',20909,41000,0,'''Fauntleroy''',0,9000,0,'''Fauntleroy''',0,5000,0,'''Fauntleroy''',0,9000,0,'''Fauntleroy''',0,18500,0,'''Fauntleroy''',0,13000,0,'''Fauntleroy''',0,26000,0,'''Fauntleroy''',0,8500,0,'''Fauntleroy''',0,12000,0,'''Fauntleroy''',0,8000,0,'''Fauntleroy''',0,5500,0,'''Fauntleroy''',0,7000,0,'''Fauntleroy''',0,9500,0,'''Fauntleroy''',0,8000,0,'''Fauntleroy''',0,10000,0,'''Fauntleroy''',0,2000,0,'''Fauntleroy''',0,11500,0,'''Fauntleroy''',0,28500,0,'''Fauntleroy''',0,11500,0,'''Fauntleroy''',0
'20240920',20909,41000,0,'''Fauntleroy''',0,9000,0,'''Fauntleroy''',0,5000,0,'''Fauntleroy''',0,9000,0,'''Fauntleroy''',0,18500,0,'''Fauntleroy''',0,13000,0,'''Fauntleroy''',0,16000,0,'''Fauntleroy''',0,10000,0,'''Fauntleroy''',0,8500,0,'''Fauntleroy''',0,12000,0,'''Fauntleroy''',0,8000,0,'''Fauntleroy''',0,5500,0,'''Fauntleroy''',0,7000,0,'''Fauntleroy''',0,9500,0,'''Fauntleroy''',0,8000,0,'''Fauntleroy''',0,10000,0,'''Fauntleroy''',0,2000,0,'''Fauntleroy''',0,11500,0,'''Fauntleroy''',0,28500,0,'''Fauntleroy''',0,11500,0,'''Fauntleroy''',0
'20240921',20909,42000,0,'''Fauntleroy''',0,13500,0,'''Fauntleroy''',0,10000,0,'''Fauntleroy''',0,6500,0,'''Fauntleroy''',0,11500,0,'''Fauntleroy''',0,7000,0,'''Fauntleroy''',0,14000,0,'''Fauntleroy''',0,17500,0,'''Fauntleroy''',0,9000,0,'''Fauntleroy''',0,14000,0,'''Fauntleroy''',0,18000,0,'''Fauntleroy''',0,7500,0,'''Fauntleroy''',0,14000,0,'''Fauntleroy''',0,6000,0,'''Fauntleroy''',0,11500,0,'''Fauntleroy''',0,30000,0,'''Fauntleroy''',0,11500,0,'''Fauntleroy''',0
'20240813',92009,50500,4,'',0,4000,4,'',0,8500,4,'',0,19000,4,'',0,13000,4,'',0,15500,4,'',0,10500,4,'',0,20500,4,'',0,3500,4,'',0,9500,4,'',0,8500,4,'',0,8500,4,'',0,4000,4,'',0,10000,4,'',0,6000,4,'',0,12000,4,'',0,28000,4,'',0,11500,4,'',0,11500,4,'',0
'20240814',92009,50500,4,'',0,4000,4,'',0,8500,4,'',0,19000,4,'',0,13000,4,'',0,15500,4,'',0,10500,4,'',0,20500,4,'',0,3500,4,'',0,9500,4,'',0,8500,4,'',0,8500,4,'',0,4000,4,'',0,10000,4,'',0,6000,4,'',0,12000,4,'',0,28000,4,'',0,11500,4,'',0,11500,4,'',0
'20240815',92009,50500,4,'',0,4000,4,'',0,8500,4,'',0,19000,4,'',0,13000,4,'',0,15500,4,'',0,10500,4,'',0,20500,4,'',0,3500,4,'',0,9500,4,'',0,8500,4,'',0,8500,4,'',0,4000,4,'',0,10000,4,'',0,6000,4,'',0,12000,4,'',0,28000,4,'',0,11500,4,'',0,11500,4,'',0
'20240816',92009,50500,4,'',0,4000,4,'',0,8500,4,'',0,19000,4,'',0,13000,4,'',0,15500,4,'',0,10500,4,'',0,4000,4,'',0,16500,4,'',0,3500,4,'',0,9500,4,'',0,8500,4,'',0,8500,4,'',0,4000,4,'',0,10000,4,'',0,6000,4,'',0,12000,4,'',0,28000,4,'',0,11500,4,'',0,11500,4,'',0
'20240817',92009,55000,4,'',0,17500,4,'',0,10500,4,'',0,2500,4,'',0,18000,4,'',0,18000,4,'',0,4000,4,'',0,18500,4,'',0,18000,4,'',0,3500,4,'',0,18000,4,'',0,2000,4,'',0,16000,4,'',0,11500,4,'',0,18500,4,'',0,11500,4,'',0,11500,4,'',0
'20240818',92009,55000,4,'',0,17500,4,'',0,10500,4,'',0,2500,4,'',0,18000,4,'',0,18000,4,'',0,4000,4,'',0,18500,4,'',0,18000,4,'',0,3500,4,'',0,18000,4,'',0,2000,4,'',0,16000,4,'',0,11500,4,'',0,18500,4,'',0,11500,4,'',0,11500,4,'',0
'20240819',92009,50500,4,'',0,4000,4,'',0,8500,4,'',0,19000,4,'',0,13000,4,'',0,15500,4,'',0,10500,4,'',0,20500,4,'',0,3500,4,'',0,9500,4,'',0,8500,4,'',0,8500,4,'',0,4000,4,'',0,10000,4,'',0,6000,4,'',0,12000,4,'',0,28000,4,'',0,11500,4,'',0,11500,4,'',0
'20240820',92009,50500,4,'',0,4000,4,'',0,8500,4,'',0,19000,4,'',0,13000,4,'',0,15500,4,'',0,10500,4,'',0,20500,4,'',0,3500,4,'',0,9500,4,'',0,8500,4,'',0,8500,4,'',0,4000,4,'',0,10000,4,'',0,6000,4,'',0,12000,4,'',0,28000,4,'',0,11500,4,'',0,11500,4,'',0
'20240821',92009,50500,4,'',0,4000,4,'',0,8500,4,'',0,19000,4,'',0,13000,4,'',0,15500,4,'',0,10500,4,'',0,20500,4,'',0,3500,4,'',0,9500,4,'',0,8500,4,'',0,8500,4,'',0,4000,4,'',0,10000,4,'',0,6000,4,'',0,12000,4,'',0,28000,4,'',0,11500,4,'',0,11500,4,'',0
'20240822',92009,50500,4,'',0,4000,4,'',0,8500,4,'',0,19000,4,'',0,13000,4,'',0,15500,4,'',0,10500,4,'',0,20500,4,'',0,3500,4,'',0,9500,4,'',0,8500,4,'',0,8500,4,'',0,4000,4,'',0,10000,4,'',0,6000,4,'',0,12000,4,'',0,28000,4,'',0,11500,4,'',0,11500,4,'',0
'20240823',92009,50500,4,'',0,4000,4,'',0,8500,4,'',0,19000,4,'',0,13000,4,'',0,15500,4,'',0,10500,4,'',0,4000,4,'',0,16500,4,'',0,3500,4,'',0,9500,4,'',0,8500,4,'',0,8500,4,'',0,4000,4,'',0,10000,4,'',0,6000,4,'',0,12000,4,'',0,28000,4,'',0,11500,4,'',0,11500,4,'',0
'20240824',92009,55000,4,'',0,17500,4,'',0,10500,4,'',0,2500,4,'',0,18000,4,'',0,18000,4,'',0,4000,4,'',0,18500,4,'',0,18000,4,'',0,3500,4,'',0,18000,4,'',0,2000,4,'',0,16000,4,'',0,11500,4,'',0,18500,4,'',0,11500,4,'',0,11500,4,'',0
'20240825',92009,55000,4,'',0,17500,4,'',0,10500,4,'',0,2500,4,'',0,18000,4,'',0,18000,4,'',0,4000,4,'',0,18500,4,'',0,18000,4,'',0,3500,4,'',0,18000,4,'',0,2000,4,'',0,16000,4,'',0,11500,4,'',0,18500,4,'',0,11500,4,'',0,11500,4,'',0
'20240826',92009,50500,4,'',0,4000,4,'',0,8500,4,'',0,19000,4,'',0,13000,4,'',0,15500,4,'',0,10500,4,'',0,20500,4,'',0,3500,4,'',0,9500,4,'',0,8500,4,'',0,8500,4,'',0,4000,4,'',0,10000,4,'',0,6000,4,'',0,12000,4,'',0,28000,4,'',0,11500,4,'',0,11500,4,'',0
'20240827',92009,50500,4,'',0,4000,4,'',0,8500,4,'',0,19000,4,'',0,13000,4,'',0,15500,4,'',0,10500,4,'',0,20500,4,'',0,3500,4,'',0,9500,4,'',0,8500,4,'',0,8500,4,'',0,4000,4,'',0,10000,4,'',0,6000,4,'',0,12000,4,'',0,28000,4,'',0,11500,4,'',0,11500,4,'',0
'20240828',92009,50500,4,'',0,4000,4,'',0,8500,4,'',0,19000,4,'',0,13000,4,'',0,15500,4,'',0,10500,4,'',0,20500,4,'',0,3500,4,'',0,9500,4,'',0,8500,4,'',0,8500,4,'',0,4000,4,'',0,10000,4,'',0,6000,4,'',0,12000,4,'',0,28000,4,'',0,11500,4,'',0,11500,4,'',0
'20240829',92009,50500,4,'',0,4000,4,'',0,8500,4,'',0,19000,4,'',0,13000,4,'',0,15500,4,'',0,10500,4,'',0,20500,4,'',0,3500,4,'',0,9500,4,'',0,8500,4,'',0,8500,4,'',0,4000,4,'',0,10000,4,'',0,6000,4,'',0,12000,4,'',0,28000,4,'',0,11500,4,'',0,11500,4,'',0
'20240830',92009,50500,4,'',0,4000,4,'',0,8500,4,'',0,19000,4,'',0,13000,4,'',0,15500,4,'',0,10500,4,'',0,4000,4,'',0,16500,4,'',0,3500,4,'',0,9500,4,'',0,8500,4,'',0,8500,4,'',0,4000,4,'',0,10000,4,'',0,6000,4,'',0,12000,4,'',0,28000,4,'',0,11500,4,'',0,11500,4,'',0
'20240831',92009,55000,4,'',0,17500,4,'',0,10500,4,'',0,2500,4,'',0,18000,4,'',0,18000,4,'',0,4000,4,'',0,18500,4,'',0,18000,4,'',0,3500,4,'',0,18000,4,'',0,2000,4,'',0,16000,4,'',0,11500,4,'',0,18500,4,'',0,11500,4,'',0,11500,4,'',0
'20240901',92009,55000,4,'',0,17500,4,'',0,10500,4,'',0,2500,4,'',0,18000,4,'',0,18000,4,'',0,4000,4,'',0,18500,4,'',0,18000,4,'',0,3500,4,'',0,18000,4,'',0,2000,4,'',0,16000,4,'',0,11500,4,'',0,18500,4,'',0,11500,4,'',0,11500,4,'',0
'20240902',92009,55000,4,'',0,17500,4,'',0,10500,4,'',0,2500,4,'',0,18000,4,'',0,18000,4,'',0,4000,4,'',0,18500,4,'',0,18000,4,'',0,3500,4,'',0,18000,4,'',0,2000,4,'',0,16000,4,'',0,11500,4,'',0,18500,4,'',0,11500,4,'',0,11500,4,'',0
'20240903',92009,50500,4,'',0,4000,4,'',0,8500,4,'',0,19000,4,'',0,13000,4,'',0,15500,4,'',0,10500,4,'',0,20500,4,'',0,3500,4,'',0,9500,4,'',0,8500,4,'',0,8500,4,'',0,4000,4,'',0,10000,4,'',0,6000,4,'',0,12000,4,'',0,28000,4,'',0,11500,4,'',0,11500,4,'',0
'20240904',92009,50500,4,'',0,4000,4,'',0,8500,4,'',0,19000,4,'',0,13000,4,'',0,15500,4,'',0,10500,4,'',0,20500,4,'',0,3500,4,'',0,9500,4,'',0,8500,4,'',0,8500,4,'',0,4000,4,'',0,10000,4,'',0,6000,4,'',0,12000,4,'',0,28000,4,'',0,11500,4,'',0,11500,4,'',0
'20240905',92009,50500,4,'',0,4000,4,'',0,8500,4,'',0,19000,4,'',0,13000,4,'',0,15500,4,'',0,10500,4,'',0,20500,4,'',0,3500,4,'',0,9500,4,'',0,8500,4,'',0,8500,4,'',0,4000,4,'',0,10000,4,'',0,6000,4,'',0,12000,4,'',0,28000,4,'',0,11500,4,'',0,11500,4,'',0
'20240906',92009,50500,4,'',0,4000,4,'',0,8500,4,'',0,19000,4,'',0,13000,4,'',0,15500,4,'',0,10500,4,'',0,4000,4,'',0,16500,4,'',0,3500,4,'',0,9500,4,'',0,8500,4,'',0,8500,4,'',0,4000,4,'',0,10000,4,'',0,6000,4,'',0,12000,4,'',0,28000,4,'',0,11500,4,'',0,11500,4,'',0
'20240907',92009,55000,4,'',0,17500,4,'',0,10500,4,'',0,2500,4,'',0,18000,4,'',0,18000,4,'',0,4000,4,'',0,18500,4,'',0,18000,4,'',0,3500,4,'',0,18000,4,'',0,2000,4,'',0,16000,4,'',0,11500,4,'',0,18500,4,'',0,11500,4,'',0,11500,4,'',0
'20240908',92009,55000,4,'',0,17500,4,'',0,10500,4,'',0,2500,4,'',0,18000,4,'',0,18000,4,'',0,4000,4,'',0,18500,4,'',0,18000,4,'',0,3500,4,'',0,18000,4,'',0,2000,4,'',0,16000,4,'',0,11500,4,'',0,18500,4,'',0,11500,4,'',0,11500,4,'',0
'20240909',92009,50500,4,'',0,4000,4,'',0,8500,4,'',0,19000,4,'',0,13000,4,'',0,15500,4,'',0,10500,4,'',0,20500,4,'',0,3500,4,'',0,9500,4,'',0,8500,4,'',0,8500,4,'',0,4000,4,'',0,10000,4,'',0,6000,4,'',0,12000,4,'',0,28000,4,'',0,11500,4,'',0,11500,4,'',0
'20240910',92009,50500,4,'',0,4000,4,'',0,8500,4,'',0,19000,4,'',0,13000,4,'',0,15500,4,'',0,10500,4,'',0,20500,4,'',0,3500,4,'',0,9500,4,'',0,8500,4,'',0,8500,4,'',0,4000,4,'',0,10000,4,'',0,6000,4,'',0,12000,4,'',0,28000,4,'',0,11500,4,'',0,11500,4,'',0
'20240911',92009,50500,4,'',0,4000,4,'',0,8500,4,'',0,19000,4,'',0,13000,4,'',0,15500,4,'',0,10500,4,'',0,20500,4,'',0,3500,4,'',0,9500,4,'',0,8500,4,'',0,8500,4,'',0,4000,4,'',0,10000,4,'',0,6000,4,'',0,12000,4,'',0,28000,4,'',0,11500,4,'',0,11500,4,'',0
'20240912',92009,50500,4,'',0,4000,4,'',0,8500,4,'',0,19000,4,'',0,13000,4,'',0,15500,4,'',0,10500,4,'',0,20500,4,'',0,3500,4,'',0,9500,4,'',0,8500,4,'',0,8500,4,'',0,4000,4,'',0,10000,4,'',0,6000,4,'',0,12000,4,'',0,28000,4,'',0,11500,4,'',0,11500,4,'',0
'20240913',92009,50500,4,'',0,4000,4,'',0,8500,4,'',0,19000,4,'',0,13000,4,'',0,15500,4,'',0,10500,4,'',0,4000,4,'',0,16500,4,'',0,3500,4,'',0,9500,4,'',0,8500,4,'',0,8500,4,'',0,4000,4,'',0,10000,4,'',0,6000,4,'',0,12000,4,'',0,28000,4,'',0,11500,4,'',0,11500,4,'',0
'20240914',92009,55000,4,'',0,17500,4,'',0,10500,4,'',0,2500,4,'',0,18000,4,'',0,18000,4,'',0,4000,4,'',0,18500,4,'',0,18000,4,'',0,3500,4,'',0,18000,4,'',0,2000,4,'',0,16000,4,'',0,11500,4,'',0,18500,4,'',0,11500,4,'',0,11500,4,'',0
'20240915',92009,55000,4,'',0,17500,4,'',0,10500,4,'',0,2500,4,'',0,18000,4,'',0,18000,4,'',0,4000,4,'',0,18500,4,'',0,18000,4,'',0,3500,4,'',0,18000,4,'',0,2000,4,'',0,16000,4,'',0,11500,4,'',0,18500,4,'',0,11500,4,'',0,11500,4,'',0
'20240916',92009,50500,4,'',0,4000,4,'',0,8500,4,'',0,19000,4,'',0,13000,4,'',0,15500,4,'',0,10500,4,'',0,20500,4,'',0,3500,4,'',0,9500,4,'',0,8500,4,'',0,8500,4,'',0,4000,4,'',0,10000,4,'',0,6000,4,'',0,12000,4,'',0,28000,4,'',0,11500,4,'',0,11500,4,'',0
'20240917',92009,50500,4,'',0,4000,4,'',0,8500,4,'',0,19000,4,'',0,13000,4,'',0,15500,4,'',0,10500,4,'',0,20500,4,'',0,3500,4,'',0,9500,4,'',0,8500,4,'',0,8500,4,'',0,4000,4,'',0,10000,4,'',0,6000,4,'',0,12000,4,'',0,28000,4,'',0,11500,4,'',0,11500,4,'',0
'20240918',92009,50500,4,'',0,4000,4,'',0,8500,4,'',0,19000,4,'',0,13000,4,'',0,15500,4,'',0,10500,4,'',0,20500,4,'',0,3500,4,'',0,9500,4,'',0,8500,4,'',0,8500,4,'',0,4000,4,'',0,10000,4,'',0,6000,4,'',0,12000,4,'',0,28000,4,'',0,11500,4,'',0,11500,4,'',0
'20240919',92009,50500,4,'',0,4000,4,'',0,8500,4,'',0,19000,4,'',0,13000,4,'',0,15500,4,'',0,10500,4,'',0,20500,4,'',0,3500,4,'',0,9500,4,'',0,8500,4,'',0,8500,4,'',0,4000,4,'',0,10000,4,'',0,6000,4,'',0,12000,4,'',0,28000,4,'',0,11500,4,'',0,11500,4,'',0
'20240920',92009,50500,4,'',0,4000,4,'',0,8500,4,'',0,19000,4,'',0,13000,4,'',0,15500,4,'',0,10500,4,'',0,4000,4,'',0,16500,4,'',0,3500,4,'',0,9500,4,'',0,8500,4,'',0,8500,4,'',0,4000,4,'',0,10000,4,'',0,6000,4,'',0,12000,4,'',0,28000,4,'',0,11500,4,'',0,11500,4,'',0
'20240921',92009,55000,4,'',0,17500,4,'',0,10500,4,'',0,2500,4,'',0,18000,4,'',0,18000,4,'',0,4000,4,'',0,18500,4,'',0,18000,4,'',0,3500,4,'',0,18000,4,'',0,2000,4,'',0,16000,4,'',0,11500,4,'',0,18500,4,'',0,11500,4,'',0,11500,4,'',0
'20240813',202209,41000,0,'''Vashon Isl''',0,9000,0,'''Vashon Isl''',0,5000,0,'''Vashon Isl''',0,9000,0,'''Vashon Isl''',0,18500,0,'''Vashon Isl''',0,13000,0,'''Vashon Isl''',0,16000,0,'''Vashon Isl''',0,10000,0,'''Vashon Isl''',0,28500,0,'''Vashon Isl''',0,12500,0,'''Vashon Isl''',0,9500,0,'''Vashon Isl''',0,20000,0,'''Vashon Isl''',0,40000,0,'''Vashon Isl''',0,11500,0,'''Vashon Isl''',0
'20240814',202209,41000,0,'''Vashon Isl''',0,9000,0,'''Vashon Isl''',0,5000,0,'''Vashon Isl''',0,9000,0,'''Vashon Isl''',0,18500,0,'''Vashon Isl''',0,13000,0,'''Vashon Isl''',0,16000,0,'''Vashon Isl''',0,10000,0,'''Vashon Isl''',0,28500,0,'''Vashon Isl''',0,12500,0,'''Vashon Isl''',0,9500,0,'''Vashon Isl''',0,20000,0,'''Vashon Isl''',0,40000,0,'''Vashon Isl''',0,11500,0,'''Vashon Isl''',0
'20240815',202209,41000,0,'''Vashon Isl''',0,9000,0,'''Vashon Isl''',0,5000,0,'''Vashon Isl''',0,9000,0,'''Vashon Isl''',0,18500,0,'''Vashon Isl''',0,13000,0,'''Vashon Isl''',0,16000,0,'''Vashon Isl''',0,10000,0,'''Vashon Isl''',0,28500,0,'''Vashon Isl''',0,12500,0,'''Vashon Isl''',0,9500,0,'''Vashon Isl''',0,20000,0,'''Vashon Isl''',0,40000,0,'''Vashon Isl''',0,11500,0,'''Vashon Isl''',0
'20240816',202209,41000,0,'''Vashon Isl''',0,9000,0,'''Vashon Isl''',0,5000,0,'''Vashon Isl''',0,9000,0,'''Vashon Isl''',0,18500,0,'''Vashon Isl''',0,13000,0,'''Vashon Isl''',0,16000,0,'''Vashon Isl''',0,10000,0,'''Vashon Isl''',0,28500,0,'''Vashon Isl''',0,12500,0,'''Vashon Isl''',0,9500,0,'''Vashon Isl''',0,20000,0,'''Vashon Isl''',0,40000,0,'''Vashon Isl''',0,11500,0,'''Vashon Isl''',0
'20240817',202209,42000,0,'''Vashon Isl''',0,13500,0,'''Vashon Isl''',0,10000,0,'''Vashon Isl''',0,6500,0,'''Vashon Isl''',0,11500,0,'''Vashon Isl''',0,7000,0,'''Vashon Isl''',0,14000,0,'''Vashon Isl''',0,17500,0,'''Vashon Isl''',0,9000,0,'''Vashon Isl''',0,14000,0,'''Vashon Isl''',0,18000,0,'''Vashon Isl''',0,7500,0,'''Vashon Isl''',0,14000,0,'''Vashon Isl''',0,6000,0,'''Vashon Isl''',0,11500,0,'''Vashon Isl''',0,11500,0,'''Vashon Isl''',0,18500,0,'''Vashon Isl''',0,11500,0,'''Vashon Isl''',0
'20240818',202209,42000,0,'''Vashon Isl''',0,13500,0,'''Vashon Isl''',0,10000,0,'''Vashon Isl''',0,6500,0,'''Vashon Isl''',0,11500,0,'''Vashon Isl''',0,7000,0,'''Vashon Isl''',0,14000,0,'''Vashon Isl''',0,17500,0,'''Vashon Isl''',0,9000,0,'''Vashon Isl''',0,14000,0,'''Vashon Isl''',0,18000,0,'''Vashon Isl''',0,7500,0,'''Vashon Isl''',0,14000,0,'''Vashon Isl''',0,6000,0,'''Vashon Isl''',0,11500,0,'''Vashon Isl''',0,11500,0,'''Vashon Isl''',0,18500,0,'''Vashon Isl''',0,11500,0,'''Vashon Isl''',0
'20240819',202209,41000,0,'''Vashon Isl''',0,9000,0,'''Vashon Isl''',0,5000,0,'''Vashon Isl''',0,9000,0,'''Vashon Isl''',0,18500,0,'''Vashon Isl''',0,13000,0,'''Vashon Isl''',0,16000,0,'''Vashon Isl''',0,10000,0,'''Vashon Isl''',0,28500,0,'''Vashon Isl''',0,12500,0,'''Vashon Isl''',0,9500,0,'''Vashon Isl''',0,20000,0,'''Vashon Isl''',0,40000,0,'''Vashon Isl''',0,11500,0,'''Vashon Isl''',0
'20240820',202209,41000,0,'''Vashon Isl''',0,9000,0,'''Vashon Isl''',0,5000,0,'''Vashon Isl''',0,9000,0,'''Vashon Isl''',0,18500,0,'''Vashon Isl''',0,13000,0,'''Vashon Isl''',0,16000,0,'''Vashon Isl''',0,10000,0,'''Vashon Isl''',0,28500,0,'''Vashon Isl''',0,12500,0,'''Vashon Isl''',0,9500,0,'''Vashon Isl''',0,20000,0,'''Vashon Isl''',0,40000,0,'''Vashon Isl''',0,11500,0,'''Vashon Isl''',0
'20240821',202209,41000,0,'''Vashon Isl''',0,9000,0,'''Vashon Isl''',0,5000,0,'''Vashon Isl''',0,9000,0,'''Vashon Isl''',0,18500,0,'''Vashon Isl''',0,13000,0,'''Vashon Isl''',0,16000,0,'''Vashon Isl''',0,10000,0,'''Vashon Isl''',0,28500,0,'''Vashon Isl''',0,12500,0,'''Vashon Isl''',0,9500,0,'''Vashon Isl''',0,20000,0,'''Vashon Isl''',0,40000,0,'''Vashon Isl''',0,11500,0,'''Vashon Isl''',0
'20240822',202209,41000,0,'''Vashon Isl''',0,9000,0,'''Vashon Isl''',0,5000,0,'''Vashon Isl''',0,9000,0,'''Vashon Isl''',0,18500,0,'''Vashon Isl''',0,13000,0,'''Vashon Isl''',0,16000,0,'''Vashon Isl''',0,10000,0,'''Vashon Isl''',0,28500,0,'''Vashon Isl''',0,12500,0,'''Vashon Isl''',0,9500,0,'''Vashon Isl''',0,20000,0,'''Vashon Isl''',0,40000,0,'''Vashon Isl''',0,11500,0,'''Vashon Isl''',0
'20240823',202209,41000,0,'''Vashon Isl''',0,9000,0,'''Vashon Isl''',0,5000,0,'''Vashon Isl''',0,9000,0,'''Vashon Isl''',0,18500,0,'''Vashon Isl''',0,13000,0,'''Vashon Isl''',0,16000,0,'''Vashon Isl''',0,10000,0,'''Vashon Isl''',0,28500,0,'''Vashon Isl''',0,12500,0,'''Vashon Isl''',0,9500,0,'''Vashon Isl''',0,20000,0,'''Vashon Isl''',0,40000,0,'''Vashon Isl''',0,11500,0,'''Vashon Isl''',0
'20240824',202209,42000,0,'''Vashon Isl''',0,13500,0,'''Vashon Isl''',0,10000,0,'''Vashon Isl''',0,6500,0,'''Vashon Isl''',0,11500,0,'''Vashon Isl''',0,7000,0,'''Vashon Isl''',0,14000,0,'''Vashon Isl''',0,17500,0,'''Vashon Isl''',0,9000,0,'''Vashon Isl''',0,14000,0,'''Vashon Isl''',0,18000,0,'''Vashon Isl''',0,7500,0,'''Vashon Isl''',0,14000,0,'''Vashon Isl''',0,6000,0,'''Vashon Isl''',0,11500,0,'''Vashon Isl''',0,11500,0,'''Vashon Isl''',0,18500,0,'''Vashon Isl''',0,11500,0,'''Vashon Isl''',0
'20240825',202209,42000,0,'''Vashon Isl''',0,13500,0,'''Vashon Isl''',0,10000,0,'''Vashon Isl''',0,6500,0,'''Vashon Isl''',0,11500,0,'''Vashon Isl''',0,7000,0,'''Vashon Isl''',0,14000,0,'''Vashon Isl''',0,17500,0,'''Vashon Isl''',0,9000,0,'''Vashon Isl''',0,14000,0,'''Vashon Isl''',0,18000,0,'''Vashon Isl''',0,7500,0,'''Vashon Isl''',0,14000,0,'''Vashon Isl''',0,6000,0,'''Vashon Isl''',0,11500,0,'''Vashon Isl''',0,11500,0,'''Vashon Isl''',0,18500,0,'''Vashon Isl''',0,11500,0,'''Vashon Isl''',0
'20240826',202209,41000,0,'''Vashon Isl''',0,9000,0,'''Vashon Isl''',0,5000,0,'''Vashon Isl''',0,9000,0,'''Vashon Isl''',0,18500,0,'''Vashon Isl''',0,13000,0,'''Vashon Isl''',0,16000,0,'''Vashon Isl''',0,10000,0,'''Vashon Isl''',0,28500,0,'''Vashon Isl''',0,12500,0,'''Vashon Isl''',0,9500,0,'''Vashon Isl''',0,20000,0,'''Vashon Isl''',0,40000,0,'''Vashon Isl''',0,11500,0,'''Vashon Isl''',0
'20240827',202209,41000,0,'''Vashon Isl''',0,9000,0,'''Vashon Isl''',0,5000,0,'''Vashon Isl''',0,9000,0,'''Vashon Isl''',0,18500,0,'''Vashon Isl''',0,13000,0,'''Vashon Isl''',0,16000,0,'''Vashon Isl''',0,10000,0,'''Vashon Isl''',0,28500,0,'''Vashon Isl''',0,12500,0,'''Vashon Isl''',0,9500,0,'''Vashon Isl''',0,20000,0,'''Vashon Isl''',0,40000,0,'''Vashon Isl''',0,11500,0,'''Vashon Isl''',0
'20240828',202209,41000,0,'''Vashon Isl''',0,9000,0,'''Vashon Isl''',0,5000,0,'''Vashon Isl''',0,9000,0,'''Vashon Isl''',0,18500,0,'''Vashon Isl''',0,13000,0,'''Vashon Isl''',0,16000,0,'''Vashon Isl''',0,10000,0,'''Vashon Isl''',0,28500,0,'''Vashon Isl''',0,12500,0,'''Vashon Isl''',0,9500,0,'''Vashon Isl''',0,20000,0,'''Vashon Isl''',0,40000,0,'''Vashon Isl''',0,11500,0,'''Vashon Isl''',0
'20240829',202209,41000,0,'''Vashon Isl''',0,9000,0,'''Vashon Isl''',0,5000,0,'''Vashon Isl''',0,9000,0,'''Vashon Isl''',0,18500,0,'''Vashon Isl''',0,13000,0,'''Vashon Isl''',0,16000,0,'''Vashon Isl''',0,10000,0,'''Vashon Isl''',0,28500,0,'''Vashon Isl''',0,12500,0,'''Vashon Isl''',0,9500,0,'''Vashon Isl''',0,20000,0,'''Vashon Isl''',0,40000,0,'''Vashon Isl''',0,11500,0,'''Vashon Isl''',0
'20240830',202209,41000,0,'''Vashon Isl''',0,9000,0,'''Vashon Isl''',0,5000,0,'''Vashon Isl''',0,9000,0,'''Vashon Isl''',0,18500,0,'''Vashon Isl''',0,13000,0,'''Vashon Isl''',0,16000,0,'''Vashon Isl''',0,10000,0,'''Vashon Isl''',0,28500,0,'''Vashon Isl''',0,12500,0,'''Vashon Isl''',0,9500,0,'''Vashon Isl''',0,20000,0,'''Vashon Isl''',0,40000,0,'''Vashon Isl''',0,11500,0,'''Vashon Isl''',0
'20240831',202209,42000,0,'''Vashon Isl''',0,13500,0,'''Vashon Isl''',0,10000,0,'''Vashon Isl''',0,6500,0,'''Vashon Isl''',0,11500,0,'''Vashon Isl''',0,7000,0,'''Vashon Isl''',0,14000,0,'''Vashon Isl''',0,17500,0,'''Vashon Isl''',0,9000,0,'''Vashon Isl''',0,14000,0,'''Vashon Isl''',0,18000,0,'''Vashon Isl''',0,7500,0,'''Vashon Isl''',0,14000,0,'''Vashon Isl''',0,6000,0,'''Vashon Isl''',0,11500,0,'''Vashon Isl''',0,11500,0,'''Vashon Isl''',0,18500,0,'''Vashon Isl''',0,11500,0,'''Vashon Isl''',0
'20240901',202209,42000,0,'''Vashon Isl''',0,13500,0,'''Vashon Isl''',0,10000,0,'''Vashon Isl''',0,6500,0,'''Vashon Isl''',0,11500,0,'''Vashon Isl''',0,7000,0,'''Vashon Isl''',0,14000,0,'''Vashon Isl''',0,17500,0,'''Vashon Isl''',0,9000,0,'''Vashon Isl''',0,14000,0,'''Vashon Isl''',0,18000,0,'''Vashon Isl''',0,7500,0,'''Vashon Isl''',0,14000,0,'''Vashon Isl''',0,6000,0,'''Vashon Isl''',0,11500,0,'''Vashon Isl''',0,11500,0,'''Vashon Isl''',0,18500,0,'''Vashon Isl''',0,11500,0,'''Vashon Isl''',0
'20240902',202209,42000,0,'''Vashon Isl''',0,13500,0,'''Vashon Isl''',0,10000,0,'''Vashon Isl''',0,6500,0,'''Vashon Isl''',0,11500,0,'''Vashon Isl''',0,7000,0,'''Vashon Isl''',0,14000,0,'''Vashon Isl''',0,17500,0,'''Vashon Isl''',0,9000,0,'''Vashon Isl''',0,14000,0,'''Vashon Isl''',0,18000,0,'''Vashon Isl''',0,7500,0,'''Vashon Isl''',0,14000,0,'''Vashon Isl''',0,6000,0,'''Vashon Isl''',0,11500,0,'''Vashon Isl''',0,11500,0,'''Vashon Isl''',0,18500,0,'''Vashon Isl''',0,11500,0,'''Vashon Isl''',0
'20240903',202209,41000,0,'''Vashon Isl''',0,9000,0,'''Vashon Isl''',0,5000,0,'''Vashon Isl''',0,9000,0,'''Vashon Isl''',0,18500,0,'''Vashon Isl''',0,13000,0,'''Vashon Isl''',0,16000,0,'''Vashon Isl''',0,10000,0,'''Vashon Isl''',0,28500,0,'''Vashon Isl''',0,12500,0,'''Vashon Isl''',0,9500,0,'''Vashon Isl''',0,20000,0,'''Vashon Isl''',0,40000,0,'''Vashon Isl''',0,11500,0,'''Vashon Isl''',0
'20240904',202209,41000,0,'''Vashon Isl''',0,9000,0,'''Vashon Isl''',0,5000,0,'''Vashon Isl''',0,9000,0,'''Vashon Isl''',0,18500,0,'''Vashon Isl''',0,13000,0,'''Vashon Isl''',0,16000,0,'''Vashon Isl''',0,10000,0,'''Vashon Isl''',0,28500,0,'''Vashon Isl''',0,12500,0,'''Vashon Isl''',0,9500,0,'''Vashon Isl''',0,20000,0,'''Vashon Isl''',0,40000,0,'''Vashon Isl''',0,11500,0,'''Vashon Isl''',0
'20240905',202209,41000,0,'''Vashon Isl''',0,9000,0,'''Vashon Isl''',0,5000,0,'''Vashon Isl''',0,9000,0,'''Vashon Isl''',0,18500,0,'''Vashon Isl''',0,13000,0,'''Vashon Isl''',0,16000,0,'''Vashon Isl''',0,10000,0,'''Vashon Isl''',0,28500,0,'''Vashon Isl''',0,12500,0,'''Vashon Isl''',0,9500,0,'''Vashon Isl''',0,20000,0,'''Vashon Isl''',0,40000,0,'''Vashon Isl''',0,11500,0,'''Vashon Isl''',0
'20240906',202209,41000,0,'''Vashon Isl''',0,9000,0,'''Vashon Isl''',0,5000,0,'''Vashon Isl''',0,9000,0,'''Vashon Isl''',0,18500,0,'''Vashon Isl''',0,13000,0,'''Vashon Isl''',0,16000,0,'''Vashon Isl''',0,10000,0,'''Vashon Isl''',0,28500,0,'''Vashon Isl''',0,12500,0,'''Vashon Isl''',0,9500,0,'''Vashon Isl''',0,20000,0,'''Vashon Isl''',0,40000,0,'''Vashon Isl''',0,11500,0,'''Vashon Isl''',0
'20240907',202209,42000,0,'''Vashon Isl''',0,13500,0,'''Vashon Isl''',0,10000,0,'''Vashon Isl''',0,6500,0,'''Vashon Isl''',0,11500,0,'''Vashon Isl''',0,7000,0,'''Vashon Isl''',0,14000,0,'''Vashon Isl''',0,17500,0,'''Vashon Isl''',0,9000,0,'''Vashon Isl''',0,14000,0,'''Vashon Isl''',0,18000,0,'''Vashon Isl''',0,7500,0,'''Vashon Isl''',0,14000,0,'''Vashon Isl''',0,6000,0,'''Vashon Isl''',0,11500,0,'''Vashon Isl''',0,11500,0,'''Vashon Isl''',0,18500,0,'''Vashon Isl''',0,11500,0,'''Vashon Isl''',0
'20240908',202209,42000,0,'''Vashon Isl''',0,13500,0,'''Vashon Isl''',0,10000,0,'''Vashon Isl''',0,6500,0,'''Vashon Isl''',0,11500,0,'''Vashon Isl''',0,7000,0,'''Vashon Isl''',0,14000,0,'''Vashon Isl''',0,17500,0,'''Vashon Isl''',0,9000,0,'''Vashon Isl''',0,14000,0,'''Vashon Isl''',0,18000,0,'''Vashon Isl''',0,7500,0,'''Vashon Isl''',0,14000,0,'''Vashon Isl''',0,6000,0,'''Vashon Isl''',0,11500,0,'''Vashon Isl''',0,11500,0,'''Vashon Isl''',0,18500,0,'''Vashon Isl''',0,11500,0,'''Vashon Isl''',0
'20240909',202209,41000,0,'''Vashon Isl''',0,9000,0,'''Vashon Isl''',0,5000,0,'''Vashon Isl''',0,9000,0,'''Vashon Isl''',0,18500,0,'''Vashon Isl''',0,13000,0,'''Vashon Isl''',0,16000,0,'''Vashon Isl''',0,10000,0,'''Vashon Isl''',0,28500,0,'''Vashon Isl''',0,12500,0,'''Vashon Isl''',0,9500,0,'''Vashon Isl''',0,20000,0,'''Vashon Isl''',0,40000,0,'''Vashon Isl''',0,11500,0,'''Vashon Isl''',0
'20240910',202209,41000,0,'''Vashon Isl''',0,9000,0,'''Vashon Isl''',0,5000,0,'''Vashon Isl''',0,9000,0,'''Vashon Isl''',0,18500,0,'''Vashon Isl''',0,13000,0,'''Vashon Isl''',0,16000,0,'''Vashon Isl''',0,10000,0,'''Vashon Isl''',0,28500,0,'''Vashon Isl''',0,12500,0,'''Vashon Isl''',0,9500,0,'''Vashon Isl''',0,20000,0,'''Vashon Isl''',0,40000,0,'''Vashon Isl''',0,11500,0,'''Vashon Isl''',0
'20240911',202209,41000,0,'''Vashon Isl''',0,9000,0,'''Vashon Isl''',0,5000,0,'''Vashon Isl''',0,9000,0,'''Vashon Isl''',0,18500,0,'''Vashon Isl''',0,13000,0,'''Vashon Isl''',0,16000,0,'''Vashon Isl''',0,10000,0,'''Vashon Isl''',0,28500,0,'''Vashon Isl''',0,12500,0,'''Vashon Isl''',0,9500,0,'''Vashon Isl''',0,20000,0,'''Vashon Isl''',0,40000,0,'''Vashon Isl''',0,11500,0,'''Vashon Isl''',0
'20240912',202209,41000,0,'''Vashon Isl''',0,9000,0,'''Vashon Isl''',0,5000,0,'''Vashon Isl''',0,9000,0,'''Vashon Isl''',0,18500,0,'''Vashon Isl''',0,13000,0,'''Vashon Isl''',0,16000,0,'''Vashon Isl''',0,10000,0,'''Vashon Isl''',0,28500,0,'''Vashon Isl''',0,12500,0,'''Vashon Isl''',0,9500,0,'''Vashon Isl''',0,20000,0,'''Vashon Isl''',0,40000,0,'''Vashon Isl''',0,11500,0,'''Vashon Isl''',0
'20240913',202209,41000,0,'''Vashon Isl''',0,9000,0,'''Vashon Isl''',0,5000,0,'''Vashon Isl''',0,9000,0,'''Vashon Isl''',0,18500,0,'''Vashon Isl''',0,13000,0,'''Vashon Isl''',0,16000,0,'''Vashon Isl''',0,10000,0,'''Vashon Isl''',0,28500,0,'''Vashon Isl''',0,12500,0,'''Vashon Isl''',0,9500,0,'''Vashon Isl''',0,20000,0,'''Vashon Isl''',0,40000,0,'''Vashon Isl''',0,11500,0,'''Vashon Isl''',0
'20240914',202209,42000,0,'''Vashon Isl''',0,13500,0,'''Vashon Isl''',0,10000,0,'''Vashon Isl''',0,6500,0,'''Vashon Isl''',0,11500,0,'''Vashon Isl''',0,7000,0,'''Vashon Isl''',0,14000,0,'''Vashon Isl''',0,17500,0,'''Vashon Isl''',0,9000,0,'''Vashon Isl''',0,14000,0,'''Vashon Isl''',0,18000,0,'''Vashon Isl''',0,7500,0,'''Vashon Isl''',0,14000,0,'''Vashon Isl''',0,6000,0,'''Vashon Isl''',0,11500,0,'''Vashon Isl''',0,11500,0,'''Vashon Isl''',0,18500,0,'''Vashon Isl''',0,11500,0,'''Vashon Isl''',0
'20240915',202209,42000,0,'''Vashon Isl''',0,13500,0,'''Vashon Isl''',0,10000,0,'''Vashon Isl''',0,6500,0,'''Vashon Isl''',0,11500,0,'''Vashon Isl''',0,7000,0,'''Vashon Isl''',0,14000,0,'''Vashon Isl''',0,17500,0,'''Vashon Isl''',0,9000,0,'''Vashon Isl''',0,14000,0,'''Vashon Isl''',0,18000,0,'''Vashon Isl''',0,7500,0,'''Vashon Isl''',0,14000,0,'''Vashon Isl''',0,6000,0,'''Vashon Isl''',0,11500,0,'''Vashon Isl''',0,11500,0,'''Vashon Isl''',0,18500,0,'''Vashon Isl''',0,11500,0,'''Vashon Isl''',0
'20240916',202209,41000,0,'''Vashon Isl''',0,9000,0,'''Vashon Isl''',0,5000,0,'''Vashon Isl''',0,9000,0,'''Vashon Isl''',0,18500,0,'''Vashon Isl''',0,13000,0,'''Vashon Isl''',0,16000,0,'''Vashon Isl''',0,10000,0,'''Vashon Isl''',0,28500,0,'''Vashon Isl''',0,12500,0,'''Vashon Isl''',0,9500,0,'''Vashon Isl''',0,20000,0,'''Vashon Isl''',0,40000,0,'''Vashon Isl''',0,11500,0,'''Vashon Isl''',0
'20240917',202209,41000,0,'''Vashon Isl''',0,9000,0,'''Vashon Isl''',0,5000,0,'''Vashon Isl''',0,9000,0,'''Vashon Isl''',0,18500,0,'''Vashon Isl''',0,13000,0,'''Vashon Isl''',0,16000,0,'''Vashon Isl''',0,10000,0,'''Vashon Isl''',0,28500,0,'''Vashon Isl''',0,12500,0,'''Vashon Isl''',0,9500,0,'''Vashon Isl''',0,20000,0,'''Vashon Isl''',0,40000,0,'''Vashon Isl''',0,11500,0,'''Vashon Isl''',0
'20240918',202209,41000,0,'''Vashon Isl''',0,9000,0,'''Vashon Isl''',0,5000,0,'''Vashon Isl''',0,9000,0,'''Vashon Isl''',0,18500,0,'''Vashon Isl''',0,13000,0,'''Vashon Isl''',0,16000,0,'''Vashon Isl''',0,10000,0,'''Vashon Isl''',0,28500,0,'''Vashon Isl''',0,12500,0,'''Vashon Isl''',0,9500,0,'''Vashon Isl''',0,20000,0,'''Vashon Isl''',0,40000,0,'''Vashon Isl''',0,11500,0,'''Vashon Isl''',0
'20240919',202209,41000,0,'''Vashon Isl''',0,9000,0,'''Vashon Isl''',0,5000,0,'''Vashon Isl''',0,9000,0,'''Vashon Isl''',0,18500,0,'''Vashon Isl''',0,13000,0,'''Vashon Isl''',0,16000,0,'''Vashon Isl''',0,10000,0,'''Vashon Isl''',0,28500,0,'''Vashon Isl''',0,12500,0,'''Vashon Isl''',0,9500,0,'''Vashon Isl''',0,20000,0,'''Vashon Isl''',0,40000,0,'''Vashon Isl''',0,11500,0,'''Vashon Isl''',0
'20240920',202209,41000,0,'''Vashon Isl''',0,9000,0,'''Vashon Isl''',0,5000,0,'''Vashon Isl''',0,9000,0,'''Vashon Isl''',0,18500,0,'''Vashon Isl''',0,13000,0,'''Vashon Isl''',0,16000,0,'''Vashon Isl''',0,10000,0,'''Vashon Isl''',0,28500,0,'''Vashon Isl''',0,12500,0,'''Vashon Isl''',0,9500,0,'''Vashon Isl''',0,20000,0,'''Vashon Isl''',0,40000,0,'''Vashon Isl''',0,11500,0,'''Vashon Isl''',0
'20240921',202209,42000,0,'''Vashon Isl''',0,13500,0,'''Vashon Isl''',0,10000,0,'''Vashon Isl''',0,6500,0,'''Vashon Isl''',0,11500,0,'''Vashon Isl''',0,7000,0,'''Vashon Isl''',0,14000,0,'''Vashon Isl''',0,17500,0,'''Vashon Isl''',0,9000,0,'''Vashon Isl''',0,14000,0,'''Vashon Isl''',0,18000,0,'''Vashon Isl''',0,7500,0,'''Vashon Isl''',0,14000,0,'''Vashon Isl''',0,6000,0,'''Vashon Isl''',0,11500,0,'''Vashon Isl''',0,11500,0,'''Vashon Isl''',0,18500,0,'''Vashon Isl''',0,11500,0,'''Vashon Isl''',0
'20240813',222009,41500,4,'',0,12000,4,'',0,9000,4,'',0,19000,4,'',0,13000,4,'',0,16000,4,'',0,10000,4,'',0,4000,4,'',0,16500,4,'',0,3500,4,'',0,9500,4,'',0,17000,4,'',0,4000,4,'',0,10000,4,'',0,6000,4,'',0,11500,4,'',0,28500,4,'',0,11500,4,'',0,11500,4,'',0
'20240814',222009,41500,4,'',0,12000,4,'',0,9000,4,'',0,19000,4,'',0,13000,4,'',0,16000,4,'',0,10000,4,'',0,4000,4,'',0,16500,4,'',0,3500,4,'',0,9500,4,'',0,17000,4,'',0,4000,4,'',0,10000,4,'',0,6000,4,'',0,11500,4,'',0,28500,4,'',0,11500,4,'',0,11500,4,'',0
'20240815',222009,41500,4,'',0,12000,4,'',0,9000,4,'',0,19000,4,'',0,13000,4,'',0,16000,4,'',0,10000,4,'',0,4000,4,'',0,16500,4,'',0,3500,4,'',0,9500,4,'',0,17000,4,'',0,4000,4,'',0,10000,4,'',0,6000,4,'',0,11500,4,'',0,28500,4,'',0,11500,4,'',0,11500,4,'',0
'20240816',222009,41500,4,'',0,12000,4,'',0,9000,4,'',0,19000,4,'',0,13000,4,'',0,16000,4,'',0,10000,4,'',0,4000,4,'',0,16500,4,'',0,3500,4,'',0,9500,4,'',0,17000,4,'',0,4000,4,'',0,10000,4,'',0,6000,4,'',0,11500,4,'',0,28500,4,'',0,11500,4,'',0,11500,4,'',0
'20240817',222009,54500,4,'',0,9500,4,'',0,18500,4,'',0,2500,4,'',0,18000,4,'',0,18000,4,'',0,4500,4,'',0,18500,4,'',0,17500,4,'',0,3500,4,'',0,18000,4,'',0,2000,4,'',0,16000,4,'',0,11500,4,'',0,18500,4,'',0,11500,4,'',0,11500,4,'',0
'20240818',222009,54500,4,'',0,9500,4,'',0,18500,4,'',0,2500,4,'',0,18000,4,'',0,18000,4,'',0,4500,4,'',0,18500,4,'',0,17500,4,'',0,3500,4,'',0,18000,4,'',0,2000,4,'',0,16000,4,'',0,11500,4,'',0,18500,4,'',0,11500,4,'',0,11500,4,'',0
'20240819',222009,41500,4,'',0,12000,4,'',0,9000,4,'',0,19000,4,'',0,13000,4,'',0,16000,4,'',0,10000,4,'',0,4000,4,'',0,16500,4,'',0,3500,4,'',0,9500,4,'',0,17000,4,'',0,4000,4,'',0,10000,4,'',0,6000,4,'',0,11500,4,'',0,28500,4,'',0,11500,4,'',0,11500,4,'',0
'20240820',222009,41500,4,'',0,12000,4,'',0,9000,4,'',0,19000,4,'',0,13000,4,'',0,16000,4,'',0,10000,4,'',0,4000,4,'',0,16500,4,'',0,3500,4,'',0,9500,4,'',0,17000,4,'',0,4000,4,'',0,10000,4,'',0,6000,4,'',0,11500,4,'',0,28500,4,'',0,11500,4,'',0,11500,4,'',0
'20240821',222009,41500,4,'',0,12000,4,'',0,9000,4,'',0,19000,4,'',0,13000,4,'',0,16000,4,'',0,10000,4,'',0,4000,4,'',0,16500,4,'',0,3500,4,'',0,9500,4,'',0,17000,4,'',0,4000,4,'',0,10000,4,'',0,6000,4,'',0,11500,4,'',0,28500,4,'',0,11500,4,'',0,11500,4,'',0
'20240822',222009,41500,4,'',0,12000,4,'',0,9000,4,'',0,19000,4,'',0,13000,4,'',0,16000,4,'',0,10000,4,'',0,4000,4,'',0,16500,4,'',0,3500,4,'',0,9500,4,'',0,17000,4,'',0,4000,4,'',0,10000,4,'',0,6000,4,'',0,11500,4,'',0,28500,4,'',0,11500,4,'',0,11500,4,'',0
'20240823',222009,41500,4,'',0,12000,4,'',0,9000,4,'',0,19000,4,'',0,13000,4,'',0,16000,4,'',0,10000,4,'',0,4000,4,'',0,16500,4,'',0,3500,4,'',0,9500,4,'',0,17000,4,'',0,4000,4,'',0,10000,4,'',0,6000,4,'',0,11500,4,'',0,28500,4,'',0,11500,4,'',0,11500,4,'',0
'20240824',222009,54500,4,'',0,9500,4,'',0,18500,4,'',0,2500,4,'',0,18000,4,'',0,18000,4,'',0,4500,4,'',0,18500,4,'',0,17500,4,'',0,3500,4,'',0,18000,4,'',0,2000,4,'',0,16000,4,'',0,11500,4,'',0,18500,4,'',0,11500,4,'',0,11500,4,'',0
'20240825',222009,54500,4,'',0,9500,4,'',0,18500,4,'',0,2500,4,'',0,18000,4,'',0,18000,4,'',0,4500,4,'',0,18500,4,'',0,17500,4,'',0,3500,4,'',0,18000,4,'',0,2000,4,'',0,16000,4,'',0,11500,4,'',0,18500,4,'',0,11500,4,'',0,11500,4,'',0
'20240826',222009,41500,4,'',0,12000,4,'',0,9000,4,'',0,19000,4,'',0,13000,4,'',0,16000,4,'',0,10000,4,'',0,4000,4,'',0,16500,4,'',0,3500,4,'',0,9500,4,'',0,17000,4,'',0,4000,4,'',0,10000,4,'',0,6000,4,'',0,11500,4,'',0,28500,4,'',0,11500,4,'',0,11500,4,'',0
'20240827',222009,41500,4,'',0,12000,4,'',0,9000,4,'',0,19000,4,'',0,13000,4,'',0,16000,4,'',0,10000,4,'',0,4000,4,'',0,16500,4,'',0,3500,4,'',0,9500,4,'',0,17000,4,'',0,4000,4,'',0,10000,4,'',0,6000,4,'',0,11500,4,'',0,28500,4,'',0,11500,4,'',0,11500,4,'',0
'20240828',222009,41500,4,'',0,12000,4,'',0,9000,4,'',0,19000,4,'',0,13000,4,'',0,16000,4,'',0,10000,4,'',0,4000,4,'',0,16500,4,'',0,3500,4,'',0,9500,4,'',0,17000,4,'',0,4000,4,'',0,10000,4,'',0,6000,4,'',0,11500,4,'',0,28500,4,'',0,11500,4,'',0,11500,4,'',0
'20240829',222009,41500,4,'',0,12000,4,'',0,9000,4,'',0,19000,4,'',0,13000,4,'',0,16000,4,'',0,10000,4,'',0,4000,4,'',0,16500,4,'',0,3500,4,'',0,9500,4,'',0,17000,4,'',0,4000,4,'',0,10000,4,'',0,6000,4,'',0,11500,4,'',0,28500,4,'',0,11500,4,'',0,11500,4,'',0
'20240830',222009,41500,4,'',0,12000,4,'',0,9000,4,'',0,19000,4,'',0,13000,4,'',0,16000,4,'',0,10000,4,'',0,4000,4,'',0,16500,4,'',0,3500,4,'',0,9500,4,'',0,17000,4,'',0,4000,4,'',0,10000,4,'',0,6000,4,'',0,11500,4,'',0,28500,4,'',0,11500,4,'',0,11500,4,'',0
'20240831',222009,54500,4,'',0,9500,4,'',0,18500,4,'',0,2500,4,'',0,18000,4,'',0,18000,4,'',0,4500,4,'',0,18500,4,'',0,17500,4,'',0,3500,4,'',0,18000,4,'',0,2000,4,'',0,16000,4,'',0,11500,4,'',0,18500,4,'',0,11500,4,'',0,11500,4,'',0
'20240901',222009,54500,4,'',0,9500,4,'',0,18500,4,'',0,2500,4,'',0,18000,4,'',0,18000,4,'',0,4500,4,'',0,18500,4,'',0,17500,4,'',0,3500,4,'',0,18000,4,'',0,2000,4,'',0,16000,4,'',0,11500,4,'',0,18500,4,'',0,11500,4,'',0,11500,4,'',0
'20240902',222009,54500,4,'',0,9500,4,'',0,18500,4,'',0,2500,4,'',0,18000,4,'',0,18000,4,'',0,4500,4,'',0,18500,4,'',0,17500,4,'',0,3500,4,'',0,18000,4,'',0,2000,4,'',0,16000,4,'',0,11500,4,'',0,18500,4,'',0,11500,4,'',0,11500,4,'',0
'20240903',222009,41500,4,'',0,12000,4,'',0,9000,4,'',0,19000,4,'',0,13000,4,'',0,16000,4,'',0,10000,4,'',0,4000,4,'',0,16500,4,'',0,3500,4,'',0,9500,4,'',0,17000,4,'',0,4000,4,'',0,10000,4,'',0,6000,4,'',0,11500,4,'',0,28500,4,'',0,11500,4,'',0,11500,4,'',0
'20240904',222009,41500,4,'',0,12000,4,'',0,9000,4,'',0,19000,4,'',0,13000,4,'',0,16000,4,'',0,10000,4,'',0,4000,4,'',0,16500,4,'',0,3500,4,'',0,9500,4,'',0,17000,4,'',0,4000,4,'',0,10000,4,'',0,6000,4,'',0,11500,4,'',0,28500,4,'',0,11500,4,'',0,11500,4,'',0
'20240905',222009,41500,4,'',0,12000,4,'',0,9000,4,'',0,19000,4,'',0,13000,4,'',0,16000,4,'',0,10000,4,'',0,4000,4,'',0,16500,4,'',0,3500,4,'',0,9500,4,'',0,17000,4,'',0,4000,4,'',0,10000,4,'',0,6000,4,'',0,11500,4,'',0,28500,4,'',0,11500,4,'',0,11500,4,'',0
'20240906',222009,41500,4,'',0,12000,4,'',0,9000,4,'',0,19000,4,'',0,13000,4,'',0,16000,4,'',0,10000,4,'',0,4000,4,'',0,16500,4,'',0,3500,4,'',0,9500,4,'',0,17000,4,'',0,4000,4,'',0,10000,4,'',0,6000,4,'',0,11500,4,'',0,28500,4,'',0,11500,4,'',0,11500,4,'',0
'20240907',222009,54500,4,'',0,9500,4,'',0,18500,4,'',0,2500,4,'',0,18000,4,'',0,18000,4,'',0,4500,4,'',0,18500,4,'',0,17500,4,'',0,3500,4,'',0,18000,4,'',0,2000,4,'',0,16000,4,'',0,11500,4,'',0,18500,4,'',0,11500,4,'',0,11500,4,'',0
'20240908',222009,54500,4,'',0,9500,4,'',0,18500,4,'',0,2500,4,'',0,18000,4,'',0,18000,4,'',0,4500,4,'',0,18500,4,'',0,17500,4,'',0,3500,4,'',0,18000,4,'',0,2000,4,'',0,16000,4,'',0,11500,4,'',0,18500,4,'',0,11500,4,'',0,11500,4,'',0
'20240909',222009,41500,4,'',0,12000,4,'',0,9000,4,'',0,19000,4,'',0,13000,4,'',0,16000,4,'',0,10000,4,'',0,4000,4,'',0,16500,4,'',0,3500,4,'',0,9500,4,'',0,17000,4,'',0,4000,4,'',0,10000,4,'',0,6000,4,'',0,11500,4,'',0,28500,4,'',0,11500,4,'',0,11500,4,'',0
'20240910',222009,41500,4,'',0,12000,4,'',0,9000,4,'',0,19000,4,'',0,13000,4,'',0,16000,4,'',0,10000,4,'',0,4000,4,'',0,16500,4,'',0,3500,4,'',0,9500,4,'',0,17000,4,'',0,4000,4,'',0,10000,4,'',0,6000,4,'',0,11500,4,'',0,28500,4,'',0,11500,4,'',0,11500,4,'',0
'20240911',222009,41500,4,'',0,12000,4,'',0,9000,4,'',0,19000,4,'',0,13000,4,'',0,16000,4,'',0,10000,4,'',0,4000,4,'',0,16500,4,'',0,3500,4,'',0,9500,4,'',0,17000,4,'',0,4000,4,'',0,10000,4,'',0,6000,4,'',0,11500,4,'',0,28500,4,'',0,11500,4,'',0,11500,4,'',0
'20240912',222009,41500,4,'',0,12000,4,'',0,9000,4,'',0,19000,4,'',0,13000,4,'',0,16000,4,'',0,10000,4,'',0,4000,4,'',0,16500,4,'',0,3500,4,'',0,9500,4,'',0,17000,4,'',0,4000,4,'',0,10000,4,'',0,6000,4,'',0,11500,4,'',0,28500,4,'',0,11500,4,'',0,11500,4,'',0
'20240913',222009,41500,4,'',0,12000,4,'',0,9000,4,'',0,19000,4,'',0,13000,4,'',0,16000,4,'',0,10000,4,'',0,4000,4,'',0,16500,4,'',0,3500,4,'',0,9500,4,'',0,17000,4,'',0,4000,4,'',0,10000,4,'',0,6000,4,'',0,11500,4,'',0,28500,4,'',0,11500,4,'',0,11500,4,'',0
'20240914',222009,54500,4,'',0,9500,4,'',0,18500,4,'',0,2500,4,'',0,18000,4,'',0,18000,4,'',0,4500,4,'',0,18500,4,'',0,17500,4,'',0,3500,4,'',0,18000,4,'',0,2000,4,'',0,16000,4,'',0,11500,4,'',0,18500,4,'',0,11500,4,'',0,11500,4,'',0
'20240915',222009,54500,4,'',0,9500,4,'',0,18500,4,'',0,2500,4,'',0,18000,4,'',0,18000,4,'',0,4500,4,'',0,18500,4,'',0,17500,4,'',0,3500,4,'',0,18000,4,'',0,2000,4,'',0,16000,4,'',0,11500,4,'',0,18500,4,'',0,11500,4,'',0,11500,4,'',0
'20240916',222009,41500,4,'',0,12000,4,'',0,9000,4,'',0,19000,4,'',0,13000,4,'',0,16000,4,'',0,10000,4,'',0,4000,4,'',0,16500,4,'',0,3500,4,'',0,9500,4,'',0,17000,4,'',0,4000,4,'',0,10000,4,'',0,6000,4,'',0,11500,4,'',0,28500,4,'',0,11500,4,'',0,11500,4,'',0
'20240917',222009,41500,4,'',0,12000,4,'',0,9000,4,'',0,19000,4,'',0,13000,4,'',0,16000,4,'',0,10000,4,'',0,4000,4,'',0,16500,4,'',0,3500,4,'',0,9500,4,'',0,17000,4,'',0,4000,4,'',0,10000,4,'',0,6000,4,'',0,11500,4,'',0,28500,4,'',0,11500,4,'',0,11500,4,'',0
'20240918',222009,41500,4,'',0,12000,4,'',0,9000,4,'',0,19000,4,'',0,13000,4,'',0,16000,4,'',0,10000,4,'',0,4000,4,'',0,16500,4,'',0,3500,4,'',0,9500,4,'',0,17000,4,'',0,4000,4,'',0,10000,4,'',0,6000,4,'',0,11500,4,'',0,28500,4,'',0,11500,4,'',0,11500,4,'',0
'20240919',222009,41500,4,'',0,12000,4,'',0,9000,4,'',0,19000,4,'',0,13000,4,'',0,16000,4,'',0,10000,4,'',0,4000,4,'',0,16500,4,'',0,3500,4,'',0,9500,4,'',0,17000,4,'',0,4000,4,'',0,10000,4,'',0,6000,4,'',0,11500,4,'',0,28500,4,'',0,11500,4,'',0,11500,4,'',0
'20240920',222009,41500,4,'',0,12000,4,'',0,9000,4,'',0,19000,4,'',0,13000,4,'',0,16000,4,'',0,10000,4,'',0,4000,4,'',0,16500,4,'',0,3500,4,'',0,9500,4,'',0,17000,4,'',0,4000,4,'',0,10000,4,'',0,6000,4,'',0,11500,4,'',0,28500,4,'',0,11500,4,'',0,11500,4,'',0
'20240921',222009,54500,4,'',0,9500,4,'',0,18500,4,'',0,2500,4,'',0,18000,4,'',0,18000,4,'',0,4500,4,'',0,18500,4,'',0,17500,4,'',0,3500,4,'',0,18000,4,'',0,2000,4,'',0,16000,4,'',0,11500,4,'',0,18500,4,'',0,11500,4,'',0,11500,4,'',0
