'20240604',3709,44500,0,'''Seattle''',0,7500,0,'''Seattle''',0,10000,0,'''Seattle''',0,8500,0,'''Seattle''',0,5000,0,'''Seattle''',0,9000,0,'''Seattle''',0,9500,0,'''Seattle''',0,8500,0,'''Seattle''',0,10500,0,'''Seattle''',0,9000,0,'''Seattle''',0,9500,0,'''Seattle''',0,9000,0,'''Seattle''',0,5000,0,'''Seattle''',0,9500,0,'''Seattle''',0,9500,0,'''Seattle''',0,9000,0,'''Seattle''',0,10500,0,'''Seattle''',0,8000,0,'''Seattle''',0,10000,0,'''Seattle''',0,8000,0,'''Seattle''',0,10000,0,'''Seattle''',0,13000,0,'''Seattle''',0,12500,0,'''Seattle''',0
'20240605',3709,44500,0,'''Seattle''',0,7500,0,'''Seattle''',0,10000,0,'''Seattle''',0,8500,0,'''Seattle''',0,5000,0,'''Seattle''',0,9000,0,'''Seattle''',0,9500,0,'''Seattle''',0,8500,0,'''Seattle''',0,10500,0,'''Seattle''',0,9000,0,'''Seattle''',0,9500,0,'''Seattle''',0,9000,0,'''Seattle''',0,5000,0,'''Seattle''',0,9500,0,'''Seattle''',0,9500,0,'''Seattle''',0,9000,0,'''Seattle''',0,10500,0,'''Seattle''',0,8000,0,'''Seattle''',0,10000,0,'''Seattle''',0,8000,0,'''Seattle''',0,10000,0,'''Seattle''',0,13000,0,'''Seattle''',0,12500,0,'''Seattle''',0
'20240606',3709,44500,0,'''Seattle''',0,7500,0,'''Seattle''',0,10000,0,'''Seattle''',0,8500,0,'''Seattle''',0,5000,0,'''Seattle''',0,9000,0,'''Seattle''',0,9500,0,'''Seattle''',0,8500,0,'''Seattle''',0,10500,0,'''Seattle''',0,9000,0,'''Seattle''',0,9500,0,'''Seattle''',0,9000,0,'''Seattle''',0,5000,0,'''Seattle''',0,9500,0,'''Seattle''',0,9500,0,'''Seattle''',0,9000,0,'''Seattle''',0,10500,0,'''Seattle''',0,8000,0,'''Seattle''',0,10000,0,'''Seattle''',0,8000,0,'''Seattle''',0,10000,0,'''Seattle''',0,13000,0,'''Seattle''',0,12500,0,'''Seattle''',0
'20240607',3709,44500,0,'''Seattle''',0,7500,0,'''Seattle''',0,10000,0,'''Seattle''',0,8500,0,'''Seattle''',0,5000,0,'''Seattle''',0,9000,0,'''Seattle''',0,9500,0,'''Seattle''',0,8500,0,'''Seattle''',0,10500,0,'''Seattle''',0,9000,0,'''Seattle''',0,9500,0,'''Seattle''',0,9000,0,'''Seattle''',0,5000,0,'''Seattle''',0,9500,0,'''Seattle''',0,9500,0,'''Seattle''',0,9000,0,'''Seattle''',0,10500,0,'''Seattle''',0,8000,0,'''Seattle''',0,10000,0,'''Seattle''',0,8000,0,'''Seattle''',0,10000,0,'''Seattle''',0,13000,0,'''Seattle''',0,12500,0,'''Seattle''',0
'20240608',3709,52000,0,'''Seattle''',0,18500,0,'''Seattle''',0,5000,0,'''Seattle''',0,9000,0,'''Seattle''',0,10000,0,'''Seattle''',0,8000,0,'''Seattle''',0,11000,0,'''Seattle''',0,8500,0,'''Seattle''',0,10000,0,'''Seattle''',0,9000,0,'''Seattle''',0,9000,0,'''Seattle''',0,5500,0,'''Seattle''',0,8500,0,'''Seattle''',0,9500,0,'''Seattle''',0,9500,0,'''Seattle''',0,8500,0,'''Seattle''',0,9500,0,'''Seattle''',0,4500,0,'''Seattle''',0,9000,0,'''Seattle''',0,8500,0,'''Seattle''',0,17000,0,'''Seattle''',0,12500,0,'''Seattle''',0
'20240609',3709,52000,0,'''Seattle''',0,18500,0,'''Seattle''',0,14000,0,'''Seattle''',0,10000,0,'''Seattle''',0,8000,0,'''Seattle''',0,11000,0,'''Seattle''',0,8500,0,'''Seattle''',0,10000,0,'''Seattle''',0,9000,0,'''Seattle''',0,9000,0,'''Seattle''',0,5500,0,'''Seattle''',0,8500,0,'''Seattle''',0,9500,0,'''Seattle''',0,9500,0,'''Seattle''',0,8500,0,'''Seattle''',0,9500,0,'''Seattle''',0,4500,0,'''Seattle''',0,9000,0,'''Seattle''',0,8500,0,'''Seattle''',0,17000,0,'''Seattle''',0,12500,0,'''Seattle''',0
'20240610',3709,44500,0,'''Seattle''',0,7500,0,'''Seattle''',0,10000,0,'''Seattle''',0,8500,0,'''Seattle''',0,5000,0,'''Seattle''',0,9000,0,'''Seattle''',0,9500,0,'''Seattle''',0,8500,0,'''Seattle''',0,10500,0,'''Seattle''',0,9000,0,'''Seattle''',0,9500,0,'''Seattle''',0,9000,0,'''Seattle''',0,5000,0,'''Seattle''',0,9500,0,'''Seattle''',0,9500,0,'''Seattle''',0,9000,0,'''Seattle''',0,10500,0,'''Seattle''',0,8000,0,'''Seattle''',0,10000,0,'''Seattle''',0,8000,0,'''Seattle''',0,10000,0,'''Seattle''',0,13000,0,'''Seattle''',0,12500,0,'''Seattle''',0
'20240611',3709,44500,0,'''Seattle''',0,7500,0,'''Seattle''',0,10000,0,'''Seattle''',0,8500,0,'''Seattle''',0,5000,0,'''Seattle''',0,9000,0,'''Seattle''',0,9500,0,'''Seattle''',0,8500,0,'''Seattle''',0,10500,0,'''Seattle''',0,9000,0,'''Seattle''',0,9500,0,'''Seattle''',0,9000,0,'''Seattle''',0,5000,0,'''Seattle''',0,9500,0,'''Seattle''',0,9500,0,'''Seattle''',0,9000,0,'''Seattle''',0,10500,0,'''Seattle''',0,8000,0,'''Seattle''',0,10000,0,'''Seattle''',0,8000,0,'''Seattle''',0,10000,0,'''Seattle''',0,13000,0,'''Seattle''',0,12500,0,'''Seattle''',0
'20240612',3709,44500,0,'''Seattle''',0,7500,0,'''Seattle''',0,10000,0,'''Seattle''',0,8500,0,'''Seattle''',0,5000,0,'''Seattle''',0,9000,0,'''Seattle''',0,9500,0,'''Seattle''',0,8500,0,'''Seattle''',0,10500,0,'''Seattle''',0,9000,0,'''Seattle''',0,9500,0,'''Seattle''',0,9000,0,'''Seattle''',0,5000,0,'''Seattle''',0,9500,0,'''Seattle''',0,9500,0,'''Seattle''',0,9000,0,'''Seattle''',0,10500,0,'''Seattle''',0,8000,0,'''Seattle''',0,10000,0,'''Seattle''',0,8000,0,'''Seattle''',0,10000,0,'''Seattle''',0,13000,0,'''Seattle''',0,12500,0,'''Seattle''',0
'20240613',3709,44500,0,'''Seattle''',0,7500,0,'''Seattle''',0,10000,0,'''Seattle''',0,8500,0,'''Seattle''',0,5000,0,'''Seattle''',0,9000,0,'''Seattle''',0,9500,0,'''Seattle''',0,8500,0,'''Seattle''',0,10500,0,'''Seattle''',0,9000,0,'''Seattle''',0,9500,0,'''Seattle''',0,9000,0,'''Seattle''',0,5000,0,'''Seattle''',0,9500,0,'''Seattle''',0,9500,0,'''Seattle''',0,9000,0,'''Seattle''',0,10500,0,'''Seattle''',0,8000,0,'''Seattle''',0,10000,0,'''Seattle''',0,8000,0,'''Seattle''',0,10000,0,'''Seattle''',0,13000,0,'''Seattle''',0,12500,0,'''Seattle''',0
'20240614',3709,44500,0,'''Seattle''',0,7500,0,'''Seattle''',0,10000,0,'''Seattle''',0,8500,0,'''Seattle''',0,5000,0,'''Seattle''',0,9000,0,'''Seattle''',0,9500,0,'''Seattle''',0,8500,0,'''Seattle''',0,10500,0,'''Seattle''',0,9000,0,'''Seattle''',0,9500,0,'''Seattle''',0,9000,0,'''Seattle''',0,5000,0,'''Seattle''',0,9500,0,'''Seattle''',0,9500,0,'''Seattle''',0,9000,0,'''Seattle''',0,10500,0,'''Seattle''',0,8000,0,'''Seattle''',0,10000,0,'''Seattle''',0,8000,0,'''Seattle''',0,10000,0,'''Seattle''',0,13000,0,'''Seattle''',0,12500,0,'''Seattle''',0
'20240615',3709,52000,0,'''Seattle''',0,18500,0,'''Seattle''',0,5000,0,'''Seattle''',0,9000,0,'''Seattle''',0,10000,0,'''Seattle''',0,8000,0,'''Seattle''',0,11000,0,'''Seattle''',0,8500,0,'''Seattle''',0,10000,0,'''Seattle''',0,9000,0,'''Seattle''',0,9000,0,'''Seattle''',0,5500,0,'''Seattle''',0,8500,0,'''Seattle''',0,9500,0,'''Seattle''',0,9500,0,'''Seattle''',0,8500,0,'''Seattle''',0,9500,0,'''Seattle''',0,4500,0,'''Seattle''',0,9000,0,'''Seattle''',0,8500,0,'''Seattle''',0,17000,0,'''Seattle''',0,12500,0,'''Seattle''',0
'20240616',3709,52000,0,'''Seattle''',0,18500,0,'''Seattle''',0,14000,0,'''Seattle''',0,10000,0,'''Seattle''',0,8000,0,'''Seattle''',0,11000,0,'''Seattle''',0,8500,0,'''Seattle''',0,10000,0,'''Seattle''',0,9000,0,'''Seattle''',0,9000,0,'''Seattle''',0,5500,0,'''Seattle''',0,8500,0,'''Seattle''',0,9500,0,'''Seattle''',0,9500,0,'''Seattle''',0,8500,0,'''Seattle''',0,9500,0,'''Seattle''',0,4500,0,'''Seattle''',0,9000,0,'''Seattle''',0,8500,0,'''Seattle''',0,17000,0,'''Seattle''',0,12500,0,'''Seattle''',0
'20240617',3709,44500,0,'''Seattle''',0,7500,0,'''Seattle''',0,10000,0,'''Seattle''',0,8500,0,'''Seattle''',0,5000,0,'''Seattle''',0,9000,0,'''Seattle''',0,9500,0,'''Seattle''',0,8500,0,'''Seattle''',0,10500,0,'''Seattle''',0,9000,0,'''Seattle''',0,9500,0,'''Seattle''',0,9000,0,'''Seattle''',0,5000,0,'''Seattle''',0,9500,0,'''Seattle''',0,9500,0,'''Seattle''',0,9000,0,'''Seattle''',0,10500,0,'''Seattle''',0,8000,0,'''Seattle''',0,10000,0,'''Seattle''',0,8000,0,'''Seattle''',0,10000,0,'''Seattle''',0,13000,0,'''Seattle''',0,12500,0,'''Seattle''',0
'20240618',3709,44500,0,'''Seattle''',0,7500,0,'''Seattle''',0,10000,0,'''Seattle''',0,8500,0,'''Seattle''',0,5000,0,'''Seattle''',0,9000,0,'''Seattle''',0,9500,0,'''Seattle''',0,8500,0,'''Seattle''',0,10500,0,'''Seattle''',0,9000,0,'''Seattle''',0,9500,0,'''Seattle''',0,9000,0,'''Seattle''',0,5000,0,'''Seattle''',0,9500,0,'''Seattle''',0,9500,0,'''Seattle''',0,9000,0,'''Seattle''',0,10500,0,'''Seattle''',0,8000,0,'''Seattle''',0,10000,0,'''Seattle''',0,8000,0,'''Seattle''',0,10000,0,'''Seattle''',0,13000,0,'''Seattle''',0,12500,0,'''Seattle''',0
'20240619',3709,44500,0,'''Seattle''',0,7500,0,'''Seattle''',0,10000,0,'''Seattle''',0,8500,0,'''Seattle''',0,5000,0,'''Seattle''',0,9000,0,'''Seattle''',0,9500,0,'''Seattle''',0,8500,0,'''Seattle''',0,10500,0,'''Seattle''',0,9000,0,'''Seattle''',0,9500,0,'''Seattle''',0,9000,0,'''Seattle''',0,5000,0,'''Seattle''',0,9500,0,'''Seattle''',0,9500,0,'''Seattle''',0,9000,0,'''Seattle''',0,10500,0,'''Seattle''',0,8000,0,'''Seattle''',0,10000,0,'''Seattle''',0,8000,0,'''Seattle''',0,10000,0,'''Seattle''',0,13000,0,'''Seattle''',0,12500,0,'''Seattle''',0
'20240620',3709,44500,0,'''Seattle''',0,7500,0,'''Seattle''',0,10000,0,'''Seattle''',0,8500,0,'''Seattle''',0,5000,0,'''Seattle''',0,9000,0,'''Seattle''',0,9500,0,'''Seattle''',0,8500,0,'''Seattle''',0,10500,0,'''Seattle''',0,9000,0,'''Seattle''',0,9500,0,'''Seattle''',0,9000,0,'''Seattle''',0,5000,0,'''Seattle''',0,9500,0,'''Seattle''',0,9500,0,'''Seattle''',0,9000,0,'''Seattle''',0,10500,0,'''Seattle''',0,8000,0,'''Seattle''',0,10000,0,'''Seattle''',0,8000,0,'''Seattle''',0,10000,0,'''Seattle''',0,13000,0,'''Seattle''',0,12500,0,'''Seattle''',0
'20240621',3709,44500,0,'''Seattle''',0,7500,0,'''Seattle''',0,10000,0,'''Seattle''',0,8500,0,'''Seattle''',0,5000,0,'''Seattle''',0,9000,0,'''Seattle''',0,9500,0,'''Seattle''',0,8500,0,'''Seattle''',0,10500,0,'''Seattle''',0,9000,0,'''Seattle''',0,9500,0,'''Seattle''',0,9000,0,'''Seattle''',0,5000,0,'''Seattle''',0,9500,0,'''Seattle''',0,9500,0,'''Seattle''',0,9000,0,'''Seattle''',0,10500,0,'''Seattle''',0,8000,0,'''Seattle''',0,10000,0,'''Seattle''',0,8000,0,'''Seattle''',0,10000,0,'''Seattle''',0,13000,0,'''Seattle''',0,12500,0,'''Seattle''',0
'20240622',3709,52000,0,'''Seattle''',0,18500,0,'''Seattle''',0,5000,0,'''Seattle''',0,9000,0,'''Seattle''',0,10000,0,'''Seattle''',0,8000,0,'''Seattle''',0,11000,0,'''Seattle''',0,8500,0,'''Seattle''',0,10000,0,'''Seattle''',0,9000,0,'''Seattle''',0,9000,0,'''Seattle''',0,5500,0,'''Seattle''',0,8500,0,'''Seattle''',0,9500,0,'''Seattle''',0,9500,0,'''Seattle''',0,8500,0,'''Seattle''',0,9500,0,'''Seattle''',0,4500,0,'''Seattle''',0,9000,0,'''Seattle''',0,8500,0,'''Seattle''',0,17000,0,'''Seattle''',0,12500,0,'''Seattle''',0
'20240623',3709,52000,0,'''Seattle''',0,18500,0,'''Seattle''',0,14000,0,'''Seattle''',0,10000,0,'''Seattle''',0,8000,0,'''Seattle''',0,11000,0,'''Seattle''',0,8500,0,'''Seattle''',0,10000,0,'''Seattle''',0,9000,0,'''Seattle''',0,9000,0,'''Seattle''',0,5500,0,'''Seattle''',0,8500,0,'''Seattle''',0,9500,0,'''Seattle''',0,9500,0,'''Seattle''',0,8500,0,'''Seattle''',0,9500,0,'''Seattle''',0,4500,0,'''Seattle''',0,9000,0,'''Seattle''',0,8500,0,'''Seattle''',0,17000,0,'''Seattle''',0,12500,0,'''Seattle''',0
'20240624',3709,44500,0,'''Seattle''',0,7500,0,'''Seattle''',0,10000,0,'''Seattle''',0,8500,0,'''Seattle''',0,5000,0,'''Seattle''',0,9000,0,'''Seattle''',0,9500,0,'''Seattle''',0,8500,0,'''Seattle''',0,10500,0,'''Seattle''',0,9000,0,'''Seattle''',0,9500,0,'''Seattle''',0,9000,0,'''Seattle''',0,5000,0,'''Seattle''',0,9500,0,'''Seattle''',0,9500,0,'''Seattle''',0,9000,0,'''Seattle''',0,10500,0,'''Seattle''',0,8000,0,'''Seattle''',0,10000,0,'''Seattle''',0,8000,0,'''Seattle''',0,10000,0,'''Seattle''',0,13000,0,'''Seattle''',0,12500,0,'''Seattle''',0
'20240625',3709,44500,0,'''Seattle''',0,7500,0,'''Seattle''',0,10000,0,'''Seattle''',0,8500,0,'''Seattle''',0,5000,0,'''Seattle''',0,9000,0,'''Seattle''',0,9500,0,'''Seattle''',0,8500,0,'''Seattle''',0,10500,0,'''Seattle''',0,9000,0,'''Seattle''',0,9500,0,'''Seattle''',0,9000,0,'''Seattle''',0,5000,0,'''Seattle''',0,9500,0,'''Seattle''',0,9500,0,'''Seattle''',0,9000,0,'''Seattle''',0,10500,0,'''Seattle''',0,8000,0,'''Seattle''',0,10000,0,'''Seattle''',0,8000,0,'''Seattle''',0,10000,0,'''Seattle''',0,13000,0,'''Seattle''',0,12500,0,'''Seattle''',0
'20240626',3709,44500,0,'''Seattle''',0,7500,0,'''Seattle''',0,10000,0,'''Seattle''',0,8500,0,'''Seattle''',0,5000,0,'''Seattle''',0,9000,0,'''Seattle''',0,9500,0,'''Seattle''',0,8500,0,'''Seattle''',0,10500,0,'''Seattle''',0,9000,0,'''Seattle''',0,9500,0,'''Seattle''',0,9000,0,'''Seattle''',0,5000,0,'''Seattle''',0,9500,0,'''Seattle''',0,9500,0,'''Seattle''',0,9000,0,'''Seattle''',0,10500,0,'''Seattle''',0,8000,0,'''Seattle''',0,10000,0,'''Seattle''',0,8000,0,'''Seattle''',0,10000,0,'''Seattle''',0,13000,0,'''Seattle''',0,12500,0,'''Seattle''',0
'20240627',3709,44500,0,'''Seattle''',0,7500,0,'''Seattle''',0,10000,0,'''Seattle''',0,8500,0,'''Seattle''',0,5000,0,'''Seattle''',0,9000,0,'''Seattle''',0,9500,0,'''Seattle''',0,8500,0,'''Seattle''',0,10500,0,'''Seattle''',0,9000,0,'''Seattle''',0,9500,0,'''Seattle''',0,9000,0,'''Seattle''',0,5000,0,'''Seattle''',0,9500,0,'''Seattle''',0,9500,0,'''Seattle''',0,9000,0,'''Seattle''',0,10500,0,'''Seattle''',0,8000,0,'''Seattle''',0,10000,0,'''Seattle''',0,8000,0,'''Seattle''',0,10000,0,'''Seattle''',0,13000,0,'''Seattle''',0,12500,0,'''Seattle''',0
'20240628',3709,44500,0,'''Seattle''',0,7500,0,'''Seattle''',0,10000,0,'''Seattle''',0,8500,0,'''Seattle''',0,5000,0,'''Seattle''',0,9000,0,'''Seattle''',0,9500,0,'''Seattle''',0,8500,0,'''Seattle''',0,10500,0,'''Seattle''',0,9000,0,'''Seattle''',0,9500,0,'''Seattle''',0,9000,0,'''Seattle''',0,5000,0,'''Seattle''',0,9500,0,'''Seattle''',0,9500,0,'''Seattle''',0,9000,0,'''Seattle''',0,10500,0,'''Seattle''',0,8000,0,'''Seattle''',0,10000,0,'''Seattle''',0,8000,0,'''Seattle''',0,10000,0,'''Seattle''',0,13000,0,'''Seattle''',0,12500,0,'''Seattle''',0
'20240629',3709,52000,0,'''Seattle''',0,18500,0,'''Seattle''',0,5000,0,'''Seattle''',0,9000,0,'''Seattle''',0,10000,0,'''Seattle''',0,8000,0,'''Seattle''',0,11000,0,'''Seattle''',0,8500,0,'''Seattle''',0,10000,0,'''Seattle''',0,9000,0,'''Seattle''',0,9000,0,'''Seattle''',0,5500,0,'''Seattle''',0,8500,0,'''Seattle''',0,9500,0,'''Seattle''',0,9500,0,'''Seattle''',0,8500,0,'''Seattle''',0,9500,0,'''Seattle''',0,4500,0,'''Seattle''',0,9000,0,'''Seattle''',0,8500,0,'''Seattle''',0,17000,0,'''Seattle''',0,12500,0,'''Seattle''',0
'20240630',3709,52000,0,'''Seattle''',0,18500,0,'''Seattle''',0,14000,0,'''Seattle''',0,10000,0,'''Seattle''',0,8000,0,'''Seattle''',0,11000,0,'''Seattle''',0,8500,0,'''Seattle''',0,10000,0,'''Seattle''',0,9000,0,'''Seattle''',0,9000,0,'''Seattle''',0,5500,0,'''Seattle''',0,8500,0,'''Seattle''',0,9500,0,'''Seattle''',0,9500,0,'''Seattle''',0,8500,0,'''Seattle''',0,9500,0,'''Seattle''',0,4500,0,'''Seattle''',0,9000,0,'''Seattle''',0,8500,0,'''Seattle''',0,17000,0,'''Seattle''',0,12500,0,'''Seattle''',0
'20240701',3709,44500,0,'''Seattle''',0,7500,0,'''Seattle''',0,10000,0,'''Seattle''',0,8500,0,'''Seattle''',0,5000,0,'''Seattle''',0,9000,0,'''Seattle''',0,9500,0,'''Seattle''',0,8500,0,'''Seattle''',0,10500,0,'''Seattle''',0,9000,0,'''Seattle''',0,9500,0,'''Seattle''',0,9000,0,'''Seattle''',0,5000,0,'''Seattle''',0,9500,0,'''Seattle''',0,9500,0,'''Seattle''',0,9000,0,'''Seattle''',0,10500,0,'''Seattle''',0,8000,0,'''Seattle''',0,10000,0,'''Seattle''',0,8000,0,'''Seattle''',0,10000,0,'''Seattle''',0,13000,0,'''Seattle''',0,12500,0,'''Seattle''',0
'20240702',3709,44500,0,'''Seattle''',0,7500,0,'''Seattle''',0,10000,0,'''Seattle''',0,8500,0,'''Seattle''',0,5000,0,'''Seattle''',0,9000,0,'''Seattle''',0,9500,0,'''Seattle''',0,8500,0,'''Seattle''',0,10500,0,'''Seattle''',0,9000,0,'''Seattle''',0,9500,0,'''Seattle''',0,9000,0,'''Seattle''',0,5000,0,'''Seattle''',0,9500,0,'''Seattle''',0,9500,0,'''Seattle''',0,9000,0,'''Seattle''',0,10500,0,'''Seattle''',0,8000,0,'''Seattle''',0,10000,0,'''Seattle''',0,8000,0,'''Seattle''',0,10000,0,'''Seattle''',0,13000,0,'''Seattle''',0,12500,0,'''Seattle''',0
'20240703',3709,44500,0,'''Seattle''',0,7500,0,'''Seattle''',0,10000,0,'''Seattle''',0,8500,0,'''Seattle''',0,5000,0,'''Seattle''',0,9000,0,'''Seattle''',0,9500,0,'''Seattle''',0,8500,0,'''Seattle''',0,10500,0,'''Seattle''',0,9000,0,'''Seattle''',0,9500,0,'''Seattle''',0,9000,0,'''Seattle''',0,5000,0,'''Seattle''',0,9500,0,'''Seattle''',0,9500,0,'''Seattle''',0,9000,0,'''Seattle''',0,10500,0,'''Seattle''',0,8000,0,'''Seattle''',0,10000,0,'''Seattle''',0,8000,0,'''Seattle''',0,10000,0,'''Seattle''',0,13000,0,'''Seattle''',0,12500,0,'''Seattle''',0
'20240704',3709,52000,0,'''Seattle''',0,18500,0,'''Seattle''',0,5000,0,'''Seattle''',0,9000,0,'''Seattle''',0,10000,0,'''Seattle''',0,8000,0,'''Seattle''',0,11000,0,'''Seattle''',0,8500,0,'''Seattle''',0,10000,0,'''Seattle''',0,9000,0,'''Seattle''',0,9000,0,'''Seattle''',0,5500,0,'''Seattle''',0,8500,0,'''Seattle''',0,9500,0,'''Seattle''',0,9500,0,'''Seattle''',0,8500,0,'''Seattle''',0,9500,0,'''Seattle''',0,4500,0,'''Seattle''',0,9000,0,'''Seattle''',0,8500,0,'''Seattle''',0,17000,0,'''Seattle''',0,12500,0,'''Seattle''',0
'20240705',3709,44500,0,'''Seattle''',0,7500,0,'''Seattle''',0,10000,0,'''Seattle''',0,8500,0,'''Seattle''',0,5000,0,'''Seattle''',0,9000,0,'''Seattle''',0,9500,0,'''Seattle''',0,8500,0,'''Seattle''',0,10500,0,'''Seattle''',0,9000,0,'''Seattle''',0,9500,0,'''Seattle''',0,9000,0,'''Seattle''',0,5000,0,'''Seattle''',0,9500,0,'''Seattle''',0,9500,0,'''Seattle''',0,9000,0,'''Seattle''',0,10500,0,'''Seattle''',0,8000,0,'''Seattle''',0,10000,0,'''Seattle''',0,8000,0,'''Seattle''',0,10000,0,'''Seattle''',0,13000,0,'''Seattle''',0,12500,0,'''Seattle''',0
'20240706',3709,52000,0,'''Seattle''',0,18500,0,'''Seattle''',0,5000,0,'''Seattle''',0,9000,0,'''Seattle''',0,10000,0,'''Seattle''',0,8000,0,'''Seattle''',0,11000,0,'''Seattle''',0,8500,0,'''Seattle''',0,10000,0,'''Seattle''',0,9000,0,'''Seattle''',0,9000,0,'''Seattle''',0,5500,0,'''Seattle''',0,8500,0,'''Seattle''',0,9500,0,'''Seattle''',0,9500,0,'''Seattle''',0,8500,0,'''Seattle''',0,9500,0,'''Seattle''',0,4500,0,'''Seattle''',0,9000,0,'''Seattle''',0,8500,0,'''Seattle''',0,17000,0,'''Seattle''',0,12500,0,'''Seattle''',0
'20240707',3709,52000,0,'''Seattle''',0,18500,0,'''Seattle''',0,14000,0,'''Seattle''',0,10000,0,'''Seattle''',0,8000,0,'''Seattle''',0,11000,0,'''Seattle''',0,8500,0,'''Seattle''',0,10000,0,'''Seattle''',0,9000,0,'''Seattle''',0,9000,0,'''Seattle''',0,5500,0,'''Seattle''',0,8500,0,'''Seattle''',0,9500,0,'''Seattle''',0,9500,0,'''Seattle''',0,8500,0,'''Seattle''',0,9500,0,'''Seattle''',0,4500,0,'''Seattle''',0,9000,0,'''Seattle''',0,8500,0,'''Seattle''',0,17000,0,'''Seattle''',0,12500,0,'''Seattle''',0
'20240708',3709,44500,0,'''Seattle''',0,7500,0,'''Seattle''',0,10000,0,'''Seattle''',0,8500,0,'''Seattle''',0,5000,0,'''Seattle''',0,9000,0,'''Seattle''',0,9500,0,'''Seattle''',0,8500,0,'''Seattle''',0,10500,0,'''Seattle''',0,9000,0,'''Seattle''',0,9500,0,'''Seattle''',0,9000,0,'''Seattle''',0,5000,0,'''Seattle''',0,9500,0,'''Seattle''',0,9500,0,'''Seattle''',0,9000,0,'''Seattle''',0,10500,0,'''Seattle''',0,8000,0,'''Seattle''',0,10000,0,'''Seattle''',0,8000,0,'''Seattle''',0,10000,0,'''Seattle''',0,13000,0,'''Seattle''',0,12500,0,'''Seattle''',0
'20240709',3709,44500,0,'''Seattle''',0,7500,0,'''Seattle''',0,10000,0,'''Seattle''',0,8500,0,'''Seattle''',0,5000,0,'''Seattle''',0,9000,0,'''Seattle''',0,9500,0,'''Seattle''',0,8500,0,'''Seattle''',0,10500,0,'''Seattle''',0,9000,0,'''Seattle''',0,9500,0,'''Seattle''',0,9000,0,'''Seattle''',0,5000,0,'''Seattle''',0,9500,0,'''Seattle''',0,9500,0,'''Seattle''',0,9000,0,'''Seattle''',0,10500,0,'''Seattle''',0,8000,0,'''Seattle''',0,10000,0,'''Seattle''',0,8000,0,'''Seattle''',0,10000,0,'''Seattle''',0,13000,0,'''Seattle''',0,12500,0,'''Seattle''',0
'20240710',3709,44500,0,'''Seattle''',0,7500,0,'''Seattle''',0,10000,0,'''Seattle''',0,8500,0,'''Seattle''',0,5000,0,'''Seattle''',0,9000,0,'''Seattle''',0,9500,0,'''Seattle''',0,8500,0,'''Seattle''',0,10500,0,'''Seattle''',0,9000,0,'''Seattle''',0,9500,0,'''Seattle''',0,9000,0,'''Seattle''',0,5000,0,'''Seattle''',0,9500,0,'''Seattle''',0,9500,0,'''Seattle''',0,9000,0,'''Seattle''',0,10500,0,'''Seattle''',0,8000,0,'''Seattle''',0,10000,0,'''Seattle''',0,8000,0,'''Seattle''',0,10000,0,'''Seattle''',0,13000,0,'''Seattle''',0,12500,0,'''Seattle''',0
'20240711',3709,44500,0,'''Seattle''',0,7500,0,'''Seattle''',0,10000,0,'''Seattle''',0,8500,0,'''Seattle''',0,5000,0,'''Seattle''',0,9000,0,'''Seattle''',0,9500,0,'''Seattle''',0,8500,0,'''Seattle''',0,10500,0,'''Seattle''',0,9000,0,'''Seattle''',0,9500,0,'''Seattle''',0,9000,0,'''Seattle''',0,5000,0,'''Seattle''',0,9500,0,'''Seattle''',0,9500,0,'''Seattle''',0,9000,0,'''Seattle''',0,10500,0,'''Seattle''',0,8000,0,'''Seattle''',0,10000,0,'''Seattle''',0,8000,0,'''Seattle''',0,10000,0,'''Seattle''',0,13000,0,'''Seattle''',0,12500,0,'''Seattle''',0
'20240712',3709,44500,0,'''Seattle''',0,7500,0,'''Seattle''',0,10000,0,'''Seattle''',0,8500,0,'''Seattle''',0,5000,0,'''Seattle''',0,9000,0,'''Seattle''',0,9500,0,'''Seattle''',0,8500,0,'''Seattle''',0,10500,0,'''Seattle''',0,9000,0,'''Seattle''',0,9500,0,'''Seattle''',0,9000,0,'''Seattle''',0,5000,0,'''Seattle''',0,9500,0,'''Seattle''',0,9500,0,'''Seattle''',0,9000,0,'''Seattle''',0,10500,0,'''Seattle''',0,8000,0,'''Seattle''',0,10000,0,'''Seattle''',0,8000,0,'''Seattle''',0,10000,0,'''Seattle''',0,13000,0,'''Seattle''',0,12500,0,'''Seattle''',0
'20240713',3709,52000,0,'''Seattle''',0,18500,0,'''Seattle''',0,5000,0,'''Seattle''',0,9000,0,'''Seattle''',0,10000,0,'''Seattle''',0,8000,0,'''Seattle''',0,11000,0,'''Seattle''',0,8500,0,'''Seattle''',0,10000,0,'''Seattle''',0,9000,0,'''Seattle''',0,9000,0,'''Seattle''',0,5500,0,'''Seattle''',0,8500,0,'''Seattle''',0,9500,0,'''Seattle''',0,9500,0,'''Seattle''',0,8500,0,'''Seattle''',0,9500,0,'''Seattle''',0,4500,0,'''Seattle''',0,9000,0,'''Seattle''',0,8500,0,'''Seattle''',0,17000,0,'''Seattle''',0,12500,0,'''Seattle''',0
'20240714',3709,52000,0,'''Seattle''',0,18500,0,'''Seattle''',0,14000,0,'''Seattle''',0,10000,0,'''Seattle''',0,8000,0,'''Seattle''',0,11000,0,'''Seattle''',0,8500,0,'''Seattle''',0,10000,0,'''Seattle''',0,9000,0,'''Seattle''',0,9000,0,'''Seattle''',0,5500,0,'''Seattle''',0,8500,0,'''Seattle''',0,9500,0,'''Seattle''',0,9500,0,'''Seattle''',0,8500,0,'''Seattle''',0,9500,0,'''Seattle''',0,4500,0,'''Seattle''',0,9000,0,'''Seattle''',0,8500,0,'''Seattle''',0,17000,0,'''Seattle''',0,12500,0,'''Seattle''',0
'20240715',3709,44500,0,'''Seattle''',0,7500,0,'''Seattle''',0,10000,0,'''Seattle''',0,8500,0,'''Seattle''',0,5000,0,'''Seattle''',0,9000,0,'''Seattle''',0,9500,0,'''Seattle''',0,8500,0,'''Seattle''',0,10500,0,'''Seattle''',0,9000,0,'''Seattle''',0,9500,0,'''Seattle''',0,9000,0,'''Seattle''',0,5000,0,'''Seattle''',0,9500,0,'''Seattle''',0,9500,0,'''Seattle''',0,9000,0,'''Seattle''',0,10500,0,'''Seattle''',0,8000,0,'''Seattle''',0,10000,0,'''Seattle''',0,8000,0,'''Seattle''',0,10000,0,'''Seattle''',0,13000,0,'''Seattle''',0,12500,0,'''Seattle''',0
'20240716',3709,44500,0,'''Seattle''',0,7500,0,'''Seattle''',0,10000,0,'''Seattle''',0,8500,0,'''Seattle''',0,5000,0,'''Seattle''',0,9000,0,'''Seattle''',0,9500,0,'''Seattle''',0,8500,0,'''Seattle''',0,10500,0,'''Seattle''',0,9000,0,'''Seattle''',0,9500,0,'''Seattle''',0,9000,0,'''Seattle''',0,5000,0,'''Seattle''',0,9500,0,'''Seattle''',0,9500,0,'''Seattle''',0,9000,0,'''Seattle''',0,10500,0,'''Seattle''',0,8000,0,'''Seattle''',0,10000,0,'''Seattle''',0,8000,0,'''Seattle''',0,10000,0,'''Seattle''',0,13000,0,'''Seattle''',0,12500,0,'''Seattle''',0
'20240717',3709,44500,0,'''Seattle''',0,7500,0,'''Seattle''',0,10000,0,'''Seattle''',0,8500,0,'''Seattle''',0,5000,0,'''Seattle''',0,9000,0,'''Seattle''',0,9500,0,'''Seattle''',0,8500,0,'''Seattle''',0,10500,0,'''Seattle''',0,9000,0,'''Seattle''',0,9500,0,'''Seattle''',0,9000,0,'''Seattle''',0,5000,0,'''Seattle''',0,9500,0,'''Seattle''',0,9500,0,'''Seattle''',0,9000,0,'''Seattle''',0,10500,0,'''Seattle''',0,8000,0,'''Seattle''',0,10000,0,'''Seattle''',0,8000,0,'''Seattle''',0,10000,0,'''Seattle''',0,13000,0,'''Seattle''',0,12500,0,'''Seattle''',0
'20240718',3709,44500,0,'''Seattle''',0,7500,0,'''Seattle''',0,10000,0,'''Seattle''',0,8500,0,'''Seattle''',0,5000,0,'''Seattle''',0,9000,0,'''Seattle''',0,9500,0,'''Seattle''',0,8500,0,'''Seattle''',0,10500,0,'''Seattle''',0,9000,0,'''Seattle''',0,9500,0,'''Seattle''',0,9000,0,'''Seattle''',0,5000,0,'''Seattle''',0,9500,0,'''Seattle''',0,9500,0,'''Seattle''',0,9000,0,'''Seattle''',0,10500,0,'''Seattle''',0,8000,0,'''Seattle''',0,10000,0,'''Seattle''',0,8000,0,'''Seattle''',0,10000,0,'''Seattle''',0,13000,0,'''Seattle''',0,12500,0,'''Seattle''',0
'20240719',3709,44500,0,'''Seattle''',0,7500,0,'''Seattle''',0,10000,0,'''Seattle''',0,8500,0,'''Seattle''',0,5000,0,'''Seattle''',0,9000,0,'''Seattle''',0,9500,0,'''Seattle''',0,8500,0,'''Seattle''',0,10500,0,'''Seattle''',0,9000,0,'''Seattle''',0,9500,0,'''Seattle''',0,9000,0,'''Seattle''',0,5000,0,'''Seattle''',0,9500,0,'''Seattle''',0,9500,0,'''Seattle''',0,9000,0,'''Seattle''',0,10500,0,'''Seattle''',0,8000,0,'''Seattle''',0,10000,0,'''Seattle''',0,8000,0,'''Seattle''',0,10000,0,'''Seattle''',0,13000,0,'''Seattle''',0,12500,0,'''Seattle''',0
'20240720',3709,52000,0,'''Seattle''',0,18500,0,'''Seattle''',0,5000,0,'''Seattle''',0,9000,0,'''Seattle''',0,10000,0,'''Seattle''',0,8000,0,'''Seattle''',0,11000,0,'''Seattle''',0,8500,0,'''Seattle''',0,10000,0,'''Seattle''',0,9000,0,'''Seattle''',0,9000,0,'''Seattle''',0,5500,0,'''Seattle''',0,8500,0,'''Seattle''',0,9500,0,'''Seattle''',0,9500,0,'''Seattle''',0,8500,0,'''Seattle''',0,9500,0,'''Seattle''',0,4500,0,'''Seattle''',0,9000,0,'''Seattle''',0,8500,0,'''Seattle''',0,17000,0,'''Seattle''',0,12500,0,'''Seattle''',0
'20240721',3709,52000,0,'''Seattle''',0,18500,0,'''Seattle''',0,14000,0,'''Seattle''',0,10000,0,'''Seattle''',0,8000,0,'''Seattle''',0,11000,0,'''Seattle''',0,8500,0,'''Seattle''',0,10000,0,'''Seattle''',0,9000,0,'''Seattle''',0,9000,0,'''Seattle''',0,5500,0,'''Seattle''',0,8500,0,'''Seattle''',0,9500,0,'''Seattle''',0,9500,0,'''Seattle''',0,8500,0,'''Seattle''',0,9500,0,'''Seattle''',0,4500,0,'''Seattle''',0,9000,0,'''Seattle''',0,8500,0,'''Seattle''',0,17000,0,'''Seattle''',0,12500,0,'''Seattle''',0
'20240722',3709,44500,0,'''Seattle''',0,7500,0,'''Seattle''',0,10000,0,'''Seattle''',0,8500,0,'''Seattle''',0,5000,0,'''Seattle''',0,9000,0,'''Seattle''',0,9500,0,'''Seattle''',0,8500,0,'''Seattle''',0,10500,0,'''Seattle''',0,9000,0,'''Seattle''',0,9500,0,'''Seattle''',0,9000,0,'''Seattle''',0,5000,0,'''Seattle''',0,9500,0,'''Seattle''',0,9500,0,'''Seattle''',0,9000,0,'''Seattle''',0,10500,0,'''Seattle''',0,8000,0,'''Seattle''',0,10000,0,'''Seattle''',0,8000,0,'''Seattle''',0,10000,0,'''Seattle''',0,13000,0,'''Seattle''',0,12500,0,'''Seattle''',0
'20240723',3709,44500,0,'''Seattle''',0,7500,0,'''Seattle''',0,10000,0,'''Seattle''',0,8500,0,'''Seattle''',0,5000,0,'''Seattle''',0,9000,0,'''Seattle''',0,9500,0,'''Seattle''',0,8500,0,'''Seattle''',0,10500,0,'''Seattle''',0,9000,0,'''Seattle''',0,9500,0,'''Seattle''',0,9000,0,'''Seattle''',0,5000,0,'''Seattle''',0,9500,0,'''Seattle''',0,9500,0,'''Seattle''',0,9000,0,'''Seattle''',0,10500,0,'''Seattle''',0,8000,0,'''Seattle''',0,10000,0,'''Seattle''',0,8000,0,'''Seattle''',0,10000,0,'''Seattle''',0,13000,0,'''Seattle''',0,12500,0,'''Seattle''',0
'20240724',3709,44500,0,'''Seattle''',0,7500,0,'''Seattle''',0,10000,0,'''Seattle''',0,8500,0,'''Seattle''',0,5000,0,'''Seattle''',0,9000,0,'''Seattle''',0,9500,0,'''Seattle''',0,8500,0,'''Seattle''',0,10500,0,'''Seattle''',0,9000,0,'''Seattle''',0,9500,0,'''Seattle''',0,9000,0,'''Seattle''',0,5000,0,'''Seattle''',0,9500,0,'''Seattle''',0,9500,0,'''Seattle''',0,9000,0,'''Seattle''',0,10500,0,'''Seattle''',0,8000,0,'''Seattle''',0,10000,0,'''Seattle''',0,8000,0,'''Seattle''',0,10000,0,'''Seattle''',0,13000,0,'''Seattle''',0,12500,0,'''Seattle''',0
'20240725',3709,44500,0,'''Seattle''',0,7500,0,'''Seattle''',0,10000,0,'''Seattle''',0,8500,0,'''Seattle''',0,5000,0,'''Seattle''',0,9000,0,'''Seattle''',0,9500,0,'''Seattle''',0,8500,0,'''Seattle''',0,10500,0,'''Seattle''',0,9000,0,'''Seattle''',0,9500,0,'''Seattle''',0,9000,0,'''Seattle''',0,5000,0,'''Seattle''',0,9500,0,'''Seattle''',0,9500,0,'''Seattle''',0,9000,0,'''Seattle''',0,10500,0,'''Seattle''',0,8000,0,'''Seattle''',0,10000,0,'''Seattle''',0,8000,0,'''Seattle''',0,10000,0,'''Seattle''',0,13000,0,'''Seattle''',0,12500,0,'''Seattle''',0
'20240726',3709,44500,0,'''Seattle''',0,7500,0,'''Seattle''',0,10000,0,'''Seattle''',0,8500,0,'''Seattle''',0,5000,0,'''Seattle''',0,9000,0,'''Seattle''',0,9500,0,'''Seattle''',0,8500,0,'''Seattle''',0,10500,0,'''Seattle''',0,9000,0,'''Seattle''',0,9500,0,'''Seattle''',0,9000,0,'''Seattle''',0,5000,0,'''Seattle''',0,9500,0,'''Seattle''',0,9500,0,'''Seattle''',0,9000,0,'''Seattle''',0,10500,0,'''Seattle''',0,8000,0,'''Seattle''',0,10000,0,'''Seattle''',0,8000,0,'''Seattle''',0,10000,0,'''Seattle''',0,13000,0,'''Seattle''',0,12500,0,'''Seattle''',0
'20240727',3709,52000,0,'''Seattle''',0,18500,0,'''Seattle''',0,5000,0,'''Seattle''',0,9000,0,'''Seattle''',0,10000,0,'''Seattle''',0,8000,0,'''Seattle''',0,11000,0,'''Seattle''',0,8500,0,'''Seattle''',0,10000,0,'''Seattle''',0,9000,0,'''Seattle''',0,9000,0,'''Seattle''',0,5500,0,'''Seattle''',0,8500,0,'''Seattle''',0,9500,0,'''Seattle''',0,9500,0,'''Seattle''',0,8500,0,'''Seattle''',0,9500,0,'''Seattle''',0,4500,0,'''Seattle''',0,9000,0,'''Seattle''',0,8500,0,'''Seattle''',0,17000,0,'''Seattle''',0,12500,0,'''Seattle''',0
'20240728',3709,52000,0,'''Seattle''',0,18500,0,'''Seattle''',0,14000,0,'''Seattle''',0,10000,0,'''Seattle''',0,8000,0,'''Seattle''',0,11000,0,'''Seattle''',0,8500,0,'''Seattle''',0,10000,0,'''Seattle''',0,9000,0,'''Seattle''',0,9000,0,'''Seattle''',0,5500,0,'''Seattle''',0,8500,0,'''Seattle''',0,9500,0,'''Seattle''',0,9500,0,'''Seattle''',0,8500,0,'''Seattle''',0,9500,0,'''Seattle''',0,4500,0,'''Seattle''',0,9000,0,'''Seattle''',0,8500,0,'''Seattle''',0,17000,0,'''Seattle''',0,12500,0,'''Seattle''',0
'20240604',7309,60500,4,'',0,4000,4,'',0,9500,4,'',0,9000,4,'',0,9000,4,'',0,9000,4,'',0,10500,4,'',0,8500,4,'',0,10000,4,'',0,4500,4,'',0,9500,4,'',0,9500,4,'',0,9000,4,'',0,9500,4,'',0,10000,4,'',0,8500,4,'',0,10000,4,'',0,4500,4,'',0,10500,4,'',0,8500,4,'',0,8500,4,'',0,12500,4,'',0,16000,4,'',0
'20240605',7309,60500,4,'',0,4000,4,'',0,9500,4,'',0,9000,4,'',0,9000,4,'',0,9000,4,'',0,10500,4,'',0,8500,4,'',0,10000,4,'',0,4500,4,'',0,9500,4,'',0,9500,4,'',0,9000,4,'',0,9500,4,'',0,10000,4,'',0,8500,4,'',0,10000,4,'',0,4500,4,'',0,10500,4,'',0,8500,4,'',0,8500,4,'',0,12500,4,'',0,16000,4,'',0
'20240606',7309,60500,4,'',0,4000,4,'',0,9500,4,'',0,9000,4,'',0,9000,4,'',0,9000,4,'',0,10500,4,'',0,8500,4,'',0,10000,4,'',0,4500,4,'',0,9500,4,'',0,9500,4,'',0,9000,4,'',0,9500,4,'',0,10000,4,'',0,8500,4,'',0,10000,4,'',0,4500,4,'',0,10500,4,'',0,8500,4,'',0,8500,4,'',0,12500,4,'',0,16000,4,'',0
'20240607',7309,60500,4,'',0,4000,4,'',0,9500,4,'',0,9000,4,'',0,9000,4,'',0,9000,4,'',0,10500,4,'',0,8500,4,'',0,10000,4,'',0,4500,4,'',0,9500,4,'',0,9500,4,'',0,9000,4,'',0,9500,4,'',0,10000,4,'',0,8500,4,'',0,10000,4,'',0,4500,4,'',0,10500,4,'',0,8500,4,'',0,8500,4,'',0,12500,4,'',0,16000,4,'',0
'20240608',7309,64500,4,'',0,18500,4,'',0,10000,4,'',0,8000,4,'',0,10500,4,'',0,8500,4,'',0,10500,4,'',0,4500,4,'',0,9500,4,'',0,9500,4,'',0,8500,4,'',0,9500,4,'',0,9000,4,'',0,9000,4,'',0,5500,4,'',0,9000,4,'',0,9000,4,'',0,8500,4,'',0,9500,4,'',0,3500,4,'',0,17000,4,'',0,12500,4,'',0
'20240609',7309,64500,4,'',0,18500,4,'',0,10000,4,'',0,8000,4,'',0,10500,4,'',0,8500,4,'',0,10500,4,'',0,4500,4,'',0,9500,4,'',0,9500,4,'',0,8500,4,'',0,9500,4,'',0,9000,4,'',0,9000,4,'',0,5500,4,'',0,9000,4,'',0,9000,4,'',0,8500,4,'',0,9500,4,'',0,3500,4,'',0,17000,4,'',0,12500,4,'',0
'20240610',7309,60500,4,'',0,4000,4,'',0,9500,4,'',0,9000,4,'',0,9000,4,'',0,9000,4,'',0,10500,4,'',0,8500,4,'',0,10000,4,'',0,4500,4,'',0,9500,4,'',0,9500,4,'',0,9000,4,'',0,9500,4,'',0,10000,4,'',0,8500,4,'',0,10000,4,'',0,4500,4,'',0,10500,4,'',0,8500,4,'',0,8500,4,'',0,12500,4,'',0,16000,4,'',0
'20240611',7309,60500,4,'',0,4000,4,'',0,9500,4,'',0,9000,4,'',0,9000,4,'',0,9000,4,'',0,10500,4,'',0,8500,4,'',0,10000,4,'',0,4500,4,'',0,9500,4,'',0,9500,4,'',0,9000,4,'',0,9500,4,'',0,10000,4,'',0,8500,4,'',0,10000,4,'',0,4500,4,'',0,10500,4,'',0,8500,4,'',0,8500,4,'',0,12500,4,'',0,16000,4,'',0
'20240612',7309,60500,4,'',0,4000,4,'',0,9500,4,'',0,9000,4,'',0,9000,4,'',0,9000,4,'',0,10500,4,'',0,8500,4,'',0,10000,4,'',0,4500,4,'',0,9500,4,'',0,9500,4,'',0,9000,4,'',0,9500,4,'',0,10000,4,'',0,8500,4,'',0,10000,4,'',0,4500,4,'',0,10500,4,'',0,8500,4,'',0,8500,4,'',0,12500,4,'',0,16000,4,'',0
'20240613',7309,60500,4,'',0,4000,4,'',0,9500,4,'',0,9000,4,'',0,9000,4,'',0,9000,4,'',0,10500,4,'',0,8500,4,'',0,10000,4,'',0,4500,4,'',0,9500,4,'',0,9500,4,'',0,9000,4,'',0,9500,4,'',0,10000,4,'',0,8500,4,'',0,10000,4,'',0,4500,4,'',0,10500,4,'',0,8500,4,'',0,8500,4,'',0,12500,4,'',0,16000,4,'',0
'20240614',7309,60500,4,'',0,4000,4,'',0,9500,4,'',0,9000,4,'',0,9000,4,'',0,9000,4,'',0,10500,4,'',0,8500,4,'',0,10000,4,'',0,4500,4,'',0,9500,4,'',0,9500,4,'',0,9000,4,'',0,9500,4,'',0,10000,4,'',0,8500,4,'',0,10000,4,'',0,4500,4,'',0,10500,4,'',0,8500,4,'',0,8500,4,'',0,12500,4,'',0,16000,4,'',0
'20240615',7309,64500,4,'',0,18500,4,'',0,10000,4,'',0,8000,4,'',0,10500,4,'',0,8500,4,'',0,10500,4,'',0,4500,4,'',0,9500,4,'',0,9500,4,'',0,8500,4,'',0,9500,4,'',0,9000,4,'',0,9000,4,'',0,5500,4,'',0,9000,4,'',0,9000,4,'',0,8500,4,'',0,9500,4,'',0,3500,4,'',0,17000,4,'',0,12500,4,'',0
'20240616',7309,64500,4,'',0,18500,4,'',0,10000,4,'',0,8000,4,'',0,10500,4,'',0,8500,4,'',0,10500,4,'',0,4500,4,'',0,9500,4,'',0,9500,4,'',0,8500,4,'',0,9500,4,'',0,9000,4,'',0,9000,4,'',0,5500,4,'',0,9000,4,'',0,9000,4,'',0,8500,4,'',0,9500,4,'',0,3500,4,'',0,17000,4,'',0,12500,4,'',0
'20240617',7309,60500,4,'',0,4000,4,'',0,9500,4,'',0,9000,4,'',0,9000,4,'',0,9000,4,'',0,10500,4,'',0,8500,4,'',0,10000,4,'',0,4500,4,'',0,9500,4,'',0,9500,4,'',0,9000,4,'',0,9500,4,'',0,10000,4,'',0,8500,4,'',0,10000,4,'',0,4500,4,'',0,10500,4,'',0,8500,4,'',0,8500,4,'',0,12500,4,'',0,16000,4,'',0
'20240618',7309,60500,4,'',0,4000,4,'',0,9500,4,'',0,9000,4,'',0,9000,4,'',0,9000,4,'',0,10500,4,'',0,8500,4,'',0,10000,4,'',0,4500,4,'',0,9500,4,'',0,9500,4,'',0,9000,4,'',0,9500,4,'',0,10000,4,'',0,8500,4,'',0,10000,4,'',0,4500,4,'',0,10500,4,'',0,8500,4,'',0,8500,4,'',0,12500,4,'',0,16000,4,'',0
'20240619',7309,60500,4,'',0,4000,4,'',0,9500,4,'',0,9000,4,'',0,9000,4,'',0,9000,4,'',0,10500,4,'',0,8500,4,'',0,10000,4,'',0,4500,4,'',0,9500,4,'',0,9500,4,'',0,9000,4,'',0,9500,4,'',0,10000,4,'',0,8500,4,'',0,10000,4,'',0,4500,4,'',0,10500,4,'',0,8500,4,'',0,8500,4,'',0,12500,4,'',0,16000,4,'',0
'20240620',7309,60500,4,'',0,4000,4,'',0,9500,4,'',0,9000,4,'',0,9000,4,'',0,9000,4,'',0,10500,4,'',0,8500,4,'',0,10000,4,'',0,4500,4,'',0,9500,4,'',0,9500,4,'',0,9000,4,'',0,9500,4,'',0,10000,4,'',0,8500,4,'',0,10000,4,'',0,4500,4,'',0,10500,4,'',0,8500,4,'',0,8500,4,'',0,12500,4,'',0,16000,4,'',0
'20240621',7309,60500,4,'',0,4000,4,'',0,9500,4,'',0,9000,4,'',0,9000,4,'',0,9000,4,'',0,10500,4,'',0,8500,4,'',0,10000,4,'',0,4500,4,'',0,9500,4,'',0,9500,4,'',0,9000,4,'',0,9500,4,'',0,10000,4,'',0,8500,4,'',0,10000,4,'',0,4500,4,'',0,10500,4,'',0,8500,4,'',0,8500,4,'',0,12500,4,'',0,16000,4,'',0
'20240622',7309,64500,4,'',0,18500,4,'',0,10000,4,'',0,8000,4,'',0,10500,4,'',0,8500,4,'',0,10500,4,'',0,4500,4,'',0,9500,4,'',0,9500,4,'',0,8500,4,'',0,9500,4,'',0,9000,4,'',0,9000,4,'',0,5500,4,'',0,9000,4,'',0,9000,4,'',0,8500,4,'',0,9500,4,'',0,3500,4,'',0,17000,4,'',0,12500,4,'',0
'20240623',7309,64500,4,'',0,18500,4,'',0,10000,4,'',0,8000,4,'',0,10500,4,'',0,8500,4,'',0,10500,4,'',0,4500,4,'',0,9500,4,'',0,9500,4,'',0,8500,4,'',0,9500,4,'',0,9000,4,'',0,9000,4,'',0,5500,4,'',0,9000,4,'',0,9000,4,'',0,8500,4,'',0,9500,4,'',0,3500,4,'',0,17000,4,'',0,12500,4,'',0
'20240624',7309,60500,4,'',0,4000,4,'',0,9500,4,'',0,9000,4,'',0,9000,4,'',0,9000,4,'',0,10500,4,'',0,8500,4,'',0,10000,4,'',0,4500,4,'',0,9500,4,'',0,9500,4,'',0,9000,4,'',0,9500,4,'',0,10000,4,'',0,8500,4,'',0,10000,4,'',0,4500,4,'',0,10500,4,'',0,8500,4,'',0,8500,4,'',0,12500,4,'',0,16000,4,'',0
'20240625',7309,60500,4,'',0,4000,4,'',0,9500,4,'',0,9000,4,'',0,9000,4,'',0,9000,4,'',0,10500,4,'',0,8500,4,'',0,10000,4,'',0,4500,4,'',0,9500,4,'',0,9500,4,'',0,9000,4,'',0,9500,4,'',0,10000,4,'',0,8500,4,'',0,10000,4,'',0,4500,4,'',0,10500,4,'',0,8500,4,'',0,8500,4,'',0,12500,4,'',0,16000,4,'',0
'20240626',7309,60500,4,'',0,4000,4,'',0,9500,4,'',0,9000,4,'',0,9000,4,'',0,9000,4,'',0,10500,4,'',0,8500,4,'',0,10000,4,'',0,4500,4,'',0,9500,4,'',0,9500,4,'',0,9000,4,'',0,9500,4,'',0,10000,4,'',0,8500,4,'',0,10000,4,'',0,4500,4,'',0,10500,4,'',0,8500,4,'',0,8500,4,'',0,12500,4,'',0,16000,4,'',0
'20240627',7309,60500,4,'',0,4000,4,'',0,9500,4,'',0,9000,4,'',0,9000,4,'',0,9000,4,'',0,10500,4,'',0,8500,4,'',0,10000,4,'',0,4500,4,'',0,9500,4,'',0,9500,4,'',0,9000,4,'',0,9500,4,'',0,10000,4,'',0,8500,4,'',0,10000,4,'',0,4500,4,'',0,10500,4,'',0,8500,4,'',0,8500,4,'',0,12500,4,'',0,16000,4,'',0
'20240628',7309,60500,4,'',0,4000,4,'',0,9500,4,'',0,9000,4,'',0,9000,4,'',0,9000,4,'',0,10500,4,'',0,8500,4,'',0,10000,4,'',0,4500,4,'',0,9500,4,'',0,9500,4,'',0,9000,4,'',0,9500,4,'',0,10000,4,'',0,8500,4,'',0,10000,4,'',0,4500,4,'',0,10500,4,'',0,8500,4,'',0,8500,4,'',0,12500,4,'',0,16000,4,'',0
'20240629',7309,64500,4,'',0,18500,4,'',0,10000,4,'',0,8000,4,'',0,10500,4,'',0,8500,4,'',0,10500,4,'',0,4500,4,'',0,9500,4,'',0,9500,4,'',0,8500,4,'',0,9500,4,'',0,9000,4,'',0,9000,4,'',0,5500,4,'',0,9000,4,'',0,9000,4,'',0,8500,4,'',0,9500,4,'',0,3500,4,'',0,17000,4,'',0,12500,4,'',0
'20240630',7309,64500,4,'',0,18500,4,'',0,10000,4,'',0,8000,4,'',0,10500,4,'',0,8500,4,'',0,10500,4,'',0,4500,4,'',0,9500,4,'',0,9500,4,'',0,8500,4,'',0,9500,4,'',0,9000,4,'',0,9000,4,'',0,5500,4,'',0,9000,4,'',0,9000,4,'',0,8500,4,'',0,9500,4,'',0,3500,4,'',0,17000,4,'',0,12500,4,'',0
'20240701',7309,60500,4,'',0,4000,4,'',0,9500,4,'',0,9000,4,'',0,9000,4,'',0,9000,4,'',0,10500,4,'',0,8500,4,'',0,10000,4,'',0,4500,4,'',0,9500,4,'',0,9500,4,'',0,9000,4,'',0,9500,4,'',0,10000,4,'',0,8500,4,'',0,10000,4,'',0,4500,4,'',0,10500,4,'',0,8500,4,'',0,8500,4,'',0,12500,4,'',0,16000,4,'',0
'20240702',7309,60500,4,'',0,4000,4,'',0,9500,4,'',0,9000,4,'',0,9000,4,'',0,9000,4,'',0,10500,4,'',0,8500,4,'',0,10000,4,'',0,4500,4,'',0,9500,4,'',0,9500,4,'',0,9000,4,'',0,9500,4,'',0,10000,4,'',0,8500,4,'',0,10000,4,'',0,4500,4,'',0,10500,4,'',0,8500,4,'',0,8500,4,'',0,12500,4,'',0,16000,4,'',0
'20240703',7309,60500,4,'',0,4000,4,'',0,9500,4,'',0,9000,4,'',0,9000,4,'',0,9000,4,'',0,10500,4,'',0,8500,4,'',0,10000,4,'',0,4500,4,'',0,9500,4,'',0,9500,4,'',0,9000,4,'',0,9500,4,'',0,10000,4,'',0,8500,4,'',0,10000,4,'',0,4500,4,'',0,10500,4,'',0,8500,4,'',0,8500,4,'',0,12500,4,'',0,16000,4,'',0
'20240704',7309,64500,4,'',0,18500,4,'',0,10000,4,'',0,8000,4,'',0,10500,4,'',0,8500,4,'',0,10500,4,'',0,4500,4,'',0,9500,4,'',0,9500,4,'',0,8500,4,'',0,9500,4,'',0,9000,4,'',0,9000,4,'',0,5500,4,'',0,9000,4,'',0,9000,4,'',0,8500,4,'',0,9500,4,'',0,3500,4,'',0,17000,4,'',0,12500,4,'',0
'20240705',7309,60500,4,'',0,4000,4,'',0,9500,4,'',0,9000,4,'',0,9000,4,'',0,9000,4,'',0,10500,4,'',0,8500,4,'',0,10000,4,'',0,4500,4,'',0,9500,4,'',0,9500,4,'',0,9000,4,'',0,9500,4,'',0,10000,4,'',0,8500,4,'',0,10000,4,'',0,4500,4,'',0,10500,4,'',0,8500,4,'',0,8500,4,'',0,12500,4,'',0,16000,4,'',0
'20240706',7309,64500,4,'',0,18500,4,'',0,10000,4,'',0,8000,4,'',0,10500,4,'',0,8500,4,'',0,10500,4,'',0,4500,4,'',0,9500,4,'',0,9500,4,'',0,8500,4,'',0,9500,4,'',0,9000,4,'',0,9000,4,'',0,5500,4,'',0,9000,4,'',0,9000,4,'',0,8500,4,'',0,9500,4,'',0,3500,4,'',0,17000,4,'',0,12500,4,'',0
'20240707',7309,64500,4,'',0,18500,4,'',0,10000,4,'',0,8000,4,'',0,10500,4,'',0,8500,4,'',0,10500,4,'',0,4500,4,'',0,9500,4,'',0,9500,4,'',0,8500,4,'',0,9500,4,'',0,9000,4,'',0,9000,4,'',0,5500,4,'',0,9000,4,'',0,9000,4,'',0,8500,4,'',0,9500,4,'',0,3500,4,'',0,17000,4,'',0,12500,4,'',0
'20240708',7309,60500,4,'',0,4000,4,'',0,9500,4,'',0,9000,4,'',0,9000,4,'',0,9000,4,'',0,10500,4,'',0,8500,4,'',0,10000,4,'',0,4500,4,'',0,9500,4,'',0,9500,4,'',0,9000,4,'',0,9500,4,'',0,10000,4,'',0,8500,4,'',0,10000,4,'',0,4500,4,'',0,10500,4,'',0,8500,4,'',0,8500,4,'',0,12500,4,'',0,16000,4,'',0
'20240709',7309,60500,4,'',0,4000,4,'',0,9500,4,'',0,9000,4,'',0,9000,4,'',0,9000,4,'',0,10500,4,'',0,8500,4,'',0,10000,4,'',0,4500,4,'',0,9500,4,'',0,9500,4,'',0,9000,4,'',0,9500,4,'',0,10000,4,'',0,8500,4,'',0,10000,4,'',0,4500,4,'',0,10500,4,'',0,8500,4,'',0,8500,4,'',0,12500,4,'',0,16000,4,'',0
'20240710',7309,60500,4,'',0,4000,4,'',0,9500,4,'',0,9000,4,'',0,9000,4,'',0,9000,4,'',0,10500,4,'',0,8500,4,'',0,10000,4,'',0,4500,4,'',0,9500,4,'',0,9500,4,'',0,9000,4,'',0,9500,4,'',0,10000,4,'',0,8500,4,'',0,10000,4,'',0,4500,4,'',0,10500,4,'',0,8500,4,'',0,8500,4,'',0,12500,4,'',0,16000,4,'',0
'20240711',7309,60500,4,'',0,4000,4,'',0,9500,4,'',0,9000,4,'',0,9000,4,'',0,9000,4,'',0,10500,4,'',0,8500,4,'',0,10000,4,'',0,4500,4,'',0,9500,4,'',0,9500,4,'',0,9000,4,'',0,9500,4,'',0,10000,4,'',0,8500,4,'',0,10000,4,'',0,4500,4,'',0,10500,4,'',0,8500,4,'',0,8500,4,'',0,12500,4,'',0,16000,4,'',0
'20240712',7309,60500,4,'',0,4000,4,'',0,9500,4,'',0,9000,4,'',0,9000,4,'',0,9000,4,'',0,10500,4,'',0,8500,4,'',0,10000,4,'',0,4500,4,'',0,9500,4,'',0,9500,4,'',0,9000,4,'',0,9500,4,'',0,10000,4,'',0,8500,4,'',0,10000,4,'',0,4500,4,'',0,10500,4,'',0,8500,4,'',0,8500,4,'',0,12500,4,'',0,16000,4,'',0
'20240713',7309,64500,4,'',0,18500,4,'',0,10000,4,'',0,8000,4,'',0,10500,4,'',0,8500,4,'',0,10500,4,'',0,4500,4,'',0,9500,4,'',0,9500,4,'',0,8500,4,'',0,9500,4,'',0,9000,4,'',0,9000,4,'',0,5500,4,'',0,9000,4,'',0,9000,4,'',0,8500,4,'',0,9500,4,'',0,3500,4,'',0,17000,4,'',0,12500,4,'',0
'20240714',7309,64500,4,'',0,18500,4,'',0,10000,4,'',0,8000,4,'',0,10500,4,'',0,8500,4,'',0,10500,4,'',0,4500,4,'',0,9500,4,'',0,9500,4,'',0,8500,4,'',0,9500,4,'',0,9000,4,'',0,9000,4,'',0,5500,4,'',0,9000,4,'',0,9000,4,'',0,8500,4,'',0,9500,4,'',0,3500,4,'',0,17000,4,'',0,12500,4,'',0
'20240715',7309,60500,4,'',0,4000,4,'',0,9500,4,'',0,9000,4,'',0,9000,4,'',0,9000,4,'',0,10500,4,'',0,8500,4,'',0,10000,4,'',0,4500,4,'',0,9500,4,'',0,9500,4,'',0,9000,4,'',0,9500,4,'',0,10000,4,'',0,8500,4,'',0,10000,4,'',0,4500,4,'',0,10500,4,'',0,8500,4,'',0,8500,4,'',0,12500,4,'',0,16000,4,'',0
'20240716',7309,60500,4,'',0,4000,4,'',0,9500,4,'',0,9000,4,'',0,9000,4,'',0,9000,4,'',0,10500,4,'',0,8500,4,'',0,10000,4,'',0,4500,4,'',0,9500,4,'',0,9500,4,'',0,9000,4,'',0,9500,4,'',0,10000,4,'',0,8500,4,'',0,10000,4,'',0,4500,4,'',0,10500,4,'',0,8500,4,'',0,8500,4,'',0,12500,4,'',0,16000,4,'',0
'20240717',7309,60500,4,'',0,4000,4,'',0,9500,4,'',0,9000,4,'',0,9000,4,'',0,9000,4,'',0,10500,4,'',0,8500,4,'',0,10000,4,'',0,4500,4,'',0,9500,4,'',0,9500,4,'',0,9000,4,'',0,9500,4,'',0,10000,4,'',0,8500,4,'',0,10000,4,'',0,4500,4,'',0,10500,4,'',0,8500,4,'',0,8500,4,'',0,12500,4,'',0,16000,4,'',0
'20240718',7309,60500,4,'',0,4000,4,'',0,9500,4,'',0,9000,4,'',0,9000,4,'',0,9000,4,'',0,10500,4,'',0,8500,4,'',0,10000,4,'',0,4500,4,'',0,9500,4,'',0,9500,4,'',0,9000,4,'',0,9500,4,'',0,10000,4,'',0,8500,4,'',0,10000,4,'',0,4500,4,'',0,10500,4,'',0,8500,4,'',0,8500,4,'',0,12500,4,'',0,16000,4,'',0
'20240719',7309,60500,4,'',0,4000,4,'',0,9500,4,'',0,9000,4,'',0,9000,4,'',0,9000,4,'',0,10500,4,'',0,8500,4,'',0,10000,4,'',0,4500,4,'',0,9500,4,'',0,9500,4,'',0,9000,4,'',0,9500,4,'',0,10000,4,'',0,8500,4,'',0,10000,4,'',0,4500,4,'',0,10500,4,'',0,8500,4,'',0,8500,4,'',0,12500,4,'',0,16000,4,'',0
'20240720',7309,64500,4,'',0,18500,4,'',0,10000,4,'',0,8000,4,'',0,10500,4,'',0,8500,4,'',0,10500,4,'',0,4500,4,'',0,9500,4,'',0,9500,4,'',0,8500,4,'',0,9500,4,'',0,9000,4,'',0,9000,4,'',0,5500,4,'',0,9000,4,'',0,9000,4,'',0,8500,4,'',0,9500,4,'',0,3500,4,'',0,17000,4,'',0,12500,4,'',0
'20240721',7309,64500,4,'',0,18500,4,'',0,10000,4,'',0,8000,4,'',0,10500,4,'',0,8500,4,'',0,10500,4,'',0,4500,4,'',0,9500,4,'',0,9500,4,'',0,8500,4,'',0,9500,4,'',0,9000,4,'',0,9000,4,'',0,5500,4,'',0,9000,4,'',0,9000,4,'',0,8500,4,'',0,9500,4,'',0,3500,4,'',0,17000,4,'',0,12500,4,'',0
'20240722',7309,60500,4,'',0,4000,4,'',0,9500,4,'',0,9000,4,'',0,9000,4,'',0,9000,4,'',0,10500,4,'',0,8500,4,'',0,10000,4,'',0,4500,4,'',0,9500,4,'',0,9500,4,'',0,9000,4,'',0,9500,4,'',0,10000,4,'',0,8500,4,'',0,10000,4,'',0,4500,4,'',0,10500,4,'',0,8500,4,'',0,8500,4,'',0,12500,4,'',0,16000,4,'',0
'20240723',7309,60500,4,'',0,4000,4,'',0,9500,4,'',0,9000,4,'',0,9000,4,'',0,9000,4,'',0,10500,4,'',0,8500,4,'',0,10000,4,'',0,4500,4,'',0,9500,4,'',0,9500,4,'',0,9000,4,'',0,9500,4,'',0,10000,4,'',0,8500,4,'',0,10000,4,'',0,4500,4,'',0,10500,4,'',0,8500,4,'',0,8500,4,'',0,12500,4,'',0,16000,4,'',0
'20240724',7309,60500,4,'',0,4000,4,'',0,9500,4,'',0,9000,4,'',0,9000,4,'',0,9000,4,'',0,10500,4,'',0,8500,4,'',0,10000,4,'',0,4500,4,'',0,9500,4,'',0,9500,4,'',0,9000,4,'',0,9500,4,'',0,10000,4,'',0,8500,4,'',0,10000,4,'',0,4500,4,'',0,10500,4,'',0,8500,4,'',0,8500,4,'',0,12500,4,'',0,16000,4,'',0
'20240725',7309,60500,4,'',0,4000,4,'',0,9500,4,'',0,9000,4,'',0,9000,4,'',0,9000,4,'',0,10500,4,'',0,8500,4,'',0,10000,4,'',0,4500,4,'',0,9500,4,'',0,9500,4,'',0,9000,4,'',0,9500,4,'',0,10000,4,'',0,8500,4,'',0,10000,4,'',0,4500,4,'',0,10500,4,'',0,8500,4,'',0,8500,4,'',0,12500,4,'',0,16000,4,'',0
'20240726',7309,60500,4,'',0,4000,4,'',0,9500,4,'',0,9000,4,'',0,9000,4,'',0,9000,4,'',0,10500,4,'',0,8500,4,'',0,10000,4,'',0,4500,4,'',0,9500,4,'',0,9500,4,'',0,9000,4,'',0,9500,4,'',0,10000,4,'',0,8500,4,'',0,10000,4,'',0,4500,4,'',0,10500,4,'',0,8500,4,'',0,8500,4,'',0,12500,4,'',0,16000,4,'',0
'20240727',7309,64500,4,'',0,18500,4,'',0,10000,4,'',0,8000,4,'',0,10500,4,'',0,8500,4,'',0,10500,4,'',0,4500,4,'',0,9500,4,'',0,9500,4,'',0,8500,4,'',0,9500,4,'',0,9000,4,'',0,9000,4,'',0,5500,4,'',0,9000,4,'',0,9000,4,'',0,8500,4,'',0,9500,4,'',0,3500,4,'',0,17000,4,'',0,12500,4,'',0
'20240728',7309,64500,4,'',0,18500,4,'',0,10000,4,'',0,8000,4,'',0,10500,4,'',0,8500,4,'',0,10500,4,'',0,4500,4,'',0,9500,4,'',0,9500,4,'',0,8500,4,'',0,9500,4,'',0,9000,4,'',0,9000,4,'',0,5500,4,'',0,9000,4,'',0,9000,4,'',0,8500,4,'',0,9500,4,'',0,3500,4,'',0,17000,4,'',0,12500,4,'',0
