'20240917',3709,52000,4,'',0,3500,4,'',0,10000,4,'',0,8500,4,'',0,9000,4,'',0,9000,4,'',0,9500,4,'',0,8500,4,'',0,10500,4,'',0,5000,4,'',0,9500,4,'',0,9000,4,'',0,9000,4,'',0,9500,4,'',0,9500,4,'',0,9000,4,'',0,10500,4,'',0,4000,4,'',0,10000,4,'',0,8000,4,'',0,10000,4,'',0,17000,4,'',0,12500,4,'',0
'20240918',3709,52000,4,'',0,3500,4,'',0,10000,4,'',0,8500,4,'',0,9000,4,'',0,9000,4,'',0,9500,4,'',0,8500,4,'',0,10500,4,'',0,5000,4,'',0,9500,4,'',0,9000,4,'',0,9000,4,'',0,9500,4,'',0,9500,4,'',0,9000,4,'',0,10500,4,'',0,4000,4,'',0,10000,4,'',0,8000,4,'',0,10000,4,'',0,17000,4,'',0,12500,4,'',0
'20240919',3709,52000,4,'',0,3500,4,'',0,10000,4,'',0,8500,4,'',0,9000,4,'',0,9000,4,'',0,9500,4,'',0,8500,4,'',0,10500,4,'',0,5000,4,'',0,9500,4,'',0,9000,4,'',0,9000,4,'',0,9500,4,'',0,9500,4,'',0,9000,4,'',0,10500,4,'',0,4000,4,'',0,10000,4,'',0,8000,4,'',0,10000,4,'',0,17000,4,'',0,12500,4,'',0
'20240920',3709,52000,4,'',0,3500,4,'',0,10000,4,'',0,8500,4,'',0,9000,4,'',0,9000,4,'',0,9500,4,'',0,8500,4,'',0,10500,4,'',0,5000,4,'',0,9500,4,'',0,9000,4,'',0,9000,4,'',0,9500,4,'',0,9500,4,'',0,9000,4,'',0,10500,4,'',0,4000,4,'',0,10000,4,'',0,8000,4,'',0,10000,4,'',0,17000,4,'',0,12500,4,'',0
'20240921',3709,55500,4,'',0,18500,4,'',0,9000,4,'',0,9000,4,'',0,10000,4,'',0,8000,4,'',0,11000,4,'',0,4500,4,'',0,10000,4,'',0,9000,4,'',0,9000,4,'',0,9500,4,'',0,8500,4,'',0,9500,4,'',0,9500,4,'',0,4500,4,'',0,9500,4,'',0,8500,4,'',0,9000,4,'',0,8500,4,'',0,13000,4,'',0,16500,4,'',0
'20240922',3709,55500,4,'',0,18500,4,'',0,18000,4,'',0,10000,4,'',0,8000,4,'',0,11000,4,'',0,4500,4,'',0,10000,4,'',0,9000,4,'',0,9000,4,'',0,9500,4,'',0,8500,4,'',0,9500,4,'',0,9500,4,'',0,4500,4,'',0,9500,4,'',0,8500,4,'',0,9000,4,'',0,8500,4,'',0,13000,4,'',0,16500,4,'',0
'20240923',3709,52000,4,'',0,3500,4,'',0,10000,4,'',0,8500,4,'',0,9000,4,'',0,9000,4,'',0,9500,4,'',0,8500,4,'',0,10500,4,'',0,5000,4,'',0,9500,4,'',0,9000,4,'',0,9000,4,'',0,9500,4,'',0,9500,4,'',0,9000,4,'',0,10500,4,'',0,4000,4,'',0,10000,4,'',0,8000,4,'',0,10000,4,'',0,17000,4,'',0,12500,4,'',0
'20240924',3709,52000,4,'',0,3500,4,'',0,10000,4,'',0,8500,4,'',0,9000,4,'',0,9000,4,'',0,9500,4,'',0,8500,4,'',0,10500,4,'',0,5000,4,'',0,9500,4,'',0,9000,4,'',0,9000,4,'',0,9500,4,'',0,9500,4,'',0,9000,4,'',0,10500,4,'',0,4000,4,'',0,10000,4,'',0,8000,4,'',0,10000,4,'',0,17000,4,'',0,12500,4,'',0
'20240925',3709,52000,4,'',0,3500,4,'',0,10000,4,'',0,8500,4,'',0,9000,4,'',0,9000,4,'',0,9500,4,'',0,8500,4,'',0,10500,4,'',0,5000,4,'',0,9500,4,'',0,9000,4,'',0,9000,4,'',0,9500,4,'',0,9500,4,'',0,9000,4,'',0,10500,4,'',0,4000,4,'',0,10000,4,'',0,8000,4,'',0,10000,4,'',0,17000,4,'',0,12500,4,'',0
'20240926',3709,52000,4,'',0,3500,4,'',0,10000,4,'',0,8500,4,'',0,9000,4,'',0,9000,4,'',0,9500,4,'',0,8500,4,'',0,10500,4,'',0,5000,4,'',0,9500,4,'',0,9000,4,'',0,9000,4,'',0,9500,4,'',0,9500,4,'',0,9000,4,'',0,10500,4,'',0,4000,4,'',0,10000,4,'',0,8000,4,'',0,10000,4,'',0,17000,4,'',0,12500,4,'',0
'20240927',3709,52000,4,'',0,3500,4,'',0,10000,4,'',0,8500,4,'',0,9000,4,'',0,9000,4,'',0,9500,4,'',0,8500,4,'',0,10500,4,'',0,5000,4,'',0,9500,4,'',0,9000,4,'',0,9000,4,'',0,9500,4,'',0,9500,4,'',0,9000,4,'',0,10500,4,'',0,4000,4,'',0,10000,4,'',0,8000,4,'',0,10000,4,'',0,17000,4,'',0,12500,4,'',0
'20240928',3709,55500,4,'',0,18500,4,'',0,9000,4,'',0,9000,4,'',0,10000,4,'',0,8000,4,'',0,11000,4,'',0,4500,4,'',0,10000,4,'',0,9000,4,'',0,9000,4,'',0,9500,4,'',0,8500,4,'',0,9500,4,'',0,9500,4,'',0,4500,4,'',0,9500,4,'',0,8500,4,'',0,9000,4,'',0,8500,4,'',0,13000,4,'',0,16500,4,'',0
'20240929',3709,55500,4,'',0,18500,4,'',0,18000,4,'',0,10000,4,'',0,8000,4,'',0,11000,4,'',0,4500,4,'',0,10000,4,'',0,9000,4,'',0,9000,4,'',0,9500,4,'',0,8500,4,'',0,9500,4,'',0,9500,4,'',0,4500,4,'',0,9500,4,'',0,8500,4,'',0,9000,4,'',0,8500,4,'',0,13000,4,'',0,16500,4,'',0
'20240930',3709,52000,4,'',0,3500,4,'',0,10000,4,'',0,8500,4,'',0,9000,4,'',0,9000,4,'',0,9500,4,'',0,8500,4,'',0,10500,4,'',0,5000,4,'',0,9500,4,'',0,9000,4,'',0,9000,4,'',0,9500,4,'',0,9500,4,'',0,9000,4,'',0,10500,4,'',0,4000,4,'',0,10000,4,'',0,8000,4,'',0,10000,4,'',0,17000,4,'',0,12500,4,'',0
'20241001',3709,52000,4,'',0,3500,4,'',0,10000,4,'',0,8500,4,'',0,9000,4,'',0,9000,4,'',0,9500,4,'',0,8500,4,'',0,10500,4,'',0,5000,4,'',0,9500,4,'',0,9000,4,'',0,9000,4,'',0,9500,4,'',0,9500,4,'',0,9000,4,'',0,10500,4,'',0,4000,4,'',0,10000,4,'',0,8000,4,'',0,10000,4,'',0,17000,4,'',0,12500,4,'',0
'20241002',3709,52000,4,'',0,3500,4,'',0,10000,4,'',0,8500,4,'',0,9000,4,'',0,9000,4,'',0,9500,4,'',0,8500,4,'',0,10500,4,'',0,5000,4,'',0,9500,4,'',0,9000,4,'',0,9000,4,'',0,9500,4,'',0,9500,4,'',0,9000,4,'',0,10500,4,'',0,4000,4,'',0,10000,4,'',0,8000,4,'',0,10000,4,'',0,17000,4,'',0,12500,4,'',0
'20241003',3709,52000,4,'',0,3500,4,'',0,10000,4,'',0,8500,4,'',0,9000,4,'',0,9000,4,'',0,9500,4,'',0,8500,4,'',0,10500,4,'',0,5000,4,'',0,9500,4,'',0,9000,4,'',0,9000,4,'',0,9500,4,'',0,9500,4,'',0,9000,4,'',0,10500,4,'',0,4000,4,'',0,10000,4,'',0,8000,4,'',0,10000,4,'',0,17000,4,'',0,12500,4,'',0
'20241004',3709,52000,4,'',0,3500,4,'',0,10000,4,'',0,8500,4,'',0,9000,4,'',0,9000,4,'',0,9500,4,'',0,8500,4,'',0,10500,4,'',0,5000,4,'',0,9500,4,'',0,9000,4,'',0,9000,4,'',0,9500,4,'',0,9500,4,'',0,9000,4,'',0,10500,4,'',0,4000,4,'',0,10000,4,'',0,8000,4,'',0,10000,4,'',0,17000,4,'',0,12500,4,'',0
'20241005',3709,55500,4,'',0,18500,4,'',0,9000,4,'',0,9000,4,'',0,10000,4,'',0,8000,4,'',0,11000,4,'',0,4500,4,'',0,10000,4,'',0,9000,4,'',0,9000,4,'',0,9500,4,'',0,8500,4,'',0,9500,4,'',0,9500,4,'',0,4500,4,'',0,9500,4,'',0,8500,4,'',0,9000,4,'',0,8500,4,'',0,13000,4,'',0,16500,4,'',0
'20241006',3709,55500,4,'',0,18500,4,'',0,18000,4,'',0,10000,4,'',0,8000,4,'',0,11000,4,'',0,4500,4,'',0,10000,4,'',0,9000,4,'',0,9000,4,'',0,9500,4,'',0,8500,4,'',0,9500,4,'',0,9500,4,'',0,4500,4,'',0,9500,4,'',0,8500,4,'',0,9000,4,'',0,8500,4,'',0,13000,4,'',0,16500,4,'',0
'20241007',3709,52000,4,'',0,3500,4,'',0,10000,4,'',0,8500,4,'',0,9000,4,'',0,9000,4,'',0,9500,4,'',0,8500,4,'',0,10500,4,'',0,5000,4,'',0,9500,4,'',0,9000,4,'',0,9000,4,'',0,9500,4,'',0,9500,4,'',0,9000,4,'',0,10500,4,'',0,4000,4,'',0,10000,4,'',0,8000,4,'',0,10000,4,'',0,17000,4,'',0,12500,4,'',0
'20241008',3709,52000,4,'',0,3500,4,'',0,10000,4,'',0,8500,4,'',0,9000,4,'',0,9000,4,'',0,9500,4,'',0,8500,4,'',0,10500,4,'',0,5000,4,'',0,9500,4,'',0,9000,4,'',0,9000,4,'',0,9500,4,'',0,9500,4,'',0,9000,4,'',0,10500,4,'',0,4000,4,'',0,10000,4,'',0,8000,4,'',0,10000,4,'',0,17000,4,'',0,12500,4,'',0
'20241009',3709,52000,4,'',0,3500,4,'',0,10000,4,'',0,8500,4,'',0,9000,4,'',0,9000,4,'',0,9500,4,'',0,8500,4,'',0,10500,4,'',0,5000,4,'',0,9500,4,'',0,9000,4,'',0,9000,4,'',0,9500,4,'',0,9500,4,'',0,9000,4,'',0,10500,4,'',0,4000,4,'',0,10000,4,'',0,8000,4,'',0,10000,4,'',0,17000,4,'',0,12500,4,'',0
'20241010',3709,52000,4,'',0,3500,4,'',0,10000,4,'',0,8500,4,'',0,9000,4,'',0,9000,4,'',0,9500,4,'',0,8500,4,'',0,10500,4,'',0,5000,4,'',0,9500,4,'',0,9000,4,'',0,9000,4,'',0,9500,4,'',0,9500,4,'',0,9000,4,'',0,10500,4,'',0,4000,4,'',0,10000,4,'',0,8000,4,'',0,10000,4,'',0,17000,4,'',0,12500,4,'',0
'20241011',3709,52000,4,'',0,3500,4,'',0,10000,4,'',0,8500,4,'',0,9000,4,'',0,9000,4,'',0,9500,4,'',0,8500,4,'',0,10500,4,'',0,5000,4,'',0,9500,4,'',0,9000,4,'',0,9000,4,'',0,9500,4,'',0,9500,4,'',0,9000,4,'',0,10500,4,'',0,4000,4,'',0,10000,4,'',0,8000,4,'',0,10000,4,'',0,17000,4,'',0,12500,4,'',0
'20241012',3709,55500,4,'',0,18500,4,'',0,9000,4,'',0,9000,4,'',0,10000,4,'',0,8000,4,'',0,11000,4,'',0,4500,4,'',0,10000,4,'',0,9000,4,'',0,9000,4,'',0,9500,4,'',0,8500,4,'',0,9500,4,'',0,9500,4,'',0,4500,4,'',0,9500,4,'',0,8500,4,'',0,9000,4,'',0,8500,4,'',0,13000,4,'',0,16500,4,'',0
'20241013',3709,55500,4,'',0,18500,4,'',0,18000,4,'',0,10000,4,'',0,8000,4,'',0,11000,4,'',0,4500,4,'',0,10000,4,'',0,9000,4,'',0,9000,4,'',0,9500,4,'',0,8500,4,'',0,9500,4,'',0,9500,4,'',0,4500,4,'',0,9500,4,'',0,8500,4,'',0,9000,4,'',0,8500,4,'',0,13000,4,'',0,16500,4,'',0
'20241014',3709,52000,4,'',0,3500,4,'',0,10000,4,'',0,8500,4,'',0,9000,4,'',0,9000,4,'',0,9500,4,'',0,8500,4,'',0,10500,4,'',0,5000,4,'',0,9500,4,'',0,9000,4,'',0,9000,4,'',0,9500,4,'',0,9500,4,'',0,9000,4,'',0,10500,4,'',0,4000,4,'',0,10000,4,'',0,8000,4,'',0,10000,4,'',0,17000,4,'',0,12500,4,'',0
'20241015',3709,52000,4,'',0,3500,4,'',0,10000,4,'',0,8500,4,'',0,9000,4,'',0,9000,4,'',0,9500,4,'',0,8500,4,'',0,10500,4,'',0,5000,4,'',0,9500,4,'',0,9000,4,'',0,9000,4,'',0,9500,4,'',0,9500,4,'',0,9000,4,'',0,10500,4,'',0,4000,4,'',0,10000,4,'',0,8000,4,'',0,10000,4,'',0,17000,4,'',0,12500,4,'',0
'20241016',3709,52000,4,'',0,3500,4,'',0,10000,4,'',0,8500,4,'',0,9000,4,'',0,9000,4,'',0,9500,4,'',0,8500,4,'',0,10500,4,'',0,5000,4,'',0,9500,4,'',0,9000,4,'',0,9000,4,'',0,9500,4,'',0,9500,4,'',0,9000,4,'',0,10500,4,'',0,4000,4,'',0,10000,4,'',0,8000,4,'',0,10000,4,'',0,17000,4,'',0,12500,4,'',0
'20241017',3709,52000,4,'',0,3500,4,'',0,10000,4,'',0,8500,4,'',0,9000,4,'',0,9000,4,'',0,9500,4,'',0,8500,4,'',0,10500,4,'',0,5000,4,'',0,9500,4,'',0,9000,4,'',0,9000,4,'',0,9500,4,'',0,9500,4,'',0,9000,4,'',0,10500,4,'',0,4000,4,'',0,10000,4,'',0,8000,4,'',0,10000,4,'',0,17000,4,'',0,12500,4,'',0
'20241018',3709,52000,4,'',0,3500,4,'',0,10000,4,'',0,8500,4,'',0,9000,4,'',0,9000,4,'',0,9500,4,'',0,8500,4,'',0,10500,4,'',0,5000,4,'',0,9500,4,'',0,9000,4,'',0,9000,4,'',0,9500,4,'',0,9500,4,'',0,9000,4,'',0,10500,4,'',0,4000,4,'',0,10000,4,'',0,8000,4,'',0,10000,4,'',0,17000,4,'',0,12500,4,'',0
'20241019',3709,55500,4,'',0,18500,4,'',0,9000,4,'',0,9000,4,'',0,10000,4,'',0,8000,4,'',0,11000,4,'',0,4500,4,'',0,10000,4,'',0,9000,4,'',0,9000,4,'',0,9500,4,'',0,8500,4,'',0,9500,4,'',0,9500,4,'',0,4500,4,'',0,9500,4,'',0,8500,4,'',0,9000,4,'',0,8500,4,'',0,13000,4,'',0,16500,4,'',0
'20241020',3709,55500,4,'',0,18500,4,'',0,18000,4,'',0,10000,4,'',0,8000,4,'',0,11000,4,'',0,4500,4,'',0,10000,4,'',0,9000,4,'',0,9000,4,'',0,9500,4,'',0,8500,4,'',0,9500,4,'',0,9500,4,'',0,4500,4,'',0,9500,4,'',0,8500,4,'',0,9000,4,'',0,8500,4,'',0,13000,4,'',0,16500,4,'',0
'20241021',3709,52000,4,'',0,3500,4,'',0,10000,4,'',0,8500,4,'',0,9000,4,'',0,9000,4,'',0,9500,4,'',0,8500,4,'',0,10500,4,'',0,5000,4,'',0,9500,4,'',0,9000,4,'',0,9000,4,'',0,9500,4,'',0,9500,4,'',0,9000,4,'',0,10500,4,'',0,4000,4,'',0,10000,4,'',0,8000,4,'',0,10000,4,'',0,17000,4,'',0,12500,4,'',0
'20241022',3709,52000,4,'',0,3500,4,'',0,10000,4,'',0,8500,4,'',0,9000,4,'',0,9000,4,'',0,9500,4,'',0,8500,4,'',0,10500,4,'',0,5000,4,'',0,9500,4,'',0,9000,4,'',0,9000,4,'',0,9500,4,'',0,9500,4,'',0,9000,4,'',0,10500,4,'',0,4000,4,'',0,10000,4,'',0,8000,4,'',0,10000,4,'',0,17000,4,'',0,12500,4,'',0
'20241023',3709,52000,4,'',0,3500,4,'',0,10000,4,'',0,8500,4,'',0,9000,4,'',0,9000,4,'',0,9500,4,'',0,8500,4,'',0,10500,4,'',0,5000,4,'',0,9500,4,'',0,9000,4,'',0,9000,4,'',0,9500,4,'',0,9500,4,'',0,9000,4,'',0,10500,4,'',0,4000,4,'',0,10000,4,'',0,8000,4,'',0,10000,4,'',0,17000,4,'',0,12500,4,'',0
'20241024',3709,52000,4,'',0,3500,4,'',0,10000,4,'',0,8500,4,'',0,9000,4,'',0,9000,4,'',0,9500,4,'',0,8500,4,'',0,10500,4,'',0,5000,4,'',0,9500,4,'',0,9000,4,'',0,9000,4,'',0,9500,4,'',0,9500,4,'',0,9000,4,'',0,10500,4,'',0,4000,4,'',0,10000,4,'',0,8000,4,'',0,10000,4,'',0,17000,4,'',0,12500,4,'',0
'20241025',3709,52000,4,'',0,3500,4,'',0,10000,4,'',0,8500,4,'',0,9000,4,'',0,9000,4,'',0,9500,4,'',0,8500,4,'',0,10500,4,'',0,5000,4,'',0,9500,4,'',0,9000,4,'',0,9000,4,'',0,9500,4,'',0,9500,4,'',0,9000,4,'',0,10500,4,'',0,4000,4,'',0,10000,4,'',0,8000,4,'',0,10000,4,'',0,17000,4,'',0,12500,4,'',0
'20241026',3709,55500,4,'',0,18500,4,'',0,9000,4,'',0,9000,4,'',0,10000,4,'',0,8000,4,'',0,11000,4,'',0,4500,4,'',0,10000,4,'',0,9000,4,'',0,9000,4,'',0,9500,4,'',0,8500,4,'',0,9500,4,'',0,9500,4,'',0,4500,4,'',0,9500,4,'',0,8500,4,'',0,9000,4,'',0,8500,4,'',0,13000,4,'',0,16500,4,'',0
'20241027',3709,55500,4,'',0,18500,4,'',0,18000,4,'',0,10000,4,'',0,8000,4,'',0,11000,4,'',0,4500,4,'',0,10000,4,'',0,9000,4,'',0,9000,4,'',0,9500,4,'',0,8500,4,'',0,9500,4,'',0,9500,4,'',0,4500,4,'',0,9500,4,'',0,8500,4,'',0,9000,4,'',0,8500,4,'',0,13000,4,'',0,16500,4,'',0
'20241028',3709,52000,4,'',0,3500,4,'',0,10000,4,'',0,8500,4,'',0,9000,4,'',0,9000,4,'',0,9500,4,'',0,8500,4,'',0,10500,4,'',0,5000,4,'',0,9500,4,'',0,9000,4,'',0,9000,4,'',0,9500,4,'',0,9500,4,'',0,9000,4,'',0,10500,4,'',0,4000,4,'',0,10000,4,'',0,8000,4,'',0,10000,4,'',0,17000,4,'',0,12500,4,'',0
'20241029',3709,52000,4,'',0,3500,4,'',0,10000,4,'',0,8500,4,'',0,9000,4,'',0,9000,4,'',0,9500,4,'',0,8500,4,'',0,10500,4,'',0,5000,4,'',0,9500,4,'',0,9000,4,'',0,9000,4,'',0,9500,4,'',0,9500,4,'',0,9000,4,'',0,10500,4,'',0,4000,4,'',0,10000,4,'',0,8000,4,'',0,10000,4,'',0,17000,4,'',0,12500,4,'',0
'20241030',3709,52000,4,'',0,3500,4,'',0,10000,4,'',0,8500,4,'',0,9000,4,'',0,9000,4,'',0,9500,4,'',0,8500,4,'',0,10500,4,'',0,5000,4,'',0,9500,4,'',0,9000,4,'',0,9000,4,'',0,9500,4,'',0,9500,4,'',0,9000,4,'',0,10500,4,'',0,4000,4,'',0,10000,4,'',0,8000,4,'',0,10000,4,'',0,17000,4,'',0,12500,4,'',0
'20241031',3709,52000,4,'',0,3500,4,'',0,10000,4,'',0,8500,4,'',0,9000,4,'',0,9000,4,'',0,9500,4,'',0,8500,4,'',0,10500,4,'',0,5000,4,'',0,9500,4,'',0,9000,4,'',0,9000,4,'',0,9500,4,'',0,9500,4,'',0,9000,4,'',0,10500,4,'',0,4000,4,'',0,10000,4,'',0,8000,4,'',0,10000,4,'',0,17000,4,'',0,12500,4,'',0
'20241101',3709,52000,4,'',0,3500,4,'',0,10000,4,'',0,8500,4,'',0,9000,4,'',0,9000,4,'',0,9500,4,'',0,8500,4,'',0,10500,4,'',0,5000,4,'',0,9500,4,'',0,9000,4,'',0,9000,4,'',0,9500,4,'',0,9500,4,'',0,9000,4,'',0,10500,4,'',0,4000,4,'',0,10000,4,'',0,8000,4,'',0,10000,4,'',0,17000,4,'',0,12500,4,'',0
'20241102',3709,55500,4,'',0,18500,4,'',0,9000,4,'',0,9000,4,'',0,10000,4,'',0,8000,4,'',0,11000,4,'',0,4500,4,'',0,10000,4,'',0,9000,4,'',0,9000,4,'',0,9500,4,'',0,8500,4,'',0,9500,4,'',0,9500,4,'',0,4500,4,'',0,9500,4,'',0,8500,4,'',0,9000,4,'',0,8500,4,'',0,13000,4,'',0,16500,4,'',0
'20241103',3709,55500,4,'',0,18500,4,'',0,18000,4,'',0,10000,4,'',0,8000,4,'',0,11000,4,'',0,4500,4,'',0,10000,4,'',0,9000,4,'',0,9000,4,'',0,9500,4,'',0,8500,4,'',0,9500,4,'',0,9500,4,'',0,4500,4,'',0,9500,4,'',0,8500,4,'',0,9000,4,'',0,8500,4,'',0,13000,4,'',0,16500,4,'',0
'20241104',3709,52000,4,'',0,3500,4,'',0,10000,4,'',0,8500,4,'',0,9000,4,'',0,9000,4,'',0,9500,4,'',0,8500,4,'',0,10500,4,'',0,5000,4,'',0,9500,4,'',0,9000,4,'',0,9000,4,'',0,9500,4,'',0,9500,4,'',0,9000,4,'',0,10500,4,'',0,4000,4,'',0,10000,4,'',0,8000,4,'',0,10000,4,'',0,17000,4,'',0,12500,4,'',0
'20241105',3709,52000,4,'',0,3500,4,'',0,10000,4,'',0,8500,4,'',0,9000,4,'',0,9000,4,'',0,9500,4,'',0,8500,4,'',0,10500,4,'',0,5000,4,'',0,9500,4,'',0,9000,4,'',0,9000,4,'',0,9500,4,'',0,9500,4,'',0,9000,4,'',0,10500,4,'',0,4000,4,'',0,10000,4,'',0,8000,4,'',0,10000,4,'',0,17000,4,'',0,12500,4,'',0
'20241106',3709,52000,4,'',0,3500,4,'',0,10000,4,'',0,8500,4,'',0,9000,4,'',0,9000,4,'',0,9500,4,'',0,8500,4,'',0,10500,4,'',0,5000,4,'',0,9500,4,'',0,9000,4,'',0,9000,4,'',0,9500,4,'',0,9500,4,'',0,9000,4,'',0,10500,4,'',0,4000,4,'',0,10000,4,'',0,8000,4,'',0,10000,4,'',0,17000,4,'',0,12500,4,'',0
'20241107',3709,52000,4,'',0,3500,4,'',0,10000,4,'',0,8500,4,'',0,9000,4,'',0,9000,4,'',0,9500,4,'',0,8500,4,'',0,10500,4,'',0,5000,4,'',0,9500,4,'',0,9000,4,'',0,9000,4,'',0,9500,4,'',0,9500,4,'',0,9000,4,'',0,10500,4,'',0,4000,4,'',0,10000,4,'',0,8000,4,'',0,10000,4,'',0,17000,4,'',0,12500,4,'',0
'20241108',3709,52000,4,'',0,3500,4,'',0,10000,4,'',0,8500,4,'',0,9000,4,'',0,9000,4,'',0,9500,4,'',0,8500,4,'',0,10500,4,'',0,5000,4,'',0,9500,4,'',0,9000,4,'',0,9000,4,'',0,9500,4,'',0,9500,4,'',0,9000,4,'',0,10500,4,'',0,4000,4,'',0,10000,4,'',0,8000,4,'',0,10000,4,'',0,17000,4,'',0,12500,4,'',0
'20241109',3709,55500,4,'',0,18500,4,'',0,9000,4,'',0,9000,4,'',0,10000,4,'',0,8000,4,'',0,11000,4,'',0,4500,4,'',0,10000,4,'',0,9000,4,'',0,9000,4,'',0,9500,4,'',0,8500,4,'',0,9500,4,'',0,9500,4,'',0,4500,4,'',0,9500,4,'',0,8500,4,'',0,9000,4,'',0,8500,4,'',0,13000,4,'',0,16500,4,'',0
'20241110',3709,55500,4,'',0,18500,4,'',0,18000,4,'',0,10000,4,'',0,8000,4,'',0,11000,4,'',0,4500,4,'',0,10000,4,'',0,9000,4,'',0,9000,4,'',0,9500,4,'',0,8500,4,'',0,9500,4,'',0,9500,4,'',0,4500,4,'',0,9500,4,'',0,8500,4,'',0,9000,4,'',0,8500,4,'',0,13000,4,'',0,16500,4,'',0
'20240917',4709,72000,4,'',0,22500,4,'',0,26500,4,'',0,22000,4,'',0,28500,4,'',0,22500,4,'',0,26000,4,'',0,24000,4,'',0
'20240918',4709,72000,4,'',0,22500,4,'',0,26500,4,'',0,22000,4,'',0,28500,4,'',0,22500,4,'',0,26000,4,'',0,24000,4,'',0
'20240919',4709,72000,4,'',0,22500,4,'',0,26500,4,'',0,22000,4,'',0,28500,4,'',0,22500,4,'',0,26000,4,'',0,24000,4,'',0
'20240920',4709,72000,4,'',0,22500,4,'',0,26500,4,'',0,22000,4,'',0,28500,4,'',0,22500,4,'',0,26000,4,'',0,24000,4,'',0
'20240921',4709,72000,4,'',0,22500,4,'',0,26500,4,'',0,22000,4,'',0,28500,4,'',0,22500,4,'',0,26000,4,'',0,24000,4,'',0
'20240922',4709,72000,4,'',0,22500,4,'',0,26500,4,'',0,22000,4,'',0,28500,4,'',0,22500,4,'',0,26000,4,'',0,24000,4,'',0
'20240923',4709,72000,4,'',0,22500,4,'',0,26500,4,'',0,22000,4,'',0,28500,4,'',0,22500,4,'',0,26000,4,'',0,24000,4,'',0
'20240924',4709,72000,4,'',0,22500,4,'',0,26500,4,'',0,22000,4,'',0,28500,4,'',0,22500,4,'',0,26000,4,'',0,24000,4,'',0
'20240925',4709,72000,4,'',0,22500,4,'',0,26500,4,'',0,22000,4,'',0,28500,4,'',0,22500,4,'',0,26000,4,'',0,24000,4,'',0
'20240926',4709,72000,4,'',0,22500,4,'',0,26500,4,'',0,22000,4,'',0,28500,4,'',0,22500,4,'',0,26000,4,'',0,24000,4,'',0
'20240927',4709,72000,4,'',0,22500,4,'',0,26500,4,'',0,22000,4,'',0,28500,4,'',0,22500,4,'',0,26000,4,'',0,24000,4,'',0
'20240928',4709,72000,4,'',0,22500,4,'',0,26500,4,'',0,22000,4,'',0,28500,4,'',0,22500,4,'',0,26000,4,'',0,24000,4,'',0
'20240929',4709,72000,4,'',0,22500,4,'',0,26500,4,'',0,22000,4,'',0,28500,4,'',0,22500,4,'',0,26000,4,'',0,24000,4,'',0
'20240930',4709,72000,4,'',0,22500,4,'',0,26500,4,'',0,22000,4,'',0,28500,4,'',0,22500,4,'',0,26000,4,'',0,24000,4,'',0
'20241001',4709,72000,4,'',0,22500,4,'',0,26500,4,'',0,22000,4,'',0,28500,4,'',0,22500,4,'',0,26000,4,'',0,24000,4,'',0
'20241002',4709,72000,4,'',0,22500,4,'',0,26500,4,'',0,22000,4,'',0,28500,4,'',0,22500,4,'',0,26000,4,'',0,24000,4,'',0
'20241003',4709,72000,4,'',0,22500,4,'',0,26500,4,'',0,22000,4,'',0,28500,4,'',0,22500,4,'',0,26000,4,'',0,24000,4,'',0
'20241004',4709,72000,4,'',0,22500,4,'',0,26500,4,'',0,22000,4,'',0,28500,4,'',0,22500,4,'',0,26000,4,'',0,24000,4,'',0
'20241005',4709,72000,4,'',0,22500,4,'',0,26500,4,'',0,22000,4,'',0,28500,4,'',0,22500,4,'',0,26000,4,'',0,24000,4,'',0
'20241006',4709,72000,4,'',0,22500,4,'',0,26500,4,'',0,22000,4,'',0,28500,4,'',0,22500,4,'',0,26000,4,'',0,24000,4,'',0
'20241007',4709,72000,4,'',0,22500,4,'',0,26500,4,'',0,22000,4,'',0,28500,4,'',0,22500,4,'',0,26000,4,'',0,24000,4,'',0
'20241008',4709,72000,4,'',0,22500,4,'',0,26500,4,'',0,22000,4,'',0,28500,4,'',0,22500,4,'',0,26000,4,'',0,24000,4,'',0
'20241009',4709,72000,4,'',0,22500,4,'',0,26500,4,'',0,22000,4,'',0,28500,4,'',0,22500,4,'',0,26000,4,'',0,24000,4,'',0
'20241010',4709,72000,4,'',0,22500,4,'',0,26500,4,'',0,22000,4,'',0,28500,4,'',0,22500,4,'',0,26000,4,'',0,24000,4,'',0
'20241011',4709,72000,4,'',0,22500,4,'',0,26500,4,'',0,22000,4,'',0,28500,4,'',0,22500,4,'',0,26000,4,'',0,24000,4,'',0
'20241012',4709,72000,4,'',0,22500,4,'',0,26500,4,'',0,22000,4,'',0,28500,4,'',0,22500,4,'',0,26000,4,'',0,24000,4,'',0
'20241013',4709,72000,4,'',0,22500,4,'',0,26500,4,'',0,22000,4,'',0,28500,4,'',0,22500,4,'',0,26000,4,'',0,24000,4,'',0
'20241014',4709,72000,4,'',0,22500,4,'',0,26500,4,'',0,22000,4,'',0,28500,4,'',0,22500,4,'',0,26000,4,'',0,24000,4,'',0
'20241015',4709,72000,4,'',0,22500,4,'',0,26500,4,'',0,22000,4,'',0,28500,4,'',0,22500,4,'',0,26000,4,'',0,24000,4,'',0
'20241016',4709,72000,4,'',0,22500,4,'',0,26500,4,'',0,22000,4,'',0,28500,4,'',0,22500,4,'',0,26000,4,'',0,24000,4,'',0
'20241017',4709,72000,4,'',0,22500,4,'',0,26500,4,'',0,22000,4,'',0,28500,4,'',0,22500,4,'',0,26000,4,'',0,24000,4,'',0
'20241018',4709,72000,4,'',0,22500,4,'',0,26500,4,'',0,22000,4,'',0,28500,4,'',0,22500,4,'',0,26000,4,'',0,24000,4,'',0
'20241019',4709,72000,4,'',0,22500,4,'',0,26500,4,'',0,22000,4,'',0,28500,4,'',0,22500,4,'',0,26000,4,'',0,24000,4,'',0
'20241020',4709,72000,4,'',0,22500,4,'',0,26500,4,'',0,22000,4,'',0,28500,4,'',0,22500,4,'',0,26000,4,'',0,24000,4,'',0
'20241021',4709,72000,4,'',0,22500,4,'',0,26500,4,'',0,22000,4,'',0,28500,4,'',0,22500,4,'',0,26000,4,'',0,24000,4,'',0
'20241022',4709,72000,4,'',0,22500,4,'',0,26500,4,'',0,22000,4,'',0,28500,4,'',0,22500,4,'',0,26000,4,'',0,24000,4,'',0
'20241023',4709,72000,4,'',0,22500,4,'',0,26500,4,'',0,22000,4,'',0,28500,4,'',0,22500,4,'',0,26000,4,'',0,24000,4,'',0
'20241024',4709,72000,4,'',0,22500,4,'',0,26500,4,'',0,22000,4,'',0,28500,4,'',0,22500,4,'',0,26000,4,'',0,24000,4,'',0
'20241025',4709,72000,4,'',0,22500,4,'',0,26500,4,'',0,22000,4,'',0,28500,4,'',0,22500,4,'',0,26000,4,'',0,24000,4,'',0
'20241026',4709,72000,4,'',0,22500,4,'',0,26500,4,'',0,22000,4,'',0,28500,4,'',0,22500,4,'',0,26000,4,'',0,24000,4,'',0
'20241027',4709,72000,4,'',0,22500,4,'',0,26500,4,'',0,22000,4,'',0,28500,4,'',0,22500,4,'',0,26000,4,'',0,24000,4,'',0
'20241028',4709,72000,4,'',0,22500,4,'',0,26500,4,'',0,22000,4,'',0,28500,4,'',0,22500,4,'',0,26000,4,'',0,24000,4,'',0
'20241029',4709,72000,4,'',0,22500,4,'',0,26500,4,'',0,22000,4,'',0,28500,4,'',0,22500,4,'',0,26000,4,'',0,24000,4,'',0
'20241030',4709,72000,4,'',0,22500,4,'',0,26500,4,'',0,22000,4,'',0,28500,4,'',0,22500,4,'',0,26000,4,'',0,24000,4,'',0
'20241031',4709,72000,4,'',0,22500,4,'',0,26500,4,'',0,22000,4,'',0,28500,4,'',0,22500,4,'',0,26000,4,'',0,24000,4,'',0
'20241101',4709,72000,4,'',0,22500,4,'',0,26500,4,'',0,22000,4,'',0,28500,4,'',0,22500,4,'',0,26000,4,'',0,24000,4,'',0
'20241102',4709,72000,4,'',0,22500,4,'',0,26500,4,'',0,22000,4,'',0,28500,4,'',0,22500,4,'',0,26000,4,'',0,24000,4,'',0
'20241103',4709,72000,4,'',0,22500,4,'',0,26500,4,'',0,22000,4,'',0,28500,4,'',0,22500,4,'',0,26000,4,'',0,24000,4,'',0
'20241104',4709,72000,4,'',0,22500,4,'',0,26500,4,'',0,22000,4,'',0,28500,4,'',0,22500,4,'',0,26000,4,'',0,24000,4,'',0
'20241105',4709,72000,4,'',0,22500,4,'',0,26500,4,'',0,22000,4,'',0,28500,4,'',0,22500,4,'',0,26000,4,'',0,24000,4,'',0
'20241106',4709,72000,4,'',0,22500,4,'',0,26500,4,'',0,22000,4,'',0,28500,4,'',0,22500,4,'',0,26000,4,'',0,24000,4,'',0
'20241107',4709,72000,4,'',0,22500,4,'',0,26500,4,'',0,22000,4,'',0,28500,4,'',0,22500,4,'',0,26000,4,'',0,24000,4,'',0
'20241108',4709,72000,4,'',0,22500,4,'',0,26500,4,'',0,22000,4,'',0,28500,4,'',0,22500,4,'',0,26000,4,'',0,24000,4,'',0
'20241109',4709,72000,4,'',0,22500,4,'',0,26500,4,'',0,22000,4,'',0,28500,4,'',0,22500,4,'',0,26000,4,'',0,24000,4,'',0
'20241110',4709,72000,4,'',0,22500,4,'',0,26500,4,'',0,22000,4,'',0,28500,4,'',0,22500,4,'',0,26000,4,'',0,24000,4,'',0
'20240917',7309,53000,,'',0,8000,,'',0,9500,,'',0,5000,,'',0,9000,,'',0,9000,,'',0,10500,,'',0,8500,,'',0,10000,,'',0,8500,,'',0,9500,,'',0,9500,,'',0,5000,,'',0,9500,,'',0,10000,,'',0,8500,,'',0,10000,,'',0,8500,,'',0,10500,,'',0,8500,,'',0,4500,,'',0,16500,,'',0,12000,,'',0
'20240918',7309,53000,,'',0,8000,,'',0,9500,,'',0,5000,,'',0,9000,,'',0,9000,,'',0,10500,,'',0,8500,,'',0,10000,,'',0,8500,,'',0,9500,,'',0,9500,,'',0,5000,,'',0,9500,,'',0,10000,,'',0,8500,,'',0,10000,,'',0,8500,,'',0,10500,,'',0,8500,,'',0,4500,,'',0,16500,,'',0,12000,,'',0
'20240919',7309,53000,,'',0,8000,,'',0,9500,,'',0,5000,,'',0,9000,,'',0,9000,,'',0,10500,,'',0,8500,,'',0,10000,,'',0,8500,,'',0,9500,,'',0,9500,,'',0,5000,,'',0,9500,,'',0,10000,,'',0,8500,,'',0,10000,,'',0,8500,,'',0,10500,,'',0,8500,,'',0,4500,,'',0,16500,,'',0,12000,,'',0
'20240920',7309,53000,,'',0,8000,,'',0,9500,,'',0,5000,,'',0,9000,,'',0,9000,,'',0,10500,,'',0,8500,,'',0,10000,,'',0,8500,,'',0,9500,,'',0,9500,,'',0,5000,,'',0,9500,,'',0,10000,,'',0,8500,,'',0,10000,,'',0,8500,,'',0,10500,,'',0,8500,,'',0,4500,,'',0,16500,,'',0,12000,,'',0
'20240921',7309,61000,,'',0,14500,,'',0,10000,,'',0,8000,,'',0,10500,,'',0,8500,,'',0,10500,,'',0,8500,,'',0,9500,,'',0,9500,,'',0,4500,,'',0,9500,,'',0,9000,,'',0,9000,,'',0,9500,,'',0,9000,,'',0,9000,,'',0,4500,,'',0,9500,,'',0,7500,,'',0,13000,,'',0,16500,,'',0
'20240922',7309,61000,,'',0,14500,,'',0,10000,,'',0,8000,,'',0,10500,,'',0,8500,,'',0,10500,,'',0,8500,,'',0,9500,,'',0,9500,,'',0,4500,,'',0,9500,,'',0,9000,,'',0,9000,,'',0,9500,,'',0,9000,,'',0,9000,,'',0,4500,,'',0,9500,,'',0,7500,,'',0,13000,,'',0,16500,,'',0
'20240923',7309,53000,,'',0,8000,,'',0,9500,,'',0,5000,,'',0,9000,,'',0,9000,,'',0,10500,,'',0,8500,,'',0,10000,,'',0,8500,,'',0,9500,,'',0,9500,,'',0,5000,,'',0,9500,,'',0,10000,,'',0,8500,,'',0,10000,,'',0,8500,,'',0,10500,,'',0,8500,,'',0,4500,,'',0,16500,,'',0,12000,,'',0
'20240924',7309,53000,,'',0,8000,,'',0,9500,,'',0,5000,,'',0,9000,,'',0,9000,,'',0,10500,,'',0,8500,,'',0,10000,,'',0,8500,,'',0,9500,,'',0,9500,,'',0,5000,,'',0,9500,,'',0,10000,,'',0,8500,,'',0,10000,,'',0,8500,,'',0,10500,,'',0,8500,,'',0,4500,,'',0,16500,,'',0,12000,,'',0
'20240925',7309,53000,,'',0,8000,,'',0,9500,,'',0,5000,,'',0,9000,,'',0,9000,,'',0,10500,,'',0,8500,,'',0,10000,,'',0,8500,,'',0,9500,,'',0,9500,,'',0,5000,,'',0,9500,,'',0,10000,,'',0,8500,,'',0,10000,,'',0,8500,,'',0,10500,,'',0,8500,,'',0,4500,,'',0,16500,,'',0,12000,,'',0
'20240926',7309,53000,,'',0,8000,,'',0,9500,,'',0,5000,,'',0,9000,,'',0,9000,,'',0,10500,,'',0,8500,,'',0,10000,,'',0,8500,,'',0,9500,,'',0,9500,,'',0,5000,,'',0,9500,,'',0,10000,,'',0,8500,,'',0,10000,,'',0,8500,,'',0,10500,,'',0,8500,,'',0,4500,,'',0,16500,,'',0,12000,,'',0
'20240927',7309,53000,,'',0,8000,,'',0,9500,,'',0,5000,,'',0,9000,,'',0,9000,,'',0,10500,,'',0,8500,,'',0,10000,,'',0,8500,,'',0,9500,,'',0,9500,,'',0,5000,,'',0,9500,,'',0,10000,,'',0,8500,,'',0,10000,,'',0,8500,,'',0,10500,,'',0,8500,,'',0,4500,,'',0,16500,,'',0,12000,,'',0
'20240928',7309,61000,,'',0,14500,,'',0,10000,,'',0,8000,,'',0,10500,,'',0,8500,,'',0,10500,,'',0,8500,,'',0,9500,,'',0,9500,,'',0,4500,,'',0,9500,,'',0,9000,,'',0,9000,,'',0,9500,,'',0,9000,,'',0,9000,,'',0,4500,,'',0,9500,,'',0,7500,,'',0,13000,,'',0,16500,,'',0
'20240929',7309,61000,,'',0,14500,,'',0,10000,,'',0,8000,,'',0,10500,,'',0,8500,,'',0,10500,,'',0,8500,,'',0,9500,,'',0,9500,,'',0,4500,,'',0,9500,,'',0,9000,,'',0,9000,,'',0,9500,,'',0,9000,,'',0,9000,,'',0,4500,,'',0,9500,,'',0,7500,,'',0,13000,,'',0,16500,,'',0
'20240930',7309,53000,,'',0,8000,,'',0,9500,,'',0,5000,,'',0,9000,,'',0,9000,,'',0,10500,,'',0,8500,,'',0,10000,,'',0,8500,,'',0,9500,,'',0,9500,,'',0,5000,,'',0,9500,,'',0,10000,,'',0,8500,,'',0,10000,,'',0,8500,,'',0,10500,,'',0,8500,,'',0,4500,,'',0,16500,,'',0,12000,,'',0
'20241001',7309,53000,,'',0,8000,,'',0,9500,,'',0,5000,,'',0,9000,,'',0,9000,,'',0,10500,,'',0,8500,,'',0,10000,,'',0,8500,,'',0,9500,,'',0,9500,,'',0,5000,,'',0,9500,,'',0,10000,,'',0,8500,,'',0,10000,,'',0,8500,,'',0,10500,,'',0,8500,,'',0,4500,,'',0,16500,,'',0,12000,,'',0
'20241002',7309,53000,,'',0,8000,,'',0,9500,,'',0,5000,,'',0,9000,,'',0,9000,,'',0,10500,,'',0,8500,,'',0,10000,,'',0,8500,,'',0,9500,,'',0,9500,,'',0,5000,,'',0,9500,,'',0,10000,,'',0,8500,,'',0,10000,,'',0,8500,,'',0,10500,,'',0,8500,,'',0,4500,,'',0,16500,,'',0,12000,,'',0
'20241003',7309,53000,,'',0,8000,,'',0,9500,,'',0,5000,,'',0,9000,,'',0,9000,,'',0,10500,,'',0,8500,,'',0,10000,,'',0,8500,,'',0,9500,,'',0,9500,,'',0,5000,,'',0,9500,,'',0,10000,,'',0,8500,,'',0,10000,,'',0,8500,,'',0,10500,,'',0,8500,,'',0,4500,,'',0,16500,,'',0,12000,,'',0
'20241004',7309,53000,,'',0,8000,,'',0,9500,,'',0,5000,,'',0,9000,,'',0,9000,,'',0,10500,,'',0,8500,,'',0,10000,,'',0,8500,,'',0,9500,,'',0,9500,,'',0,5000,,'',0,9500,,'',0,10000,,'',0,8500,,'',0,10000,,'',0,8500,,'',0,10500,,'',0,8500,,'',0,4500,,'',0,16500,,'',0,12000,,'',0
'20241005',7309,61000,,'',0,14500,,'',0,10000,,'',0,8000,,'',0,10500,,'',0,8500,,'',0,10500,,'',0,8500,,'',0,9500,,'',0,9500,,'',0,4500,,'',0,9500,,'',0,9000,,'',0,9000,,'',0,9500,,'',0,9000,,'',0,9000,,'',0,4500,,'',0,9500,,'',0,7500,,'',0,13000,,'',0,16500,,'',0
'20241006',7309,61000,,'',0,14500,,'',0,10000,,'',0,8000,,'',0,10500,,'',0,8500,,'',0,10500,,'',0,8500,,'',0,9500,,'',0,9500,,'',0,4500,,'',0,9500,,'',0,9000,,'',0,9000,,'',0,9500,,'',0,9000,,'',0,9000,,'',0,4500,,'',0,9500,,'',0,7500,,'',0,13000,,'',0,16500,,'',0
'20241007',7309,53000,,'',0,8000,,'',0,9500,,'',0,5000,,'',0,9000,,'',0,9000,,'',0,10500,,'',0,8500,,'',0,10000,,'',0,8500,,'',0,9500,,'',0,9500,,'',0,5000,,'',0,9500,,'',0,10000,,'',0,8500,,'',0,10000,,'',0,8500,,'',0,10500,,'',0,8500,,'',0,4500,,'',0,16500,,'',0,12000,,'',0
'20241008',7309,53000,,'',0,8000,,'',0,9500,,'',0,5000,,'',0,9000,,'',0,9000,,'',0,10500,,'',0,8500,,'',0,10000,,'',0,8500,,'',0,9500,,'',0,9500,,'',0,5000,,'',0,9500,,'',0,10000,,'',0,8500,,'',0,10000,,'',0,8500,,'',0,10500,,'',0,8500,,'',0,4500,,'',0,16500,,'',0,12000,,'',0
'20241009',7309,53000,,'',0,8000,,'',0,9500,,'',0,5000,,'',0,9000,,'',0,9000,,'',0,10500,,'',0,8500,,'',0,10000,,'',0,8500,,'',0,9500,,'',0,9500,,'',0,5000,,'',0,9500,,'',0,10000,,'',0,8500,,'',0,10000,,'',0,8500,,'',0,10500,,'',0,8500,,'',0,4500,,'',0,16500,,'',0,12000,,'',0
'20241010',7309,53000,,'',0,8000,,'',0,9500,,'',0,5000,,'',0,9000,,'',0,9000,,'',0,10500,,'',0,8500,,'',0,10000,,'',0,8500,,'',0,9500,,'',0,9500,,'',0,5000,,'',0,9500,,'',0,10000,,'',0,8500,,'',0,10000,,'',0,8500,,'',0,10500,,'',0,8500,,'',0,4500,,'',0,16500,,'',0,12000,,'',0
'20241011',7309,53000,,'',0,8000,,'',0,9500,,'',0,5000,,'',0,9000,,'',0,9000,,'',0,10500,,'',0,8500,,'',0,10000,,'',0,8500,,'',0,9500,,'',0,9500,,'',0,5000,,'',0,9500,,'',0,10000,,'',0,8500,,'',0,10000,,'',0,8500,,'',0,10500,,'',0,8500,,'',0,4500,,'',0,16500,,'',0,12000,,'',0
'20241012',7309,61000,,'',0,14500,,'',0,10000,,'',0,8000,,'',0,10500,,'',0,8500,,'',0,10500,,'',0,8500,,'',0,9500,,'',0,9500,,'',0,4500,,'',0,9500,,'',0,9000,,'',0,9000,,'',0,9500,,'',0,9000,,'',0,9000,,'',0,4500,,'',0,9500,,'',0,7500,,'',0,13000,,'',0,16500,,'',0
'20241013',7309,61000,,'',0,14500,,'',0,10000,,'',0,8000,,'',0,10500,,'',0,8500,,'',0,10500,,'',0,8500,,'',0,9500,,'',0,9500,,'',0,4500,,'',0,9500,,'',0,9000,,'',0,9000,,'',0,9500,,'',0,9000,,'',0,9000,,'',0,4500,,'',0,9500,,'',0,7500,,'',0,13000,,'',0,16500,,'',0
'20241014',7309,53000,,'',0,8000,,'',0,9500,,'',0,5000,,'',0,9000,,'',0,9000,,'',0,10500,,'',0,8500,,'',0,10000,,'',0,8500,,'',0,9500,,'',0,9500,,'',0,5000,,'',0,9500,,'',0,10000,,'',0,8500,,'',0,10000,,'',0,8500,,'',0,10500,,'',0,8500,,'',0,4500,,'',0,16500,,'',0,12000,,'',0
'20241015',7309,53000,,'',0,8000,,'',0,9500,,'',0,5000,,'',0,9000,,'',0,9000,,'',0,10500,,'',0,8500,,'',0,10000,,'',0,8500,,'',0,9500,,'',0,9500,,'',0,5000,,'',0,9500,,'',0,10000,,'',0,8500,,'',0,10000,,'',0,8500,,'',0,10500,,'',0,8500,,'',0,4500,,'',0,16500,,'',0,12000,,'',0
'20241016',7309,53000,,'',0,8000,,'',0,9500,,'',0,5000,,'',0,9000,,'',0,9000,,'',0,10500,,'',0,8500,,'',0,10000,,'',0,8500,,'',0,9500,,'',0,9500,,'',0,5000,,'',0,9500,,'',0,10000,,'',0,8500,,'',0,10000,,'',0,8500,,'',0,10500,,'',0,8500,,'',0,4500,,'',0,16500,,'',0,12000,,'',0
'20241017',7309,53000,,'',0,8000,,'',0,9500,,'',0,5000,,'',0,9000,,'',0,9000,,'',0,10500,,'',0,8500,,'',0,10000,,'',0,8500,,'',0,9500,,'',0,9500,,'',0,5000,,'',0,9500,,'',0,10000,,'',0,8500,,'',0,10000,,'',0,8500,,'',0,10500,,'',0,8500,,'',0,4500,,'',0,16500,,'',0,12000,,'',0
'20241018',7309,53000,,'',0,8000,,'',0,9500,,'',0,5000,,'',0,9000,,'',0,9000,,'',0,10500,,'',0,8500,,'',0,10000,,'',0,8500,,'',0,9500,,'',0,9500,,'',0,5000,,'',0,9500,,'',0,10000,,'',0,8500,,'',0,10000,,'',0,8500,,'',0,10500,,'',0,8500,,'',0,4500,,'',0,16500,,'',0,12000,,'',0
'20241019',7309,61000,,'',0,14500,,'',0,10000,,'',0,8000,,'',0,10500,,'',0,8500,,'',0,10500,,'',0,8500,,'',0,9500,,'',0,9500,,'',0,4500,,'',0,9500,,'',0,9000,,'',0,9000,,'',0,9500,,'',0,9000,,'',0,9000,,'',0,4500,,'',0,9500,,'',0,7500,,'',0,13000,,'',0,16500,,'',0
'20241020',7309,61000,,'',0,14500,,'',0,10000,,'',0,8000,,'',0,10500,,'',0,8500,,'',0,10500,,'',0,8500,,'',0,9500,,'',0,9500,,'',0,4500,,'',0,9500,,'',0,9000,,'',0,9000,,'',0,9500,,'',0,9000,,'',0,9000,,'',0,4500,,'',0,9500,,'',0,7500,,'',0,13000,,'',0,16500,,'',0
'20241021',7309,53000,,'',0,8000,,'',0,9500,,'',0,5000,,'',0,9000,,'',0,9000,,'',0,10500,,'',0,8500,,'',0,10000,,'',0,8500,,'',0,9500,,'',0,9500,,'',0,5000,,'',0,9500,,'',0,10000,,'',0,8500,,'',0,10000,,'',0,8500,,'',0,10500,,'',0,8500,,'',0,4500,,'',0,16500,,'',0,12000,,'',0
'20241022',7309,53000,,'',0,8000,,'',0,9500,,'',0,5000,,'',0,9000,,'',0,9000,,'',0,10500,,'',0,8500,,'',0,10000,,'',0,8500,,'',0,9500,,'',0,9500,,'',0,5000,,'',0,9500,,'',0,10000,,'',0,8500,,'',0,10000,,'',0,8500,,'',0,10500,,'',0,8500,,'',0,4500,,'',0,16500,,'',0,12000,,'',0
'20241023',7309,53000,,'',0,8000,,'',0,9500,,'',0,5000,,'',0,9000,,'',0,9000,,'',0,10500,,'',0,8500,,'',0,10000,,'',0,8500,,'',0,9500,,'',0,9500,,'',0,5000,,'',0,9500,,'',0,10000,,'',0,8500,,'',0,10000,,'',0,8500,,'',0,10500,,'',0,8500,,'',0,4500,,'',0,16500,,'',0,12000,,'',0
'20241024',7309,53000,,'',0,8000,,'',0,9500,,'',0,5000,,'',0,9000,,'',0,9000,,'',0,10500,,'',0,8500,,'',0,10000,,'',0,8500,,'',0,9500,,'',0,9500,,'',0,5000,,'',0,9500,,'',0,10000,,'',0,8500,,'',0,10000,,'',0,8500,,'',0,10500,,'',0,8500,,'',0,4500,,'',0,16500,,'',0,12000,,'',0
'20241025',7309,53000,,'',0,8000,,'',0,9500,,'',0,5000,,'',0,9000,,'',0,9000,,'',0,10500,,'',0,8500,,'',0,10000,,'',0,8500,,'',0,9500,,'',0,9500,,'',0,5000,,'',0,9500,,'',0,10000,,'',0,8500,,'',0,10000,,'',0,8500,,'',0,10500,,'',0,8500,,'',0,4500,,'',0,16500,,'',0,12000,,'',0
'20241026',7309,61000,,'',0,14500,,'',0,10000,,'',0,8000,,'',0,10500,,'',0,8500,,'',0,10500,,'',0,8500,,'',0,9500,,'',0,9500,,'',0,4500,,'',0,9500,,'',0,9000,,'',0,9000,,'',0,9500,,'',0,9000,,'',0,9000,,'',0,4500,,'',0,9500,,'',0,7500,,'',0,13000,,'',0,16500,,'',0
'20241027',7309,61000,,'',0,14500,,'',0,10000,,'',0,8000,,'',0,10500,,'',0,8500,,'',0,10500,,'',0,8500,,'',0,9500,,'',0,9500,,'',0,4500,,'',0,9500,,'',0,9000,,'',0,9000,,'',0,9500,,'',0,9000,,'',0,9000,,'',0,4500,,'',0,9500,,'',0,7500,,'',0,13000,,'',0,16500,,'',0
'20241028',7309,53000,,'',0,8000,,'',0,9500,,'',0,5000,,'',0,9000,,'',0,9000,,'',0,10500,,'',0,8500,,'',0,10000,,'',0,8500,,'',0,9500,,'',0,9500,,'',0,5000,,'',0,9500,,'',0,10000,,'',0,8500,,'',0,10000,,'',0,8500,,'',0,10500,,'',0,8500,,'',0,4500,,'',0,16500,,'',0,12000,,'',0
'20241029',7309,53000,,'',0,8000,,'',0,9500,,'',0,5000,,'',0,9000,,'',0,9000,,'',0,10500,,'',0,8500,,'',0,10000,,'',0,8500,,'',0,9500,,'',0,9500,,'',0,5000,,'',0,9500,,'',0,10000,,'',0,8500,,'',0,10000,,'',0,8500,,'',0,10500,,'',0,8500,,'',0,4500,,'',0,16500,,'',0,12000,,'',0
'20241030',7309,53000,,'',0,8000,,'',0,9500,,'',0,5000,,'',0,9000,,'',0,9000,,'',0,10500,,'',0,8500,,'',0,10000,,'',0,8500,,'',0,9500,,'',0,9500,,'',0,5000,,'',0,9500,,'',0,10000,,'',0,8500,,'',0,10000,,'',0,8500,,'',0,10500,,'',0,8500,,'',0,4500,,'',0,16500,,'',0,12000,,'',0
'20241031',7309,53000,,'',0,8000,,'',0,9500,,'',0,5000,,'',0,9000,,'',0,9000,,'',0,10500,,'',0,8500,,'',0,10000,,'',0,8500,,'',0,9500,,'',0,9500,,'',0,5000,,'',0,9500,,'',0,10000,,'',0,8500,,'',0,10000,,'',0,8500,,'',0,10500,,'',0,8500,,'',0,4500,,'',0,16500,,'',0,12000,,'',0
'20241101',7309,53000,,'',0,8000,,'',0,9500,,'',0,5000,,'',0,9000,,'',0,9000,,'',0,10500,,'',0,8500,,'',0,10000,,'',0,8500,,'',0,9500,,'',0,9500,,'',0,5000,,'',0,9500,,'',0,10000,,'',0,8500,,'',0,10000,,'',0,8500,,'',0,10500,,'',0,8500,,'',0,4500,,'',0,16500,,'',0,12000,,'',0
'20241102',7309,61000,,'',0,14500,,'',0,10000,,'',0,8000,,'',0,10500,,'',0,8500,,'',0,10500,,'',0,8500,,'',0,9500,,'',0,9500,,'',0,4500,,'',0,9500,,'',0,9000,,'',0,9000,,'',0,9500,,'',0,9000,,'',0,9000,,'',0,4500,,'',0,9500,,'',0,7500,,'',0,13000,,'',0,16500,,'',0
'20241103',7309,61000,,'',0,14500,,'',0,10000,,'',0,8000,,'',0,10500,,'',0,8500,,'',0,10500,,'',0,8500,,'',0,9500,,'',0,9500,,'',0,4500,,'',0,9500,,'',0,9000,,'',0,9000,,'',0,9500,,'',0,9000,,'',0,9000,,'',0,4500,,'',0,9500,,'',0,7500,,'',0,13000,,'',0,16500,,'',0
'20241104',7309,53000,,'',0,8000,,'',0,9500,,'',0,5000,,'',0,9000,,'',0,9000,,'',0,10500,,'',0,8500,,'',0,10000,,'',0,8500,,'',0,9500,,'',0,9500,,'',0,5000,,'',0,9500,,'',0,10000,,'',0,8500,,'',0,10000,,'',0,8500,,'',0,10500,,'',0,8500,,'',0,4500,,'',0,16500,,'',0,12000,,'',0
'20241105',7309,53000,,'',0,8000,,'',0,9500,,'',0,5000,,'',0,9000,,'',0,9000,,'',0,10500,,'',0,8500,,'',0,10000,,'',0,8500,,'',0,9500,,'',0,9500,,'',0,5000,,'',0,9500,,'',0,10000,,'',0,8500,,'',0,10000,,'',0,8500,,'',0,10500,,'',0,8500,,'',0,4500,,'',0,16500,,'',0,12000,,'',0
'20241106',7309,53000,,'',0,8000,,'',0,9500,,'',0,5000,,'',0,9000,,'',0,9000,,'',0,10500,,'',0,8500,,'',0,10000,,'',0,8500,,'',0,9500,,'',0,9500,,'',0,5000,,'',0,9500,,'',0,10000,,'',0,8500,,'',0,10000,,'',0,8500,,'',0,10500,,'',0,8500,,'',0,4500,,'',0,16500,,'',0,12000,,'',0
'20241107',7309,53000,,'',0,8000,,'',0,9500,,'',0,5000,,'',0,9000,,'',0,9000,,'',0,10500,,'',0,8500,,'',0,10000,,'',0,8500,,'',0,9500,,'',0,9500,,'',0,5000,,'',0,9500,,'',0,10000,,'',0,8500,,'',0,10000,,'',0,8500,,'',0,10500,,'',0,8500,,'',0,4500,,'',0,16500,,'',0,12000,,'',0
'20241108',7309,53000,,'',0,8000,,'',0,9500,,'',0,5000,,'',0,9000,,'',0,9000,,'',0,10500,,'',0,8500,,'',0,10000,,'',0,8500,,'',0,9500,,'',0,9500,,'',0,5000,,'',0,9500,,'',0,10000,,'',0,8500,,'',0,10000,,'',0,8500,,'',0,10500,,'',0,8500,,'',0,4500,,'',0,16500,,'',0,12000,,'',0
'20241109',7309,61000,,'',0,14500,,'',0,10000,,'',0,8000,,'',0,10500,,'',0,8500,,'',0,10500,,'',0,8500,,'',0,9500,,'',0,9500,,'',0,4500,,'',0,9500,,'',0,9000,,'',0,9000,,'',0,9500,,'',0,9000,,'',0,9000,,'',0,4500,,'',0,9500,,'',0,7500,,'',0,13000,,'',0,16500,,'',0
'20241110',7309,61000,,'',0,14500,,'',0,10000,,'',0,8000,,'',0,10500,,'',0,8500,,'',0,10500,,'',0,8500,,'',0,9500,,'',0,9500,,'',0,4500,,'',0,9500,,'',0,9000,,'',0,9000,,'',0,9500,,'',0,9000,,'',0,9000,,'',0,4500,,'',0,9500,,'',0,7500,,'',0,13000,,'',0,16500,,'',0
'20240917',7409,73500,,'',0,26500,,'',0,22000,,'',0,23000,,'',0,28000,,'',0,22000,,'',0,28000,,'',0,22000,,'',0
'20240918',7409,73500,,'',0,26500,,'',0,22000,,'',0,23000,,'',0,28000,,'',0,22000,,'',0,28000,,'',0,22000,,'',0
'20240919',7409,73500,,'',0,26500,,'',0,22000,,'',0,23000,,'',0,28000,,'',0,22000,,'',0,28000,,'',0,22000,,'',0
'20240920',7409,73500,,'',0,26500,,'',0,22000,,'',0,23000,,'',0,28000,,'',0,22000,,'',0,28000,,'',0,22000,,'',0
'20240921',7409,73500,,'',0,26500,,'',0,22000,,'',0,23000,,'',0,28000,,'',0,22000,,'',0,28000,,'',0,22000,,'',0
'20240922',7409,73500,,'',0,26500,,'',0,22000,,'',0,23000,,'',0,28000,,'',0,22000,,'',0,28000,,'',0,22000,,'',0
'20240923',7409,73500,,'',0,26500,,'',0,22000,,'',0,23000,,'',0,28000,,'',0,22000,,'',0,28000,,'',0,22000,,'',0
'20240924',7409,73500,,'',0,26500,,'',0,22000,,'',0,23000,,'',0,28000,,'',0,22000,,'',0,28000,,'',0,22000,,'',0
'20240925',7409,73500,,'',0,26500,,'',0,22000,,'',0,23000,,'',0,28000,,'',0,22000,,'',0,28000,,'',0,22000,,'',0
'20240926',7409,73500,,'',0,26500,,'',0,22000,,'',0,23000,,'',0,28000,,'',0,22000,,'',0,28000,,'',0,22000,,'',0
'20240927',7409,73500,,'',0,26500,,'',0,22000,,'',0,23000,,'',0,28000,,'',0,22000,,'',0,28000,,'',0,22000,,'',0
'20240928',7409,73500,,'',0,26500,,'',0,22000,,'',0,23000,,'',0,28000,,'',0,22000,,'',0,28000,,'',0,22000,,'',0
'20240929',7409,73500,,'',0,26500,,'',0,22000,,'',0,23000,,'',0,28000,,'',0,22000,,'',0,28000,,'',0,22000,,'',0
'20240930',7409,73500,,'',0,26500,,'',0,22000,,'',0,23000,,'',0,28000,,'',0,22000,,'',0,28000,,'',0,22000,,'',0
'20241001',7409,73500,,'',0,26500,,'',0,22000,,'',0,23000,,'',0,28000,,'',0,22000,,'',0,28000,,'',0,22000,,'',0
'20241002',7409,73500,,'',0,26500,,'',0,22000,,'',0,23000,,'',0,28000,,'',0,22000,,'',0,28000,,'',0,22000,,'',0
'20241003',7409,73500,,'',0,26500,,'',0,22000,,'',0,23000,,'',0,28000,,'',0,22000,,'',0,28000,,'',0,22000,,'',0
'20241004',7409,73500,,'',0,26500,,'',0,22000,,'',0,23000,,'',0,28000,,'',0,22000,,'',0,28000,,'',0,22000,,'',0
'20241005',7409,73500,,'',0,26500,,'',0,22000,,'',0,23000,,'',0,28000,,'',0,22000,,'',0,28000,,'',0,22000,,'',0
'20241006',7409,73500,,'',0,26500,,'',0,22000,,'',0,23000,,'',0,28000,,'',0,22000,,'',0,28000,,'',0,22000,,'',0
'20241007',7409,73500,,'',0,26500,,'',0,22000,,'',0,23000,,'',0,28000,,'',0,22000,,'',0,28000,,'',0,22000,,'',0
'20241008',7409,73500,,'',0,26500,,'',0,22000,,'',0,23000,,'',0,28000,,'',0,22000,,'',0,28000,,'',0,22000,,'',0
'20241009',7409,73500,,'',0,26500,,'',0,22000,,'',0,23000,,'',0,28000,,'',0,22000,,'',0,28000,,'',0,22000,,'',0
'20241010',7409,73500,,'',0,26500,,'',0,22000,,'',0,23000,,'',0,28000,,'',0,22000,,'',0,28000,,'',0,22000,,'',0
'20241011',7409,73500,,'',0,26500,,'',0,22000,,'',0,23000,,'',0,28000,,'',0,22000,,'',0,28000,,'',0,22000,,'',0
'20241012',7409,73500,,'',0,26500,,'',0,22000,,'',0,23000,,'',0,28000,,'',0,22000,,'',0,28000,,'',0,22000,,'',0
'20241013',7409,73500,,'',0,26500,,'',0,22000,,'',0,23000,,'',0,28000,,'',0,22000,,'',0,28000,,'',0,22000,,'',0
'20241014',7409,73500,,'',0,26500,,'',0,22000,,'',0,23000,,'',0,28000,,'',0,22000,,'',0,28000,,'',0,22000,,'',0
'20241015',7409,73500,,'',0,26500,,'',0,22000,,'',0,23000,,'',0,28000,,'',0,22000,,'',0,28000,,'',0,22000,,'',0
'20241016',7409,73500,,'',0,26500,,'',0,22000,,'',0,23000,,'',0,28000,,'',0,22000,,'',0,28000,,'',0,22000,,'',0
'20241017',7409,73500,,'',0,26500,,'',0,22000,,'',0,23000,,'',0,28000,,'',0,22000,,'',0,28000,,'',0,22000,,'',0
'20241018',7409,73500,,'',0,26500,,'',0,22000,,'',0,23000,,'',0,28000,,'',0,22000,,'',0,28000,,'',0,22000,,'',0
'20241019',7409,73500,,'',0,26500,,'',0,22000,,'',0,23000,,'',0,28000,,'',0,22000,,'',0,28000,,'',0,22000,,'',0
'20241020',7409,73500,,'',0,26500,,'',0,22000,,'',0,23000,,'',0,28000,,'',0,22000,,'',0,28000,,'',0,22000,,'',0
'20241021',7409,73500,,'',0,26500,,'',0,22000,,'',0,23000,,'',0,28000,,'',0,22000,,'',0,28000,,'',0,22000,,'',0
'20241022',7409,73500,,'',0,26500,,'',0,22000,,'',0,23000,,'',0,28000,,'',0,22000,,'',0,28000,,'',0,22000,,'',0
'20241023',7409,73500,,'',0,26500,,'',0,22000,,'',0,23000,,'',0,28000,,'',0,22000,,'',0,28000,,'',0,22000,,'',0
'20241024',7409,73500,,'',0,26500,,'',0,22000,,'',0,23000,,'',0,28000,,'',0,22000,,'',0,28000,,'',0,22000,,'',0
'20241025',7409,73500,,'',0,26500,,'',0,22000,,'',0,23000,,'',0,28000,,'',0,22000,,'',0,28000,,'',0,22000,,'',0
'20241026',7409,73500,,'',0,26500,,'',0,22000,,'',0,23000,,'',0,28000,,'',0,22000,,'',0,28000,,'',0,22000,,'',0
'20241027',7409,73500,,'',0,26500,,'',0,22000,,'',0,23000,,'',0,28000,,'',0,22000,,'',0,28000,,'',0,22000,,'',0
'20241028',7409,73500,,'',0,26500,,'',0,22000,,'',0,23000,,'',0,28000,,'',0,22000,,'',0,28000,,'',0,22000,,'',0
'20241029',7409,73500,,'',0,26500,,'',0,22000,,'',0,23000,,'',0,28000,,'',0,22000,,'',0,28000,,'',0,22000,,'',0
'20241030',7409,73500,,'',0,26500,,'',0,22000,,'',0,23000,,'',0,28000,,'',0,22000,,'',0,28000,,'',0,22000,,'',0
'20241031',7409,73500,,'',0,26500,,'',0,22000,,'',0,23000,,'',0,28000,,'',0,22000,,'',0,28000,,'',0,22000,,'',0
'20241101',7409,73500,,'',0,26500,,'',0,22000,,'',0,23000,,'',0,28000,,'',0,22000,,'',0,28000,,'',0,22000,,'',0
'20241102',7409,73500,,'',0,26500,,'',0,22000,,'',0,23000,,'',0,28000,,'',0,22000,,'',0,28000,,'',0,22000,,'',0
'20241103',7409,73500,,'',0,26500,,'',0,22000,,'',0,23000,,'',0,28000,,'',0,22000,,'',0,28000,,'',0,22000,,'',0
'20241104',7409,73500,,'',0,26500,,'',0,22000,,'',0,23000,,'',0,28000,,'',0,22000,,'',0,28000,,'',0,22000,,'',0
'20241105',7409,73500,,'',0,26500,,'',0,22000,,'',0,23000,,'',0,28000,,'',0,22000,,'',0,28000,,'',0,22000,,'',0
'20241106',7409,73500,,'',0,26500,,'',0,22000,,'',0,23000,,'',0,28000,,'',0,22000,,'',0,28000,,'',0,22000,,'',0
'20241107',7409,73500,,'',0,26500,,'',0,22000,,'',0,23000,,'',0,28000,,'',0,22000,,'',0,28000,,'',0,22000,,'',0
'20241108',7409,73500,,'',0,26500,,'',0,22000,,'',0,23000,,'',0,28000,,'',0,22000,,'',0,28000,,'',0,22000,,'',0
'20241109',7409,73500,,'',0,26500,,'',0,22000,,'',0,23000,,'',0,28000,,'',0,22000,,'',0,28000,,'',0,22000,,'',0
'20241110',7409,73500,,'',0,26500,,'',0,22000,,'',0,23000,,'',0,28000,,'',0,22000,,'',0,28000,,'',0,22000,,'',0
