'20240910',4709,62000,,'',0,22500,,'',0,26500,,'',0,22000,,'',0,28500,,'',0,22500,,'',0,26000,,'',0,24000,,'',0
'20240911',4709,62000,,'',0,22500,,'',0,26500,,'',0,22000,,'',0,28500,,'',0,22500,,'',0,26000,,'',0,24000,,'',0
'20240912',4709,62000,,'',0,22500,,'',0,26500,,'',0,22000,,'',0,28500,,'',0,22500,,'',0,26000,,'',0,24000,,'',0
'20240913',4709,62000,,'',0,22500,,'',0,26500,,'',0,22000,,'',0,28500,,'',0,22500,,'',0,26000,,'',0,24000,,'',0
'20240914',4709,62000,,'',0,22500,,'',0,26500,,'',0,22000,,'',0,28500,,'',0,22500,,'',0,26000,,'',0,24000,,'',0
'20240915',4709,62000,,'',0,22500,,'',0,26500,,'',0,22000,,'',0,28500,,'',0,22500,,'',0,26000,,'',0,24000,,'',0
'20240916',4709,62000,,'',0,22500,,'',0,26500,,'',0,22000,,'',0,28500,,'',0,22500,,'',0,26000,,'',0,24000,,'',0
'20240917',4709,62000,,'',0,22500,,'',0,26500,,'',0,22000,,'',0,28500,,'',0,22500,,'',0,26000,,'',0,24000,,'',0
'20240918',4709,62000,,'',0,22500,,'',0,26500,,'',0,22000,,'',0,28500,,'',0,22500,,'',0,26000,,'',0,24000,,'',0
'20240919',4709,62000,,'',0,22500,,'',0,26500,,'',0,22000,,'',0,28500,,'',0,22500,,'',0,26000,,'',0,24000,,'',0
'20240920',4709,62000,,'',0,22500,,'',0,26500,,'',0,22000,,'',0,28500,,'',0,22500,,'',0,26000,,'',0,24000,,'',0
'20240921',4709,62000,,'',0,22500,,'',0,26500,,'',0,22000,,'',0,28500,,'',0,22500,,'',0,26000,,'',0,24000,,'',0
'20240910',7409,83500,4,'',0,26500,4,'',0,22000,4,'',0,23000,4,'',0,28000,4,'',0,22000,4,'',0,28000,4,'',0,22000,4,'',0
'20240911',7409,83500,4,'',0,26500,4,'',0,22000,4,'',0,23000,4,'',0,28000,4,'',0,22000,4,'',0,28000,4,'',0,22000,4,'',0
'20240912',7409,83500,4,'',0,26500,4,'',0,22000,4,'',0,23000,4,'',0,28000,4,'',0,22000,4,'',0,28000,4,'',0,22000,4,'',0
'20240913',7409,83500,4,'',0,26500,4,'',0,22000,4,'',0,23000,4,'',0,28000,4,'',0,22000,4,'',0,28000,4,'',0,22000,4,'',0
'20240914',7409,83500,4,'',0,26500,4,'',0,22000,4,'',0,23000,4,'',0,28000,4,'',0,22000,4,'',0,28000,4,'',0,22000,4,'',0
'20240915',7409,83500,4,'',0,26500,4,'',0,22000,4,'',0,23000,4,'',0,28000,4,'',0,22000,4,'',0,28000,4,'',0,22000,4,'',0
'20240916',7409,83500,4,'',0,26500,4,'',0,22000,4,'',0,23000,4,'',0,28000,4,'',0,22000,4,'',0,28000,4,'',0,22000,4,'',0
'20240917',7409,83500,4,'',0,26500,4,'',0,22000,4,'',0,23000,4,'',0,28000,4,'',0,22000,4,'',0,28000,4,'',0,22000,4,'',0
'20240918',7409,83500,4,'',0,26500,4,'',0,22000,4,'',0,23000,4,'',0,28000,4,'',0,22000,4,'',0,28000,4,'',0,22000,4,'',0
'20240919',7409,83500,4,'',0,26500,4,'',0,22000,4,'',0,23000,4,'',0,28000,4,'',0,22000,4,'',0,28000,4,'',0,22000,4,'',0
'20240920',7409,83500,4,'',0,26500,4,'',0,22000,4,'',0,23000,4,'',0,28000,4,'',0,22000,4,'',0,28000,4,'',0,22000,4,'',0
'20240921',7409,83500,4,'',0,26500,4,'',0,22000,4,'',0,23000,4,'',0,28000,4,'',0,22000,4,'',0,28000,4,'',0,22000,4,'',0
