'20240903',12809,44500,0,'''Edmonds''',0,8500,0,'''Edmonds''',0,9500,0,'''Edmonds''',0,7500,0,'''Edmonds''',0,5500,0,'''Edmonds''',0,8500,0,'''Edmonds''',0,9500,0,'''Edmonds''',0,8500,0,'''Edmonds''',0,8500,0,'''Edmonds''',0,5000,0,'''Edmonds''',0,9000,0,'''Edmonds''',0,8500,0,'''Edmonds''',0,10000,0,'''Edmonds''',0,8000,0,'''Edmonds''',0,9000,0,'''Edmonds''',0,4000,0,'''Edmonds''',0,9000,0,'''Edmonds''',0,8000,0,'''Edmonds''',0,9000,0,'''Edmonds''',0,4500,0,'''Edmonds''',0,7500,0,'''Edmonds''',0,12000,0,'''Edmonds''',0,17000,0,'''Edmonds''',0
'20240904',12809,44500,0,'''Edmonds''',0,8500,0,'''Edmonds''',0,9500,0,'''Edmonds''',0,7500,0,'''Edmonds''',0,5500,0,'''Edmonds''',0,8500,0,'''Edmonds''',0,9500,0,'''Edmonds''',0,8500,0,'''Edmonds''',0,8500,0,'''Edmonds''',0,5000,0,'''Edmonds''',0,9000,0,'''Edmonds''',0,8500,0,'''Edmonds''',0,10000,0,'''Edmonds''',0,8000,0,'''Edmonds''',0,9000,0,'''Edmonds''',0,4000,0,'''Edmonds''',0,9000,0,'''Edmonds''',0,8000,0,'''Edmonds''',0,9000,0,'''Edmonds''',0,4500,0,'''Edmonds''',0,7500,0,'''Edmonds''',0,12000,0,'''Edmonds''',0,17000,0,'''Edmonds''',0
'20240905',12809,44500,0,'''Edmonds''',0,8500,0,'''Edmonds''',0,9500,0,'''Edmonds''',0,7500,0,'''Edmonds''',0,5500,0,'''Edmonds''',0,8500,0,'''Edmonds''',0,9500,0,'''Edmonds''',0,8500,0,'''Edmonds''',0,8500,0,'''Edmonds''',0,5000,0,'''Edmonds''',0,9000,0,'''Edmonds''',0,8500,0,'''Edmonds''',0,10000,0,'''Edmonds''',0,8000,0,'''Edmonds''',0,9000,0,'''Edmonds''',0,4000,0,'''Edmonds''',0,9000,0,'''Edmonds''',0,8000,0,'''Edmonds''',0,9000,0,'''Edmonds''',0,4500,0,'''Edmonds''',0,7500,0,'''Edmonds''',0,12000,0,'''Edmonds''',0,17000,0,'''Edmonds''',0
'20240906',12809,44500,0,'''Edmonds''',0,8500,0,'''Edmonds''',0,9500,0,'''Edmonds''',0,7500,0,'''Edmonds''',0,5500,0,'''Edmonds''',0,8500,0,'''Edmonds''',0,9500,0,'''Edmonds''',0,8500,0,'''Edmonds''',0,8500,0,'''Edmonds''',0,5000,0,'''Edmonds''',0,9000,0,'''Edmonds''',0,8500,0,'''Edmonds''',0,10000,0,'''Edmonds''',0,8000,0,'''Edmonds''',0,9000,0,'''Edmonds''',0,4000,0,'''Edmonds''',0,9000,0,'''Edmonds''',0,8000,0,'''Edmonds''',0,9000,0,'''Edmonds''',0,4500,0,'''Edmonds''',0,7500,0,'''Edmonds''',0,9000,0,'''Edmonds''',0,3000,0,'''Edmonds''',0,9000,0,'''Edmonds''',0,8000,0,'''Edmonds''',0,11000,0,'''Edmonds''',0
'20240907',12809,44500,0,'''Edmonds''',0,18000,0,'''Edmonds''',0,7500,0,'''Edmonds''',0,5500,0,'''Edmonds''',0,8500,0,'''Edmonds''',0,9500,0,'''Edmonds''',0,8500,0,'''Edmonds''',0,8500,0,'''Edmonds''',0,5000,0,'''Edmonds''',0,9000,0,'''Edmonds''',0,8500,0,'''Edmonds''',0,10000,0,'''Edmonds''',0,8000,0,'''Edmonds''',0,9000,0,'''Edmonds''',0,4000,0,'''Edmonds''',0,9000,0,'''Edmonds''',0,8000,0,'''Edmonds''',0,9000,0,'''Edmonds''',0,4500,0,'''Edmonds''',0,7500,0,'''Edmonds''',0,9000,0,'''Edmonds''',0,3000,0,'''Edmonds''',0,17000,0,'''Edmonds''',0
'20240908',12809,62500,0,'''Edmonds''',0,7500,0,'''Edmonds''',0,5500,0,'''Edmonds''',0,8500,0,'''Edmonds''',0,9500,0,'''Edmonds''',0,8500,0,'''Edmonds''',0,8500,0,'''Edmonds''',0,5000,0,'''Edmonds''',0,9000,0,'''Edmonds''',0,8500,0,'''Edmonds''',0,10000,0,'''Edmonds''',0,8000,0,'''Edmonds''',0,9000,0,'''Edmonds''',0,4000,0,'''Edmonds''',0,9000,0,'''Edmonds''',0,8000,0,'''Edmonds''',0,9000,0,'''Edmonds''',0,4500,0,'''Edmonds''',0,7500,0,'''Edmonds''',0,9000,0,'''Edmonds''',0,3000,0,'''Edmonds''',0,9000,0,'''Edmonds''',0,8000,0,'''Edmonds''',0
'20240909',12809,44500,0,'''Edmonds''',0,8500,0,'''Edmonds''',0,9500,0,'''Edmonds''',0,7500,0,'''Edmonds''',0,5500,0,'''Edmonds''',0,8500,0,'''Edmonds''',0,9500,0,'''Edmonds''',0,8500,0,'''Edmonds''',0,8500,0,'''Edmonds''',0,5000,0,'''Edmonds''',0,9000,0,'''Edmonds''',0,8500,0,'''Edmonds''',0,10000,0,'''Edmonds''',0,8000,0,'''Edmonds''',0,9000,0,'''Edmonds''',0,4000,0,'''Edmonds''',0,9000,0,'''Edmonds''',0,8000,0,'''Edmonds''',0,9000,0,'''Edmonds''',0,4500,0,'''Edmonds''',0,7500,0,'''Edmonds''',0,12000,0,'''Edmonds''',0,17000,0,'''Edmonds''',0
'20240910',12809,44500,0,'''Edmonds''',0,8500,0,'''Edmonds''',0,9500,0,'''Edmonds''',0,7500,0,'''Edmonds''',0,5500,0,'''Edmonds''',0,8500,0,'''Edmonds''',0,9500,0,'''Edmonds''',0,8500,0,'''Edmonds''',0,8500,0,'''Edmonds''',0,5000,0,'''Edmonds''',0,9000,0,'''Edmonds''',0,8500,0,'''Edmonds''',0,10000,0,'''Edmonds''',0,8000,0,'''Edmonds''',0,9000,0,'''Edmonds''',0,4000,0,'''Edmonds''',0,9000,0,'''Edmonds''',0,8000,0,'''Edmonds''',0,9000,0,'''Edmonds''',0,4500,0,'''Edmonds''',0,7500,0,'''Edmonds''',0,12000,0,'''Edmonds''',0,17000,0,'''Edmonds''',0
'20240911',12809,44500,0,'''Edmonds''',0,8500,0,'''Edmonds''',0,9500,0,'''Edmonds''',0,7500,0,'''Edmonds''',0,5500,0,'''Edmonds''',0,8500,0,'''Edmonds''',0,9500,0,'''Edmonds''',0,8500,0,'''Edmonds''',0,8500,0,'''Edmonds''',0,5000,0,'''Edmonds''',0,9000,0,'''Edmonds''',0,8500,0,'''Edmonds''',0,10000,0,'''Edmonds''',0,8000,0,'''Edmonds''',0,9000,0,'''Edmonds''',0,4000,0,'''Edmonds''',0,9000,0,'''Edmonds''',0,8000,0,'''Edmonds''',0,9000,0,'''Edmonds''',0,4500,0,'''Edmonds''',0,7500,0,'''Edmonds''',0,12000,0,'''Edmonds''',0,17000,0,'''Edmonds''',0
'20240912',12809,44500,0,'''Edmonds''',0,8500,0,'''Edmonds''',0,9500,0,'''Edmonds''',0,7500,0,'''Edmonds''',0,5500,0,'''Edmonds''',0,8500,0,'''Edmonds''',0,9500,0,'''Edmonds''',0,8500,0,'''Edmonds''',0,8500,0,'''Edmonds''',0,5000,0,'''Edmonds''',0,9000,0,'''Edmonds''',0,8500,0,'''Edmonds''',0,10000,0,'''Edmonds''',0,8000,0,'''Edmonds''',0,9000,0,'''Edmonds''',0,4000,0,'''Edmonds''',0,9000,0,'''Edmonds''',0,8000,0,'''Edmonds''',0,9000,0,'''Edmonds''',0,4500,0,'''Edmonds''',0,7500,0,'''Edmonds''',0,12000,0,'''Edmonds''',0,17000,0,'''Edmonds''',0
'20240913',12809,44500,0,'''Edmonds''',0,8500,0,'''Edmonds''',0,9500,0,'''Edmonds''',0,7500,0,'''Edmonds''',0,5500,0,'''Edmonds''',0,8500,0,'''Edmonds''',0,9500,0,'''Edmonds''',0,8500,0,'''Edmonds''',0,8500,0,'''Edmonds''',0,5000,0,'''Edmonds''',0,9000,0,'''Edmonds''',0,8500,0,'''Edmonds''',0,10000,0,'''Edmonds''',0,8000,0,'''Edmonds''',0,9000,0,'''Edmonds''',0,4000,0,'''Edmonds''',0,9000,0,'''Edmonds''',0,8000,0,'''Edmonds''',0,9000,0,'''Edmonds''',0,4500,0,'''Edmonds''',0,7500,0,'''Edmonds''',0,9000,0,'''Edmonds''',0,3000,0,'''Edmonds''',0,9000,0,'''Edmonds''',0,8000,0,'''Edmonds''',0,11000,0,'''Edmonds''',0
'20240914',12809,44500,0,'''Edmonds''',0,18000,0,'''Edmonds''',0,7500,0,'''Edmonds''',0,5500,0,'''Edmonds''',0,8500,0,'''Edmonds''',0,9500,0,'''Edmonds''',0,8500,0,'''Edmonds''',0,8500,0,'''Edmonds''',0,5000,0,'''Edmonds''',0,9000,0,'''Edmonds''',0,8500,0,'''Edmonds''',0,10000,0,'''Edmonds''',0,8000,0,'''Edmonds''',0,9000,0,'''Edmonds''',0,4000,0,'''Edmonds''',0,9000,0,'''Edmonds''',0,8000,0,'''Edmonds''',0,9000,0,'''Edmonds''',0,4500,0,'''Edmonds''',0,7500,0,'''Edmonds''',0,9000,0,'''Edmonds''',0,3000,0,'''Edmonds''',0,17000,0,'''Edmonds''',0
'20240915',12809,62500,0,'''Edmonds''',0,7500,0,'''Edmonds''',0,5500,0,'''Edmonds''',0,8500,0,'''Edmonds''',0,9500,0,'''Edmonds''',0,8500,0,'''Edmonds''',0,8500,0,'''Edmonds''',0,5000,0,'''Edmonds''',0,9000,0,'''Edmonds''',0,8500,0,'''Edmonds''',0,10000,0,'''Edmonds''',0,8000,0,'''Edmonds''',0,9000,0,'''Edmonds''',0,4000,0,'''Edmonds''',0,9000,0,'''Edmonds''',0,8000,0,'''Edmonds''',0,9000,0,'''Edmonds''',0,4500,0,'''Edmonds''',0,7500,0,'''Edmonds''',0,9000,0,'''Edmonds''',0,3000,0,'''Edmonds''',0,9000,0,'''Edmonds''',0,8000,0,'''Edmonds''',0
'20240916',12809,44500,0,'''Edmonds''',0,8500,0,'''Edmonds''',0,9500,0,'''Edmonds''',0,7500,0,'''Edmonds''',0,5500,0,'''Edmonds''',0,8500,0,'''Edmonds''',0,9500,0,'''Edmonds''',0,8500,0,'''Edmonds''',0,8500,0,'''Edmonds''',0,5000,0,'''Edmonds''',0,9000,0,'''Edmonds''',0,8500,0,'''Edmonds''',0,10000,0,'''Edmonds''',0,8000,0,'''Edmonds''',0,9000,0,'''Edmonds''',0,4000,0,'''Edmonds''',0,9000,0,'''Edmonds''',0,8000,0,'''Edmonds''',0,9000,0,'''Edmonds''',0,4500,0,'''Edmonds''',0,7500,0,'''Edmonds''',0,12000,0,'''Edmonds''',0,17000,0,'''Edmonds''',0
'20240917',12809,44500,0,'''Edmonds''',0,8500,0,'''Edmonds''',0,9500,0,'''Edmonds''',0,7500,0,'''Edmonds''',0,5500,0,'''Edmonds''',0,8500,0,'''Edmonds''',0,9500,0,'''Edmonds''',0,8500,0,'''Edmonds''',0,8500,0,'''Edmonds''',0,5000,0,'''Edmonds''',0,9000,0,'''Edmonds''',0,8500,0,'''Edmonds''',0,10000,0,'''Edmonds''',0,8000,0,'''Edmonds''',0,9000,0,'''Edmonds''',0,4000,0,'''Edmonds''',0,9000,0,'''Edmonds''',0,8000,0,'''Edmonds''',0,9000,0,'''Edmonds''',0,4500,0,'''Edmonds''',0,7500,0,'''Edmonds''',0,12000,0,'''Edmonds''',0,17000,0,'''Edmonds''',0
'20240918',12809,44500,0,'''Edmonds''',0,8500,0,'''Edmonds''',0,9500,0,'''Edmonds''',0,7500,0,'''Edmonds''',0,5500,0,'''Edmonds''',0,8500,0,'''Edmonds''',0,9500,0,'''Edmonds''',0,8500,0,'''Edmonds''',0,8500,0,'''Edmonds''',0,5000,0,'''Edmonds''',0,9000,0,'''Edmonds''',0,8500,0,'''Edmonds''',0,10000,0,'''Edmonds''',0,8000,0,'''Edmonds''',0,9000,0,'''Edmonds''',0,4000,0,'''Edmonds''',0,9000,0,'''Edmonds''',0,8000,0,'''Edmonds''',0,9000,0,'''Edmonds''',0,4500,0,'''Edmonds''',0,7500,0,'''Edmonds''',0,12000,0,'''Edmonds''',0,17000,0,'''Edmonds''',0
'20240919',12809,44500,0,'''Edmonds''',0,8500,0,'''Edmonds''',0,9500,0,'''Edmonds''',0,7500,0,'''Edmonds''',0,5500,0,'''Edmonds''',0,8500,0,'''Edmonds''',0,9500,0,'''Edmonds''',0,8500,0,'''Edmonds''',0,8500,0,'''Edmonds''',0,5000,0,'''Edmonds''',0,9000,0,'''Edmonds''',0,8500,0,'''Edmonds''',0,10000,0,'''Edmonds''',0,8000,0,'''Edmonds''',0,9000,0,'''Edmonds''',0,4000,0,'''Edmonds''',0,9000,0,'''Edmonds''',0,8000,0,'''Edmonds''',0,9000,0,'''Edmonds''',0,4500,0,'''Edmonds''',0,7500,0,'''Edmonds''',0,12000,0,'''Edmonds''',0,17000,0,'''Edmonds''',0
'20240920',12809,44500,0,'''Edmonds''',0,8500,0,'''Edmonds''',0,9500,0,'''Edmonds''',0,7500,0,'''Edmonds''',0,5500,0,'''Edmonds''',0,8500,0,'''Edmonds''',0,9500,0,'''Edmonds''',0,8500,0,'''Edmonds''',0,8500,0,'''Edmonds''',0,5000,0,'''Edmonds''',0,9000,0,'''Edmonds''',0,8500,0,'''Edmonds''',0,10000,0,'''Edmonds''',0,8000,0,'''Edmonds''',0,9000,0,'''Edmonds''',0,4000,0,'''Edmonds''',0,9000,0,'''Edmonds''',0,8000,0,'''Edmonds''',0,9000,0,'''Edmonds''',0,4500,0,'''Edmonds''',0,7500,0,'''Edmonds''',0,9000,0,'''Edmonds''',0,3000,0,'''Edmonds''',0,9000,0,'''Edmonds''',0,8000,0,'''Edmonds''',0,11000,0,'''Edmonds''',0
'20240921',12809,44500,0,'''Edmonds''',0,18000,0,'''Edmonds''',0,7500,0,'''Edmonds''',0,5500,0,'''Edmonds''',0,8500,0,'''Edmonds''',0,9500,0,'''Edmonds''',0,8500,0,'''Edmonds''',0,8500,0,'''Edmonds''',0,5000,0,'''Edmonds''',0,9000,0,'''Edmonds''',0,8500,0,'''Edmonds''',0,10000,0,'''Edmonds''',0,8000,0,'''Edmonds''',0,9000,0,'''Edmonds''',0,4000,0,'''Edmonds''',0,9000,0,'''Edmonds''',0,8000,0,'''Edmonds''',0,9000,0,'''Edmonds''',0,4500,0,'''Edmonds''',0,7500,0,'''Edmonds''',0,9000,0,'''Edmonds''',0,3000,0,'''Edmonds''',0,17000,0,'''Edmonds''',0
'20240903',81209,60500,4,'',0,4000,4,'',0,9500,4,'',0,8500,4,'',0,9500,4,'',0,8500,4,'',0,4500,4,'',0,8500,4,'',0,9000,4,'',0,8500,4,'',0,9500,4,'',0,5000,4,'',0,9000,4,'',0,8000,4,'',0,9000,4,'',0,4000,4,'',0,9000,4,'',0,8500,4,'',0,8000,4,'',0,9000,4,'',0,3500,4,'',0,12000,4,'',0,16000,4,'',0
'20240904',81209,60500,4,'',0,4000,4,'',0,9500,4,'',0,8500,4,'',0,9500,4,'',0,8500,4,'',0,4500,4,'',0,8500,4,'',0,9000,4,'',0,8500,4,'',0,9500,4,'',0,5000,4,'',0,9000,4,'',0,8000,4,'',0,9000,4,'',0,4000,4,'',0,9000,4,'',0,8500,4,'',0,8000,4,'',0,9000,4,'',0,3500,4,'',0,12000,4,'',0,16000,4,'',0
'20240905',81209,60500,4,'',0,4000,4,'',0,9500,4,'',0,8500,4,'',0,9500,4,'',0,8500,4,'',0,4500,4,'',0,8500,4,'',0,9000,4,'',0,8500,4,'',0,9500,4,'',0,5000,4,'',0,9000,4,'',0,8000,4,'',0,9000,4,'',0,4000,4,'',0,9000,4,'',0,8500,4,'',0,8000,4,'',0,9000,4,'',0,3500,4,'',0,12000,4,'',0,16000,4,'',0
'20240906',81209,60500,4,'',0,4000,4,'',0,9500,4,'',0,8500,4,'',0,9500,4,'',0,8500,4,'',0,4500,4,'',0,8500,4,'',0,9000,4,'',0,8500,4,'',0,9500,4,'',0,5000,4,'',0,9000,4,'',0,8000,4,'',0,9000,4,'',0,4000,4,'',0,9000,4,'',0,8500,4,'',0,8000,4,'',0,9000,4,'',0,3500,4,'',0,8500,4,'',0,3500,4,'',0,8500,4,'',0,7500,4,'',0,11000,4,'',0
'20240907',81209,60500,4,'',0,13500,4,'',0,8500,4,'',0,9500,4,'',0,8500,4,'',0,4500,4,'',0,8500,4,'',0,9000,4,'',0,8500,4,'',0,9500,4,'',0,5000,4,'',0,9000,4,'',0,8000,4,'',0,9000,4,'',0,4000,4,'',0,9000,4,'',0,8500,4,'',0,8000,4,'',0,9000,4,'',0,3500,4,'',0,8500,4,'',0,3500,4,'',0,16000,4,'',0
'20240908',81209,74000,4,'',0,8500,4,'',0,9500,4,'',0,8500,4,'',0,4500,4,'',0,8500,4,'',0,9000,4,'',0,8500,4,'',0,9500,4,'',0,5000,4,'',0,9000,4,'',0,8000,4,'',0,9000,4,'',0,4000,4,'',0,9000,4,'',0,8500,4,'',0,8000,4,'',0,9000,4,'',0,3500,4,'',0,8500,4,'',0,3500,4,'',0,8500,4,'',0,7500,4,'',0
'20240909',81209,60500,4,'',0,4000,4,'',0,9500,4,'',0,8500,4,'',0,9500,4,'',0,8500,4,'',0,4500,4,'',0,8500,4,'',0,9000,4,'',0,8500,4,'',0,9500,4,'',0,5000,4,'',0,9000,4,'',0,8000,4,'',0,9000,4,'',0,4000,4,'',0,9000,4,'',0,8500,4,'',0,8000,4,'',0,9000,4,'',0,3500,4,'',0,12000,4,'',0,16000,4,'',0
'20240910',81209,60500,4,'',0,4000,4,'',0,9500,4,'',0,8500,4,'',0,9500,4,'',0,8500,4,'',0,4500,4,'',0,8500,4,'',0,9000,4,'',0,8500,4,'',0,9500,4,'',0,5000,4,'',0,9000,4,'',0,8000,4,'',0,9000,4,'',0,4000,4,'',0,9000,4,'',0,8500,4,'',0,8000,4,'',0,9000,4,'',0,3500,4,'',0,12000,4,'',0,16000,4,'',0
'20240911',81209,60500,4,'',0,4000,4,'',0,9500,4,'',0,8500,4,'',0,9500,4,'',0,8500,4,'',0,4500,4,'',0,8500,4,'',0,9000,4,'',0,8500,4,'',0,9500,4,'',0,5000,4,'',0,9000,4,'',0,8000,4,'',0,9000,4,'',0,4000,4,'',0,9000,4,'',0,8500,4,'',0,8000,4,'',0,9000,4,'',0,3500,4,'',0,12000,4,'',0,16000,4,'',0
'20240912',81209,60500,4,'',0,4000,4,'',0,9500,4,'',0,8500,4,'',0,9500,4,'',0,8500,4,'',0,4500,4,'',0,8500,4,'',0,9000,4,'',0,8500,4,'',0,9500,4,'',0,5000,4,'',0,9000,4,'',0,8000,4,'',0,9000,4,'',0,4000,4,'',0,9000,4,'',0,8500,4,'',0,8000,4,'',0,9000,4,'',0,3500,4,'',0,12000,4,'',0,16000,4,'',0
'20240913',81209,60500,4,'',0,4000,4,'',0,9500,4,'',0,8500,4,'',0,9500,4,'',0,8500,4,'',0,4500,4,'',0,8500,4,'',0,9000,4,'',0,8500,4,'',0,9500,4,'',0,5000,4,'',0,9000,4,'',0,8000,4,'',0,9000,4,'',0,4000,4,'',0,9000,4,'',0,8500,4,'',0,8000,4,'',0,9000,4,'',0,3500,4,'',0,8500,4,'',0,3500,4,'',0,8500,4,'',0,7500,4,'',0,11000,4,'',0
'20240914',81209,60500,4,'',0,13500,4,'',0,8500,4,'',0,9500,4,'',0,8500,4,'',0,4500,4,'',0,8500,4,'',0,9000,4,'',0,8500,4,'',0,9500,4,'',0,5000,4,'',0,9000,4,'',0,8000,4,'',0,9000,4,'',0,4000,4,'',0,9000,4,'',0,8500,4,'',0,8000,4,'',0,9000,4,'',0,3500,4,'',0,8500,4,'',0,3500,4,'',0,16000,4,'',0
'20240915',81209,74000,4,'',0,8500,4,'',0,9500,4,'',0,8500,4,'',0,4500,4,'',0,8500,4,'',0,9000,4,'',0,8500,4,'',0,9500,4,'',0,5000,4,'',0,9000,4,'',0,8000,4,'',0,9000,4,'',0,4000,4,'',0,9000,4,'',0,8500,4,'',0,8000,4,'',0,9000,4,'',0,3500,4,'',0,8500,4,'',0,3500,4,'',0,8500,4,'',0,7500,4,'',0
'20240916',81209,60500,4,'',0,4000,4,'',0,9500,4,'',0,8500,4,'',0,9500,4,'',0,8500,4,'',0,4500,4,'',0,8500,4,'',0,9000,4,'',0,8500,4,'',0,9500,4,'',0,5000,4,'',0,9000,4,'',0,8000,4,'',0,9000,4,'',0,4000,4,'',0,9000,4,'',0,8500,4,'',0,8000,4,'',0,9000,4,'',0,3500,4,'',0,12000,4,'',0,16000,4,'',0
'20240917',81209,60500,4,'',0,4000,4,'',0,9500,4,'',0,8500,4,'',0,9500,4,'',0,8500,4,'',0,4500,4,'',0,8500,4,'',0,9000,4,'',0,8500,4,'',0,9500,4,'',0,5000,4,'',0,9000,4,'',0,8000,4,'',0,9000,4,'',0,4000,4,'',0,9000,4,'',0,8500,4,'',0,8000,4,'',0,9000,4,'',0,3500,4,'',0,12000,4,'',0,16000,4,'',0
'20240918',81209,60500,4,'',0,4000,4,'',0,9500,4,'',0,8500,4,'',0,9500,4,'',0,8500,4,'',0,4500,4,'',0,8500,4,'',0,9000,4,'',0,8500,4,'',0,9500,4,'',0,5000,4,'',0,9000,4,'',0,8000,4,'',0,9000,4,'',0,4000,4,'',0,9000,4,'',0,8500,4,'',0,8000,4,'',0,9000,4,'',0,3500,4,'',0,12000,4,'',0,16000,4,'',0
'20240919',81209,60500,4,'',0,4000,4,'',0,9500,4,'',0,8500,4,'',0,9500,4,'',0,8500,4,'',0,4500,4,'',0,8500,4,'',0,9000,4,'',0,8500,4,'',0,9500,4,'',0,5000,4,'',0,9000,4,'',0,8000,4,'',0,9000,4,'',0,4000,4,'',0,9000,4,'',0,8500,4,'',0,8000,4,'',0,9000,4,'',0,3500,4,'',0,12000,4,'',0,16000,4,'',0
'20240920',81209,60500,4,'',0,4000,4,'',0,9500,4,'',0,8500,4,'',0,9500,4,'',0,8500,4,'',0,4500,4,'',0,8500,4,'',0,9000,4,'',0,8500,4,'',0,9500,4,'',0,5000,4,'',0,9000,4,'',0,8000,4,'',0,9000,4,'',0,4000,4,'',0,9000,4,'',0,8500,4,'',0,8000,4,'',0,9000,4,'',0,3500,4,'',0,8500,4,'',0,3500,4,'',0,8500,4,'',0,7500,4,'',0,11000,4,'',0
'20240921',81209,60500,4,'',0,13500,4,'',0,8500,4,'',0,9500,4,'',0,8500,4,'',0,4500,4,'',0,8500,4,'',0,9000,4,'',0,8500,4,'',0,9500,4,'',0,5000,4,'',0,9000,4,'',0,8000,4,'',0,9000,4,'',0,4000,4,'',0,9000,4,'',0,8500,4,'',0,8000,4,'',0,9000,4,'',0,3500,4,'',0,8500,4,'',0,3500,4,'',0,16000,4,'',0
