'20240716',11809,70000,4,'',0,15500,4,'',0,28000,4,'',0,50500,4,'',0,38000,4,'',0,19000,4,'',0
'20240717',11809,70000,4,'',0,15500,4,'',0,28000,4,'',0,50500,4,'',0,38000,4,'',0,19000,4,'',0
'20240718',11809,70000,4,'',0,15500,4,'',0,28000,4,'',0,50500,4,'',0,38000,4,'',0,29000,4,'',0
'20240719',11809,70000,4,'',0,15500,4,'',0,28000,4,'',0,50500,4,'',0,38000,4,'',0,29000,4,'',0
'20240720',11809,70000,4,'',0,15500,4,'',0,28000,4,'',0,50500,4,'',0,38000,4,'',0,29000,4,'',0
'20240721',11809,70000,4,'',0,15500,4,'',0,28000,4,'',0,50500,4,'',0,38000,4,'',0,29000,4,'',0
'20240722',11809,70000,4,'',0,15500,4,'',0,28000,4,'',0,50500,4,'',0,38000,4,'',0,29000,4,'',0
'20240723',11809,70000,4,'',0,15500,4,'',0,28000,4,'',0,50500,4,'',0,38000,4,'',0,19000,4,'',0
'20240724',11809,70000,4,'',0,15500,4,'',0,28000,4,'',0,50500,4,'',0,38000,4,'',0,19000,4,'',0
'20240725',11809,70000,4,'',0,15500,4,'',0,28000,4,'',0,50500,4,'',0,38000,4,'',0,29000,4,'',0
'20240726',11809,70000,4,'',0,15500,4,'',0,28000,4,'',0,50500,4,'',0,38000,4,'',0,29000,4,'',0
'20240727',11809,70000,4,'',0,15500,4,'',0,28000,4,'',0,50500,4,'',0,38000,4,'',0,29000,4,'',0
'20240728',11809,70000,4,'',0,15500,4,'',0,28000,4,'',0,50500,4,'',0,38000,4,'',0,29000,4,'',0
'20240729',11809,70000,4,'',0,15500,4,'',0,28000,4,'',0,50500,4,'',0,38000,4,'',0,29000,4,'',0
'20240730',11809,70000,4,'',0,15500,4,'',0,28000,4,'',0,50500,4,'',0,38000,4,'',0,19000,4,'',0
'20240731',11809,70000,4,'',0,15500,4,'',0,28000,4,'',0,50500,4,'',0,38000,4,'',0,19000,4,'',0
'20240801',11809,70000,4,'',0,15500,4,'',0,28000,4,'',0,50500,4,'',0,38000,4,'',0,29000,4,'',0
'20240802',11809,70000,4,'',0,15500,4,'',0,28000,4,'',0,50500,4,'',0,38000,4,'',0,29000,4,'',0
'20240803',11809,70000,4,'',0,15500,4,'',0,28000,4,'',0,50500,4,'',0,38000,4,'',0,29000,4,'',0
'20240804',11809,70000,4,'',0,15500,4,'',0,28000,4,'',0,50500,4,'',0,38000,4,'',0,29000,4,'',0
'20240805',11809,70000,4,'',0,15500,4,'',0,28000,4,'',0,50500,4,'',0,38000,4,'',0,29000,4,'',0
'20240806',11809,70000,4,'',0,15500,4,'',0,28000,4,'',0,50500,4,'',0,38000,4,'',0,19000,4,'',0
'20240807',11809,70000,4,'',0,15500,4,'',0,28000,4,'',0,50500,4,'',0,38000,4,'',0,19000,4,'',0
'20240808',11809,70000,4,'',0,15500,4,'',0,28000,4,'',0,50500,4,'',0,38000,4,'',0,29000,4,'',0
'20240809',11809,70000,4,'',0,15500,4,'',0,28000,4,'',0,50500,4,'',0,38000,4,'',0,29000,4,'',0
'20240810',11809,70000,4,'',0,15500,4,'',0,28000,4,'',0,50500,4,'',0,38000,4,'',0,29000,4,'',0
'20240811',11809,70000,4,'',0,15500,4,'',0,28000,4,'',0,50500,4,'',0,38000,4,'',0,29000,4,'',0
'20240812',11809,70000,4,'',0,15500,4,'',0,28000,4,'',0,50500,4,'',0,38000,4,'',0,29000,4,'',0
'20240813',11809,70000,4,'',0,15500,4,'',0,28000,4,'',0,50500,4,'',0,38000,4,'',0,19000,4,'',0
'20240814',11809,70000,4,'',0,15500,4,'',0,28000,4,'',0,50500,4,'',0,38000,4,'',0,19000,4,'',0
'20240815',11809,70000,4,'',0,15500,4,'',0,28000,4,'',0,50500,4,'',0,38000,4,'',0,29000,4,'',0
'20240816',11809,70000,4,'',0,15500,4,'',0,28000,4,'',0,50500,4,'',0,38000,4,'',0,29000,4,'',0
'20240817',11809,70000,4,'',0,15500,4,'',0,28000,4,'',0,50500,4,'',0,38000,4,'',0,29000,4,'',0
'20240818',11809,70000,4,'',0,15500,4,'',0,28000,4,'',0,50500,4,'',0,38000,4,'',0,29000,4,'',0
'20240819',11809,70000,4,'',0,15500,4,'',0,28000,4,'',0,50500,4,'',0,38000,4,'',0,29000,4,'',0
'20240820',11809,70000,4,'',0,15500,4,'',0,28000,4,'',0,50500,4,'',0,38000,4,'',0,19000,4,'',0
'20240821',11809,70000,4,'',0,15500,4,'',0,28000,4,'',0,50500,4,'',0,38000,4,'',0,19000,4,'',0
'20240822',11809,70000,4,'',0,15500,4,'',0,28000,4,'',0,50500,4,'',0,38000,4,'',0,29000,4,'',0
'20240823',11809,70000,4,'',0,15500,4,'',0,28000,4,'',0,50500,4,'',0,38000,4,'',0,29000,4,'',0
'20240824',11809,70000,4,'',0,15500,4,'',0,28000,4,'',0,50500,4,'',0,38000,4,'',0,29000,4,'',0
'20240825',11809,70000,4,'',0,15500,4,'',0,28000,4,'',0,50500,4,'',0,38000,4,'',0,29000,4,'',0
'20240826',11809,70000,4,'',0,15500,4,'',0,28000,4,'',0,50500,4,'',0,38000,4,'',0,29000,4,'',0
'20240827',11809,70000,4,'',0,15500,4,'',0,28000,4,'',0,50500,4,'',0,38000,4,'',0,19000,4,'',0
'20240828',11809,70000,4,'',0,15500,4,'',0,28000,4,'',0,50500,4,'',0,38000,4,'',0,19000,4,'',0
'20240829',11809,70000,4,'',0,15500,4,'',0,28000,4,'',0,50500,4,'',0,38000,4,'',0,29000,4,'',0
'20240830',11809,70000,4,'',0,15500,4,'',0,28000,4,'',0,50500,4,'',0,38000,4,'',0,29000,4,'',0
'20240831',11809,70000,4,'',0,15500,4,'',0,28000,4,'',0,50500,4,'',0,38000,4,'',0,29000,4,'',0
'20240901',11809,70000,4,'',0,15500,4,'',0,28000,4,'',0,50500,4,'',0,38000,4,'',0,29000,4,'',0
'20240902',11809,70000,4,'',0,15500,4,'',0,28000,4,'',0,50500,4,'',0,38000,4,'',0,29000,4,'',0
'20240903',11809,70000,4,'',0,15500,4,'',0,28000,4,'',0,50500,4,'',0,38000,4,'',0,19000,4,'',0
'20240904',11809,70000,4,'',0,15500,4,'',0,28000,4,'',0,50500,4,'',0,38000,4,'',0,19000,4,'',0
'20240905',11809,70000,4,'',0,15500,4,'',0,28000,4,'',0,50500,4,'',0,38000,4,'',0,29000,4,'',0
'20240906',11809,70000,4,'',0,15500,4,'',0,28000,4,'',0,50500,4,'',0,38000,4,'',0,29000,4,'',0
'20240907',11809,70000,4,'',0,15500,4,'',0,28000,4,'',0,50500,4,'',0,38000,4,'',0,29000,4,'',0
'20240908',11809,70000,4,'',0,15500,4,'',0,28000,4,'',0,50500,4,'',0,38000,4,'',0,29000,4,'',0
'20240716',18109,75000,0,'''Anacortes''',0,10500,0,'''Anacortes''',0,38000,0,'''Anacortes''',0,49500,0,'''Anacortes''',0,29000,0,'''Anacortes''',0,28000,0,'''Anacortes''',0
'20240717',18109,75000,0,'''Anacortes''',0,10500,0,'''Anacortes''',0,38000,0,'''Anacortes''',0,49500,0,'''Anacortes''',0,29000,0,'''Anacortes''',0,28000,0,'''Anacortes''',0
'20240718',18109,75000,0,'''Anacortes''',0,10500,0,'''Anacortes''',0,38000,0,'''Anacortes''',0,49500,0,'''Anacortes''',0,29000,0,'''Anacortes''',0,28000,0,'''Anacortes''',0
'20240719',18109,75000,0,'''Anacortes''',0,10500,0,'''Anacortes''',0,38000,0,'''Anacortes''',0,49500,0,'''Anacortes''',0,29000,0,'''Anacortes''',0,28000,0,'''Anacortes''',0
'20240720',18109,75000,0,'''Anacortes''',0,10500,0,'''Anacortes''',0,38000,0,'''Anacortes''',0,49500,0,'''Anacortes''',0,29000,0,'''Anacortes''',0,28000,0,'''Anacortes''',0
'20240721',18109,75000,0,'''Anacortes''',0,10500,0,'''Anacortes''',0,38000,0,'''Anacortes''',0,49500,0,'''Anacortes''',0,29000,0,'''Anacortes''',0,28000,0,'''Anacortes''',0
'20240722',18109,75000,0,'''Anacortes''',0,10500,0,'''Anacortes''',0,38000,0,'''Anacortes''',0,49500,0,'''Anacortes''',0,29000,0,'''Anacortes''',0,28000,0,'''Anacortes''',0
'20240723',18109,75000,0,'''Anacortes''',0,10500,0,'''Anacortes''',0,38000,0,'''Anacortes''',0,49500,0,'''Anacortes''',0,29000,0,'''Anacortes''',0,28000,0,'''Anacortes''',0
'20240724',18109,75000,0,'''Anacortes''',0,10500,0,'''Anacortes''',0,38000,0,'''Anacortes''',0,49500,0,'''Anacortes''',0,29000,0,'''Anacortes''',0,28000,0,'''Anacortes''',0
'20240725',18109,75000,0,'''Anacortes''',0,10500,0,'''Anacortes''',0,38000,0,'''Anacortes''',0,49500,0,'''Anacortes''',0,29000,0,'''Anacortes''',0,28000,0,'''Anacortes''',0
'20240726',18109,75000,0,'''Anacortes''',0,10500,0,'''Anacortes''',0,38000,0,'''Anacortes''',0,49500,0,'''Anacortes''',0,29000,0,'''Anacortes''',0,28000,0,'''Anacortes''',0
'20240727',18109,75000,0,'''Anacortes''',0,10500,0,'''Anacortes''',0,38000,0,'''Anacortes''',0,49500,0,'''Anacortes''',0,29000,0,'''Anacortes''',0,28000,0,'''Anacortes''',0
'20240728',18109,75000,0,'''Anacortes''',0,10500,0,'''Anacortes''',0,38000,0,'''Anacortes''',0,49500,0,'''Anacortes''',0,29000,0,'''Anacortes''',0,28000,0,'''Anacortes''',0
'20240729',18109,75000,0,'''Anacortes''',0,10500,0,'''Anacortes''',0,38000,0,'''Anacortes''',0,49500,0,'''Anacortes''',0,29000,0,'''Anacortes''',0,28000,0,'''Anacortes''',0
'20240730',18109,75000,0,'''Anacortes''',0,10500,0,'''Anacortes''',0,38000,0,'''Anacortes''',0,49500,0,'''Anacortes''',0,29000,0,'''Anacortes''',0,28000,0,'''Anacortes''',0
'20240731',18109,75000,0,'''Anacortes''',0,10500,0,'''Anacortes''',0,38000,0,'''Anacortes''',0,49500,0,'''Anacortes''',0,29000,0,'''Anacortes''',0,28000,0,'''Anacortes''',0
'20240801',18109,75000,0,'''Anacortes''',0,10500,0,'''Anacortes''',0,38000,0,'''Anacortes''',0,49500,0,'''Anacortes''',0,29000,0,'''Anacortes''',0,28000,0,'''Anacortes''',0
'20240802',18109,75000,0,'''Anacortes''',0,10500,0,'''Anacortes''',0,38000,0,'''Anacortes''',0,49500,0,'''Anacortes''',0,29000,0,'''Anacortes''',0,28000,0,'''Anacortes''',0
'20240803',18109,75000,0,'''Anacortes''',0,10500,0,'''Anacortes''',0,38000,0,'''Anacortes''',0,49500,0,'''Anacortes''',0,29000,0,'''Anacortes''',0,28000,0,'''Anacortes''',0
'20240804',18109,75000,0,'''Anacortes''',0,10500,0,'''Anacortes''',0,38000,0,'''Anacortes''',0,49500,0,'''Anacortes''',0,29000,0,'''Anacortes''',0,28000,0,'''Anacortes''',0
'20240805',18109,75000,0,'''Anacortes''',0,10500,0,'''Anacortes''',0,38000,0,'''Anacortes''',0,49500,0,'''Anacortes''',0,29000,0,'''Anacortes''',0,28000,0,'''Anacortes''',0
'20240806',18109,75000,0,'''Anacortes''',0,10500,0,'''Anacortes''',0,38000,0,'''Anacortes''',0,49500,0,'''Anacortes''',0,29000,0,'''Anacortes''',0,28000,0,'''Anacortes''',0
'20240807',18109,75000,0,'''Anacortes''',0,10500,0,'''Anacortes''',0,38000,0,'''Anacortes''',0,49500,0,'''Anacortes''',0,29000,0,'''Anacortes''',0,28000,0,'''Anacortes''',0
'20240808',18109,75000,0,'''Anacortes''',0,10500,0,'''Anacortes''',0,38000,0,'''Anacortes''',0,49500,0,'''Anacortes''',0,29000,0,'''Anacortes''',0,28000,0,'''Anacortes''',0
'20240809',18109,75000,0,'''Anacortes''',0,10500,0,'''Anacortes''',0,38000,0,'''Anacortes''',0,49500,0,'''Anacortes''',0,29000,0,'''Anacortes''',0,28000,0,'''Anacortes''',0
'20240810',18109,75000,0,'''Anacortes''',0,10500,0,'''Anacortes''',0,38000,0,'''Anacortes''',0,49500,0,'''Anacortes''',0,29000,0,'''Anacortes''',0,28000,0,'''Anacortes''',0
'20240811',18109,75000,0,'''Anacortes''',0,10500,0,'''Anacortes''',0,38000,0,'''Anacortes''',0,49500,0,'''Anacortes''',0,29000,0,'''Anacortes''',0,28000,0,'''Anacortes''',0
'20240812',18109,75000,0,'''Anacortes''',0,10500,0,'''Anacortes''',0,38000,0,'''Anacortes''',0,49500,0,'''Anacortes''',0,29000,0,'''Anacortes''',0,28000,0,'''Anacortes''',0
'20240813',18109,75000,0,'''Anacortes''',0,10500,0,'''Anacortes''',0,38000,0,'''Anacortes''',0,49500,0,'''Anacortes''',0,29000,0,'''Anacortes''',0,28000,0,'''Anacortes''',0
'20240814',18109,75000,0,'''Anacortes''',0,10500,0,'''Anacortes''',0,38000,0,'''Anacortes''',0,49500,0,'''Anacortes''',0,29000,0,'''Anacortes''',0,28000,0,'''Anacortes''',0
'20240815',18109,75000,0,'''Anacortes''',0,10500,0,'''Anacortes''',0,38000,0,'''Anacortes''',0,49500,0,'''Anacortes''',0,29000,0,'''Anacortes''',0,28000,0,'''Anacortes''',0
'20240816',18109,75000,0,'''Anacortes''',0,10500,0,'''Anacortes''',0,38000,0,'''Anacortes''',0,49500,0,'''Anacortes''',0,29000,0,'''Anacortes''',0,28000,0,'''Anacortes''',0
'20240817',18109,75000,0,'''Anacortes''',0,10500,0,'''Anacortes''',0,38000,0,'''Anacortes''',0,49500,0,'''Anacortes''',0,29000,0,'''Anacortes''',0,28000,0,'''Anacortes''',0
'20240818',18109,75000,0,'''Anacortes''',0,10500,0,'''Anacortes''',0,38000,0,'''Anacortes''',0,49500,0,'''Anacortes''',0,29000,0,'''Anacortes''',0,28000,0,'''Anacortes''',0
'20240819',18109,75000,0,'''Anacortes''',0,10500,0,'''Anacortes''',0,38000,0,'''Anacortes''',0,49500,0,'''Anacortes''',0,29000,0,'''Anacortes''',0,28000,0,'''Anacortes''',0
'20240820',18109,75000,0,'''Anacortes''',0,10500,0,'''Anacortes''',0,38000,0,'''Anacortes''',0,49500,0,'''Anacortes''',0,29000,0,'''Anacortes''',0,28000,0,'''Anacortes''',0
'20240821',18109,75000,0,'''Anacortes''',0,10500,0,'''Anacortes''',0,38000,0,'''Anacortes''',0,49500,0,'''Anacortes''',0,29000,0,'''Anacortes''',0,28000,0,'''Anacortes''',0
'20240822',18109,75000,0,'''Anacortes''',0,10500,0,'''Anacortes''',0,38000,0,'''Anacortes''',0,49500,0,'''Anacortes''',0,29000,0,'''Anacortes''',0,28000,0,'''Anacortes''',0
'20240823',18109,75000,0,'''Anacortes''',0,10500,0,'''Anacortes''',0,38000,0,'''Anacortes''',0,49500,0,'''Anacortes''',0,29000,0,'''Anacortes''',0,28000,0,'''Anacortes''',0
'20240824',18109,75000,0,'''Anacortes''',0,10500,0,'''Anacortes''',0,38000,0,'''Anacortes''',0,49500,0,'''Anacortes''',0,29000,0,'''Anacortes''',0,28000,0,'''Anacortes''',0
'20240825',18109,75000,0,'''Anacortes''',0,10500,0,'''Anacortes''',0,38000,0,'''Anacortes''',0,49500,0,'''Anacortes''',0,29000,0,'''Anacortes''',0,28000,0,'''Anacortes''',0
'20240826',18109,75000,0,'''Anacortes''',0,10500,0,'''Anacortes''',0,38000,0,'''Anacortes''',0,49500,0,'''Anacortes''',0,29000,0,'''Anacortes''',0,28000,0,'''Anacortes''',0
'20240827',18109,75000,0,'''Anacortes''',0,10500,0,'''Anacortes''',0,38000,0,'''Anacortes''',0,49500,0,'''Anacortes''',0,29000,0,'''Anacortes''',0,28000,0,'''Anacortes''',0
'20240828',18109,75000,0,'''Anacortes''',0,10500,0,'''Anacortes''',0,38000,0,'''Anacortes''',0,49500,0,'''Anacortes''',0,29000,0,'''Anacortes''',0,28000,0,'''Anacortes''',0
'20240829',18109,75000,0,'''Anacortes''',0,10500,0,'''Anacortes''',0,38000,0,'''Anacortes''',0,49500,0,'''Anacortes''',0,29000,0,'''Anacortes''',0,28000,0,'''Anacortes''',0
'20240830',18109,75000,0,'''Anacortes''',0,10500,0,'''Anacortes''',0,38000,0,'''Anacortes''',0,49500,0,'''Anacortes''',0,29000,0,'''Anacortes''',0,28000,0,'''Anacortes''',0
'20240831',18109,75000,0,'''Anacortes''',0,10500,0,'''Anacortes''',0,38000,0,'''Anacortes''',0,49500,0,'''Anacortes''',0,29000,0,'''Anacortes''',0,28000,0,'''Anacortes''',0
'20240901',18109,75000,0,'''Anacortes''',0,10500,0,'''Anacortes''',0,38000,0,'''Anacortes''',0,49500,0,'''Anacortes''',0,29000,0,'''Anacortes''',0,28000,0,'''Anacortes''',0
'20240902',18109,75000,0,'''Anacortes''',0,10500,0,'''Anacortes''',0,38000,0,'''Anacortes''',0,49500,0,'''Anacortes''',0,29000,0,'''Anacortes''',0,28000,0,'''Anacortes''',0
'20240903',18109,75000,0,'''Anacortes''',0,10500,0,'''Anacortes''',0,38000,0,'''Anacortes''',0,49500,0,'''Anacortes''',0,29000,0,'''Anacortes''',0,28000,0,'''Anacortes''',0
'20240904',18109,75000,0,'''Anacortes''',0,10500,0,'''Anacortes''',0,38000,0,'''Anacortes''',0,49500,0,'''Anacortes''',0,29000,0,'''Anacortes''',0,28000,0,'''Anacortes''',0
'20240905',18109,75000,0,'''Anacortes''',0,10500,0,'''Anacortes''',0,38000,0,'''Anacortes''',0,49500,0,'''Anacortes''',0,29000,0,'''Anacortes''',0,28000,0,'''Anacortes''',0
'20240906',18109,75000,0,'''Anacortes''',0,10500,0,'''Anacortes''',0,38000,0,'''Anacortes''',0,49500,0,'''Anacortes''',0,29000,0,'''Anacortes''',0,28000,0,'''Anacortes''',0
'20240907',18109,75000,0,'''Anacortes''',0,10500,0,'''Anacortes''',0,38000,0,'''Anacortes''',0,49500,0,'''Anacortes''',0,29000,0,'''Anacortes''',0,28000,0,'''Anacortes''',0
'20240908',18109,75000,0,'''Anacortes''',0,10500,0,'''Anacortes''',0,38000,0,'''Anacortes''',0,49500,0,'''Anacortes''',0,29000,0,'''Anacortes''',0,28000,0,'''Anacortes''',0
'20240716',101809,71000,4,'',0,22000,4,'',0,29500,4,'',0,29500,4,'',0,31500,4,'',0,46500,4,'',0
'20240717',101809,71000,4,'',0,22000,4,'',0,29500,4,'',0,29500,4,'',0,31500,4,'',0,46500,4,'',0
'20240718',101809,71000,4,'',0,22000,4,'',0,29500,4,'',0,29500,4,'',0,31500,4,'',0,46500,4,'',0
'20240719',101809,71000,4,'',0,22000,4,'',0,29500,4,'',0,29500,4,'',0,31500,4,'',0,46500,4,'',0
'20240720',101809,71000,4,'',0,22000,4,'',0,29500,4,'',0,29500,4,'',0,31500,4,'',0,46500,4,'',0
'20240721',101809,71000,4,'',0,22000,4,'',0,29500,4,'',0,61000,4,'',0,46500,4,'',0
'20240722',101809,71000,4,'',0,22000,4,'',0,29500,4,'',0,29500,4,'',0,31500,4,'',0,46500,4,'',0
'20240723',101809,71000,4,'',0,22000,4,'',0,29500,4,'',0,29500,4,'',0,31500,4,'',0,46500,4,'',0
'20240724',101809,71000,4,'',0,22000,4,'',0,29500,4,'',0,29500,4,'',0,31500,4,'',0,46500,4,'',0
'20240725',101809,71000,4,'',0,22000,4,'',0,29500,4,'',0,29500,4,'',0,31500,4,'',0,46500,4,'',0
'20240726',101809,71000,4,'',0,22000,4,'',0,29500,4,'',0,29500,4,'',0,31500,4,'',0,46500,4,'',0
'20240727',101809,71000,4,'',0,22000,4,'',0,29500,4,'',0,29500,4,'',0,31500,4,'',0,46500,4,'',0
'20240728',101809,71000,4,'',0,22000,4,'',0,29500,4,'',0,61000,4,'',0,46500,4,'',0
'20240729',101809,71000,4,'',0,22000,4,'',0,29500,4,'',0,29500,4,'',0,31500,4,'',0,46500,4,'',0
'20240730',101809,71000,4,'',0,22000,4,'',0,29500,4,'',0,29500,4,'',0,31500,4,'',0,46500,4,'',0
'20240731',101809,71000,4,'',0,22000,4,'',0,29500,4,'',0,29500,4,'',0,31500,4,'',0,46500,4,'',0
'20240801',101809,71000,4,'',0,22000,4,'',0,29500,4,'',0,29500,4,'',0,31500,4,'',0,46500,4,'',0
'20240802',101809,71000,4,'',0,22000,4,'',0,29500,4,'',0,29500,4,'',0,31500,4,'',0,46500,4,'',0
'20240803',101809,71000,4,'',0,22000,4,'',0,29500,4,'',0,29500,4,'',0,31500,4,'',0,46500,4,'',0
'20240804',101809,71000,4,'',0,22000,4,'',0,29500,4,'',0,61000,4,'',0,46500,4,'',0
'20240805',101809,71000,4,'',0,22000,4,'',0,29500,4,'',0,29500,4,'',0,31500,4,'',0,46500,4,'',0
'20240806',101809,71000,4,'',0,22000,4,'',0,29500,4,'',0,29500,4,'',0,31500,4,'',0,46500,4,'',0
'20240807',101809,71000,4,'',0,22000,4,'',0,29500,4,'',0,29500,4,'',0,31500,4,'',0,46500,4,'',0
'20240808',101809,71000,4,'',0,22000,4,'',0,29500,4,'',0,29500,4,'',0,31500,4,'',0,46500,4,'',0
'20240809',101809,71000,4,'',0,22000,4,'',0,29500,4,'',0,29500,4,'',0,31500,4,'',0,46500,4,'',0
'20240810',101809,71000,4,'',0,22000,4,'',0,29500,4,'',0,29500,4,'',0,31500,4,'',0,46500,4,'',0
'20240811',101809,71000,4,'',0,22000,4,'',0,29500,4,'',0,61000,4,'',0,46500,4,'',0
'20240812',101809,71000,4,'',0,22000,4,'',0,29500,4,'',0,29500,4,'',0,31500,4,'',0,46500,4,'',0
'20240813',101809,71000,4,'',0,22000,4,'',0,29500,4,'',0,29500,4,'',0,31500,4,'',0,46500,4,'',0
'20240814',101809,71000,4,'',0,22000,4,'',0,29500,4,'',0,29500,4,'',0,31500,4,'',0,46500,4,'',0
'20240815',101809,71000,4,'',0,22000,4,'',0,29500,4,'',0,29500,4,'',0,31500,4,'',0,46500,4,'',0
'20240816',101809,71000,4,'',0,22000,4,'',0,29500,4,'',0,29500,4,'',0,31500,4,'',0,46500,4,'',0
'20240817',101809,71000,4,'',0,22000,4,'',0,29500,4,'',0,29500,4,'',0,31500,4,'',0,46500,4,'',0
'20240818',101809,71000,4,'',0,22000,4,'',0,29500,4,'',0,61000,4,'',0,46500,4,'',0
'20240819',101809,71000,4,'',0,22000,4,'',0,29500,4,'',0,29500,4,'',0,31500,4,'',0,46500,4,'',0
'20240820',101809,71000,4,'',0,22000,4,'',0,29500,4,'',0,29500,4,'',0,31500,4,'',0,46500,4,'',0
'20240821',101809,71000,4,'',0,22000,4,'',0,29500,4,'',0,29500,4,'',0,31500,4,'',0,46500,4,'',0
'20240822',101809,71000,4,'',0,22000,4,'',0,29500,4,'',0,29500,4,'',0,31500,4,'',0,46500,4,'',0
'20240823',101809,71000,4,'',0,22000,4,'',0,29500,4,'',0,29500,4,'',0,31500,4,'',0,46500,4,'',0
'20240824',101809,71000,4,'',0,22000,4,'',0,29500,4,'',0,29500,4,'',0,31500,4,'',0,46500,4,'',0
'20240825',101809,71000,4,'',0,22000,4,'',0,29500,4,'',0,61000,4,'',0,46500,4,'',0
'20240826',101809,71000,4,'',0,22000,4,'',0,29500,4,'',0,29500,4,'',0,31500,4,'',0,46500,4,'',0
'20240827',101809,71000,4,'',0,22000,4,'',0,29500,4,'',0,29500,4,'',0,31500,4,'',0,46500,4,'',0
'20240828',101809,71000,4,'',0,22000,4,'',0,29500,4,'',0,29500,4,'',0,31500,4,'',0,46500,4,'',0
'20240829',101809,71000,4,'',0,22000,4,'',0,29500,4,'',0,29500,4,'',0,31500,4,'',0,46500,4,'',0
'20240830',101809,71000,4,'',0,22000,4,'',0,29500,4,'',0,29500,4,'',0,31500,4,'',0,46500,4,'',0
'20240831',101809,71000,4,'',0,22000,4,'',0,29500,4,'',0,29500,4,'',0,31500,4,'',0,46500,4,'',0
'20240901',101809,71000,4,'',0,22000,4,'',0,29500,4,'',0,61000,4,'',0,46500,4,'',0
'20240902',101809,71000,4,'',0,22000,4,'',0,29500,4,'',0,61000,4,'',0,46500,4,'',0
'20240903',101809,71000,4,'',0,22000,4,'',0,29500,4,'',0,29500,4,'',0,31500,4,'',0,46500,4,'',0
'20240904',101809,71000,4,'',0,22000,4,'',0,29500,4,'',0,29500,4,'',0,31500,4,'',0,46500,4,'',0
'20240905',101809,71000,4,'',0,22000,4,'',0,29500,4,'',0,29500,4,'',0,31500,4,'',0,46500,4,'',0
'20240906',101809,71000,4,'',0,22000,4,'',0,29500,4,'',0,29500,4,'',0,31500,4,'',0,46500,4,'',0
'20240907',101809,71000,4,'',0,22000,4,'',0,29500,4,'',0,29500,4,'',0,31500,4,'',0,46500,4,'',0
'20240908',101809,71000,4,'',0,22000,4,'',0,29500,4,'',0,61000,4,'',0,46500,4,'',0
'20240716',131809,70000,4,'',0,32000,4,'',0,58500,4,'',0,32000,4,'',0,28500,4,'',0
'20240717',131809,70000,4,'',0,32000,4,'',0,58500,4,'',0,32000,4,'',0,28500,4,'',0
'20240718',131809,70000,4,'',0,32000,4,'',0,58500,4,'',0,32000,4,'',0,38500,4,'',0
'20240719',131809,70000,4,'',0,32000,4,'',0,58500,4,'',0,32000,4,'',0,38500,4,'',0
'20240720',131809,70000,4,'',0,32000,4,'',0,58500,4,'',0,32000,4,'',0,38500,4,'',0
'20240721',131809,70000,4,'',0,32000,4,'',0,90500,4,'',0,38500,4,'',0
'20240722',131809,70000,4,'',0,32000,4,'',0,58500,4,'',0,32000,4,'',0,38500,4,'',0
'20240723',131809,70000,4,'',0,32000,4,'',0,58500,4,'',0,32000,4,'',0,28500,4,'',0
'20240724',131809,70000,4,'',0,32000,4,'',0,58500,4,'',0,32000,4,'',0,28500,4,'',0
'20240725',131809,70000,4,'',0,32000,4,'',0,58500,4,'',0,32000,4,'',0,38500,4,'',0
'20240726',131809,70000,4,'',0,32000,4,'',0,58500,4,'',0,32000,4,'',0,38500,4,'',0
'20240727',131809,70000,4,'',0,32000,4,'',0,58500,4,'',0,32000,4,'',0,38500,4,'',0
'20240728',131809,70000,4,'',0,32000,4,'',0,90500,4,'',0,38500,4,'',0
'20240729',131809,70000,4,'',0,32000,4,'',0,58500,4,'',0,32000,4,'',0,38500,4,'',0
'20240730',131809,70000,4,'',0,32000,4,'',0,58500,4,'',0,32000,4,'',0,28500,4,'',0
'20240731',131809,70000,4,'',0,32000,4,'',0,58500,4,'',0,32000,4,'',0,28500,4,'',0
'20240801',131809,70000,4,'',0,32000,4,'',0,58500,4,'',0,32000,4,'',0,38500,4,'',0
'20240802',131809,70000,4,'',0,32000,4,'',0,58500,4,'',0,32000,4,'',0,38500,4,'',0
'20240803',131809,70000,4,'',0,32000,4,'',0,58500,4,'',0,32000,4,'',0,38500,4,'',0
'20240804',131809,70000,4,'',0,32000,4,'',0,90500,4,'',0,38500,4,'',0
'20240805',131809,70000,4,'',0,32000,4,'',0,58500,4,'',0,32000,4,'',0,38500,4,'',0
'20240806',131809,70000,4,'',0,32000,4,'',0,58500,4,'',0,32000,4,'',0,28500,4,'',0
'20240807',131809,70000,4,'',0,32000,4,'',0,58500,4,'',0,32000,4,'',0,28500,4,'',0
'20240808',131809,70000,4,'',0,32000,4,'',0,58500,4,'',0,32000,4,'',0,38500,4,'',0
'20240809',131809,70000,4,'',0,32000,4,'',0,58500,4,'',0,32000,4,'',0,38500,4,'',0
'20240810',131809,70000,4,'',0,32000,4,'',0,58500,4,'',0,32000,4,'',0,38500,4,'',0
'20240811',131809,70000,4,'',0,32000,4,'',0,90500,4,'',0,38500,4,'',0
'20240812',131809,70000,4,'',0,32000,4,'',0,58500,4,'',0,32000,4,'',0,38500,4,'',0
'20240813',131809,70000,4,'',0,32000,4,'',0,58500,4,'',0,32000,4,'',0,28500,4,'',0
'20240814',131809,70000,4,'',0,32000,4,'',0,58500,4,'',0,32000,4,'',0,28500,4,'',0
'20240815',131809,70000,4,'',0,32000,4,'',0,58500,4,'',0,32000,4,'',0,38500,4,'',0
'20240816',131809,70000,4,'',0,32000,4,'',0,58500,4,'',0,32000,4,'',0,38500,4,'',0
'20240817',131809,70000,4,'',0,32000,4,'',0,58500,4,'',0,32000,4,'',0,38500,4,'',0
'20240818',131809,70000,4,'',0,32000,4,'',0,90500,4,'',0,38500,4,'',0
'20240819',131809,70000,4,'',0,32000,4,'',0,58500,4,'',0,32000,4,'',0,38500,4,'',0
'20240820',131809,70000,4,'',0,32000,4,'',0,58500,4,'',0,32000,4,'',0,28500,4,'',0
'20240821',131809,70000,4,'',0,32000,4,'',0,58500,4,'',0,32000,4,'',0,28500,4,'',0
'20240822',131809,70000,4,'',0,32000,4,'',0,58500,4,'',0,32000,4,'',0,38500,4,'',0
'20240823',131809,70000,4,'',0,32000,4,'',0,58500,4,'',0,32000,4,'',0,38500,4,'',0
'20240824',131809,70000,4,'',0,32000,4,'',0,58500,4,'',0,32000,4,'',0,38500,4,'',0
'20240825',131809,70000,4,'',0,32000,4,'',0,90500,4,'',0,38500,4,'',0
'20240826',131809,70000,4,'',0,32000,4,'',0,58500,4,'',0,32000,4,'',0,38500,4,'',0
'20240827',131809,70000,4,'',0,32000,4,'',0,58500,4,'',0,32000,4,'',0,28500,4,'',0
'20240828',131809,70000,4,'',0,32000,4,'',0,58500,4,'',0,32000,4,'',0,28500,4,'',0
'20240829',131809,70000,4,'',0,32000,4,'',0,58500,4,'',0,32000,4,'',0,38500,4,'',0
'20240830',131809,70000,4,'',0,32000,4,'',0,58500,4,'',0,32000,4,'',0,38500,4,'',0
'20240831',131809,70000,4,'',0,32000,4,'',0,58500,4,'',0,32000,4,'',0,38500,4,'',0
'20240901',131809,70000,4,'',0,32000,4,'',0,90500,4,'',0,38500,4,'',0
'20240902',131809,70000,4,'',0,32000,4,'',0,90500,4,'',0,38500,4,'',0
'20240903',131809,70000,4,'',0,32000,4,'',0,58500,4,'',0,32000,4,'',0,28500,4,'',0
'20240904',131809,70000,4,'',0,32000,4,'',0,58500,4,'',0,32000,4,'',0,28500,4,'',0
'20240905',131809,70000,4,'',0,32000,4,'',0,58500,4,'',0,32000,4,'',0,38500,4,'',0
'20240906',131809,70000,4,'',0,32000,4,'',0,58500,4,'',0,32000,4,'',0,38500,4,'',0
'20240907',131809,70000,4,'',0,32000,4,'',0,58500,4,'',0,32000,4,'',0,38500,4,'',0
'20240908',131809,70000,4,'',0,32000,4,'',0,90500,4,'',0,38500,4,'',0
'20240716',151809,71000,4,'',0,4000,4,'',0,10500,4,'',0,7500,4,'',0,30500,4,'',0,28500,4,'',0,21000,4,'',0,10500,4,'',0,46500,4,'',0
'20240717',151809,71000,4,'',0,4000,4,'',0,10500,4,'',0,7500,4,'',0,30500,4,'',0,28500,4,'',0,21000,4,'',0,10500,4,'',0,46500,4,'',0
'20240718',151809,71000,4,'',0,4000,4,'',0,10500,4,'',0,7500,4,'',0,30500,4,'',0,28500,4,'',0,21000,4,'',0,10500,4,'',0,46500,4,'',0
'20240719',151809,71000,4,'',0,4000,4,'',0,10500,4,'',0,7500,4,'',0,30500,4,'',0,28500,4,'',0,21000,4,'',0,10500,4,'',0,46500,4,'',0
'20240720',151809,71000,4,'',0,4000,4,'',0,10500,4,'',0,7500,4,'',0,30500,4,'',0,28500,4,'',0,21000,4,'',0,10500,4,'',0,46500,4,'',0
'20240721',151809,71000,4,'',0,4000,4,'',0,10500,4,'',0,7500,4,'',0,30500,4,'',0,49500,4,'',0,10500,4,'',0,46500,4,'',0
'20240722',151809,71000,4,'',0,4000,4,'',0,10500,4,'',0,7500,4,'',0,30500,4,'',0,28500,4,'',0,21000,4,'',0,10500,4,'',0,46500,4,'',0
'20240723',151809,71000,4,'',0,4000,4,'',0,10500,4,'',0,7500,4,'',0,30500,4,'',0,28500,4,'',0,21000,4,'',0,10500,4,'',0,46500,4,'',0
'20240724',151809,71000,4,'',0,4000,4,'',0,10500,4,'',0,7500,4,'',0,30500,4,'',0,28500,4,'',0,21000,4,'',0,10500,4,'',0,46500,4,'',0
'20240725',151809,71000,4,'',0,4000,4,'',0,10500,4,'',0,7500,4,'',0,30500,4,'',0,28500,4,'',0,21000,4,'',0,10500,4,'',0,46500,4,'',0
'20240726',151809,71000,4,'',0,4000,4,'',0,10500,4,'',0,7500,4,'',0,30500,4,'',0,28500,4,'',0,21000,4,'',0,10500,4,'',0,46500,4,'',0
'20240727',151809,71000,4,'',0,4000,4,'',0,10500,4,'',0,7500,4,'',0,30500,4,'',0,28500,4,'',0,21000,4,'',0,10500,4,'',0,46500,4,'',0
'20240728',151809,71000,4,'',0,4000,4,'',0,10500,4,'',0,7500,4,'',0,30500,4,'',0,49500,4,'',0,10500,4,'',0,46500,4,'',0
'20240729',151809,71000,4,'',0,4000,4,'',0,10500,4,'',0,7500,4,'',0,30500,4,'',0,28500,4,'',0,21000,4,'',0,10500,4,'',0,46500,4,'',0
'20240730',151809,71000,4,'',0,4000,4,'',0,10500,4,'',0,7500,4,'',0,30500,4,'',0,28500,4,'',0,21000,4,'',0,10500,4,'',0,46500,4,'',0
'20240731',151809,71000,4,'',0,4000,4,'',0,10500,4,'',0,7500,4,'',0,30500,4,'',0,28500,4,'',0,21000,4,'',0,10500,4,'',0,46500,4,'',0
'20240801',151809,71000,4,'',0,4000,4,'',0,10500,4,'',0,7500,4,'',0,30500,4,'',0,28500,4,'',0,21000,4,'',0,10500,4,'',0,46500,4,'',0
'20240802',151809,71000,4,'',0,4000,4,'',0,10500,4,'',0,7500,4,'',0,30500,4,'',0,28500,4,'',0,21000,4,'',0,10500,4,'',0,46500,4,'',0
'20240803',151809,71000,4,'',0,4000,4,'',0,10500,4,'',0,7500,4,'',0,30500,4,'',0,28500,4,'',0,21000,4,'',0,10500,4,'',0,46500,4,'',0
'20240804',151809,71000,4,'',0,4000,4,'',0,10500,4,'',0,7500,4,'',0,30500,4,'',0,49500,4,'',0,10500,4,'',0,46500,4,'',0
'20240805',151809,71000,4,'',0,4000,4,'',0,10500,4,'',0,7500,4,'',0,30500,4,'',0,28500,4,'',0,21000,4,'',0,10500,4,'',0,46500,4,'',0
'20240806',151809,71000,4,'',0,4000,4,'',0,10500,4,'',0,7500,4,'',0,30500,4,'',0,28500,4,'',0,21000,4,'',0,10500,4,'',0,46500,4,'',0
'20240807',151809,71000,4,'',0,4000,4,'',0,10500,4,'',0,7500,4,'',0,30500,4,'',0,28500,4,'',0,21000,4,'',0,10500,4,'',0,46500,4,'',0
'20240808',151809,71000,4,'',0,4000,4,'',0,10500,4,'',0,7500,4,'',0,30500,4,'',0,28500,4,'',0,21000,4,'',0,10500,4,'',0,46500,4,'',0
'20240809',151809,71000,4,'',0,4000,4,'',0,10500,4,'',0,7500,4,'',0,30500,4,'',0,28500,4,'',0,21000,4,'',0,10500,4,'',0,46500,4,'',0
'20240810',151809,71000,4,'',0,4000,4,'',0,10500,4,'',0,7500,4,'',0,30500,4,'',0,28500,4,'',0,21000,4,'',0,10500,4,'',0,46500,4,'',0
'20240811',151809,71000,4,'',0,4000,4,'',0,10500,4,'',0,7500,4,'',0,30500,4,'',0,49500,4,'',0,10500,4,'',0,46500,4,'',0
'20240812',151809,71000,4,'',0,4000,4,'',0,10500,4,'',0,7500,4,'',0,30500,4,'',0,28500,4,'',0,21000,4,'',0,10500,4,'',0,46500,4,'',0
'20240813',151809,71000,4,'',0,4000,4,'',0,10500,4,'',0,7500,4,'',0,30500,4,'',0,28500,4,'',0,21000,4,'',0,10500,4,'',0,46500,4,'',0
'20240814',151809,71000,4,'',0,4000,4,'',0,10500,4,'',0,7500,4,'',0,30500,4,'',0,28500,4,'',0,21000,4,'',0,10500,4,'',0,46500,4,'',0
'20240815',151809,71000,4,'',0,4000,4,'',0,10500,4,'',0,7500,4,'',0,30500,4,'',0,28500,4,'',0,21000,4,'',0,10500,4,'',0,46500,4,'',0
'20240816',151809,71000,4,'',0,4000,4,'',0,10500,4,'',0,7500,4,'',0,30500,4,'',0,28500,4,'',0,21000,4,'',0,10500,4,'',0,46500,4,'',0
'20240817',151809,71000,4,'',0,4000,4,'',0,10500,4,'',0,7500,4,'',0,30500,4,'',0,28500,4,'',0,21000,4,'',0,10500,4,'',0,46500,4,'',0
'20240818',151809,71000,4,'',0,4000,4,'',0,10500,4,'',0,7500,4,'',0,30500,4,'',0,49500,4,'',0,10500,4,'',0,46500,4,'',0
'20240819',151809,71000,4,'',0,4000,4,'',0,10500,4,'',0,7500,4,'',0,30500,4,'',0,28500,4,'',0,21000,4,'',0,10500,4,'',0,46500,4,'',0
'20240820',151809,71000,4,'',0,4000,4,'',0,10500,4,'',0,7500,4,'',0,30500,4,'',0,28500,4,'',0,21000,4,'',0,10500,4,'',0,46500,4,'',0
'20240821',151809,71000,4,'',0,4000,4,'',0,10500,4,'',0,7500,4,'',0,30500,4,'',0,28500,4,'',0,21000,4,'',0,10500,4,'',0,46500,4,'',0
'20240822',151809,71000,4,'',0,4000,4,'',0,10500,4,'',0,7500,4,'',0,30500,4,'',0,28500,4,'',0,21000,4,'',0,10500,4,'',0,46500,4,'',0
'20240823',151809,71000,4,'',0,4000,4,'',0,10500,4,'',0,7500,4,'',0,30500,4,'',0,28500,4,'',0,21000,4,'',0,10500,4,'',0,46500,4,'',0
'20240824',151809,71000,4,'',0,4000,4,'',0,10500,4,'',0,7500,4,'',0,30500,4,'',0,28500,4,'',0,21000,4,'',0,10500,4,'',0,46500,4,'',0
'20240825',151809,71000,4,'',0,4000,4,'',0,10500,4,'',0,7500,4,'',0,30500,4,'',0,49500,4,'',0,10500,4,'',0,46500,4,'',0
'20240826',151809,71000,4,'',0,4000,4,'',0,10500,4,'',0,7500,4,'',0,30500,4,'',0,28500,4,'',0,21000,4,'',0,10500,4,'',0,46500,4,'',0
'20240827',151809,71000,4,'',0,4000,4,'',0,10500,4,'',0,7500,4,'',0,30500,4,'',0,28500,4,'',0,21000,4,'',0,10500,4,'',0,46500,4,'',0
'20240828',151809,71000,4,'',0,4000,4,'',0,10500,4,'',0,7500,4,'',0,30500,4,'',0,28500,4,'',0,21000,4,'',0,10500,4,'',0,46500,4,'',0
'20240829',151809,71000,4,'',0,4000,4,'',0,10500,4,'',0,7500,4,'',0,30500,4,'',0,28500,4,'',0,21000,4,'',0,10500,4,'',0,46500,4,'',0
'20240830',151809,71000,4,'',0,4000,4,'',0,10500,4,'',0,7500,4,'',0,30500,4,'',0,28500,4,'',0,21000,4,'',0,10500,4,'',0,46500,4,'',0
'20240831',151809,71000,4,'',0,4000,4,'',0,10500,4,'',0,7500,4,'',0,30500,4,'',0,28500,4,'',0,21000,4,'',0,10500,4,'',0,46500,4,'',0
'20240901',151809,71000,4,'',0,4000,4,'',0,10500,4,'',0,7500,4,'',0,30500,4,'',0,49500,4,'',0,10500,4,'',0,46500,4,'',0
'20240902',151809,71000,4,'',0,4000,4,'',0,10500,4,'',0,7500,4,'',0,30500,4,'',0,49500,4,'',0,10500,4,'',0,46500,4,'',0
'20240903',151809,71000,4,'',0,4000,4,'',0,10500,4,'',0,7500,4,'',0,30500,4,'',0,28500,4,'',0,21000,4,'',0,10500,4,'',0,46500,4,'',0
'20240904',151809,71000,4,'',0,4000,4,'',0,10500,4,'',0,7500,4,'',0,30500,4,'',0,28500,4,'',0,21000,4,'',0,10500,4,'',0,46500,4,'',0
'20240905',151809,71000,4,'',0,4000,4,'',0,10500,4,'',0,7500,4,'',0,30500,4,'',0,28500,4,'',0,21000,4,'',0,10500,4,'',0,46500,4,'',0
'20240906',151809,71000,4,'',0,4000,4,'',0,10500,4,'',0,7500,4,'',0,30500,4,'',0,28500,4,'',0,21000,4,'',0,10500,4,'',0,46500,4,'',0
'20240907',151809,71000,4,'',0,4000,4,'',0,10500,4,'',0,7500,4,'',0,30500,4,'',0,28500,4,'',0,21000,4,'',0,10500,4,'',0,46500,4,'',0
'20240908',151809,71000,4,'',0,4000,4,'',0,10500,4,'',0,7500,4,'',0,30500,4,'',0,49500,4,'',0,10500,4,'',0,46500,4,'',0
'20240716',181009,71000,0,'''Friday Harbor''',0,31000,0,'''Friday Harbor''',0,20500,0,'''Friday Harbor''',0,38000,0,'''Friday Harbor''',0,32000,0,'''Friday Harbor''',0
'20240717',181009,71000,0,'''Friday Harbor''',0,31000,0,'''Friday Harbor''',0,20500,0,'''Friday Harbor''',0,38000,0,'''Friday Harbor''',0,32000,0,'''Friday Harbor''',0
'20240718',181009,71000,0,'''Friday Harbor''',0,31000,0,'''Friday Harbor''',0,20500,0,'''Friday Harbor''',0,38000,0,'''Friday Harbor''',0,32000,0,'''Friday Harbor''',0
'20240719',181009,71000,0,'''Friday Harbor''',0,31000,0,'''Friday Harbor''',0,20500,0,'''Friday Harbor''',0,38000,0,'''Friday Harbor''',0,32000,0,'''Friday Harbor''',0
'20240720',181009,71000,0,'''Friday Harbor''',0,31000,0,'''Friday Harbor''',0,20500,0,'''Friday Harbor''',0,38000,0,'''Friday Harbor''',0,32000,0,'''Friday Harbor''',0
'20240721',181009,71000,0,'''Friday Harbor''',0,31000,0,'''Friday Harbor''',0,20500,0,'''Friday Harbor''',0,70000,0,'''Friday Harbor''',0
'20240722',181009,71000,0,'''Friday Harbor''',0,31000,0,'''Friday Harbor''',0,20500,0,'''Friday Harbor''',0,38000,0,'''Friday Harbor''',0,32000,0,'''Friday Harbor''',0
'20240723',181009,71000,0,'''Friday Harbor''',0,31000,0,'''Friday Harbor''',0,20500,0,'''Friday Harbor''',0,38000,0,'''Friday Harbor''',0,32000,0,'''Friday Harbor''',0
'20240724',181009,71000,0,'''Friday Harbor''',0,31000,0,'''Friday Harbor''',0,20500,0,'''Friday Harbor''',0,38000,0,'''Friday Harbor''',0,32000,0,'''Friday Harbor''',0
'20240725',181009,71000,0,'''Friday Harbor''',0,31000,0,'''Friday Harbor''',0,20500,0,'''Friday Harbor''',0,38000,0,'''Friday Harbor''',0,32000,0,'''Friday Harbor''',0
'20240726',181009,71000,0,'''Friday Harbor''',0,31000,0,'''Friday Harbor''',0,20500,0,'''Friday Harbor''',0,38000,0,'''Friday Harbor''',0,32000,0,'''Friday Harbor''',0
'20240727',181009,71000,0,'''Friday Harbor''',0,31000,0,'''Friday Harbor''',0,20500,0,'''Friday Harbor''',0,38000,0,'''Friday Harbor''',0,32000,0,'''Friday Harbor''',0
'20240728',181009,71000,0,'''Friday Harbor''',0,31000,0,'''Friday Harbor''',0,20500,0,'''Friday Harbor''',0,70000,0,'''Friday Harbor''',0
'20240729',181009,71000,0,'''Friday Harbor''',0,31000,0,'''Friday Harbor''',0,20500,0,'''Friday Harbor''',0,38000,0,'''Friday Harbor''',0,32000,0,'''Friday Harbor''',0
'20240730',181009,71000,0,'''Friday Harbor''',0,31000,0,'''Friday Harbor''',0,20500,0,'''Friday Harbor''',0,38000,0,'''Friday Harbor''',0,32000,0,'''Friday Harbor''',0
'20240731',181009,71000,0,'''Friday Harbor''',0,31000,0,'''Friday Harbor''',0,20500,0,'''Friday Harbor''',0,38000,0,'''Friday Harbor''',0,32000,0,'''Friday Harbor''',0
'20240801',181009,71000,0,'''Friday Harbor''',0,31000,0,'''Friday Harbor''',0,20500,0,'''Friday Harbor''',0,38000,0,'''Friday Harbor''',0,32000,0,'''Friday Harbor''',0
'20240802',181009,71000,0,'''Friday Harbor''',0,31000,0,'''Friday Harbor''',0,20500,0,'''Friday Harbor''',0,38000,0,'''Friday Harbor''',0,32000,0,'''Friday Harbor''',0
'20240803',181009,71000,0,'''Friday Harbor''',0,31000,0,'''Friday Harbor''',0,20500,0,'''Friday Harbor''',0,38000,0,'''Friday Harbor''',0,32000,0,'''Friday Harbor''',0
'20240804',181009,71000,0,'''Friday Harbor''',0,31000,0,'''Friday Harbor''',0,20500,0,'''Friday Harbor''',0,70000,0,'''Friday Harbor''',0
'20240805',181009,71000,0,'''Friday Harbor''',0,31000,0,'''Friday Harbor''',0,20500,0,'''Friday Harbor''',0,38000,0,'''Friday Harbor''',0,32000,0,'''Friday Harbor''',0
'20240806',181009,71000,0,'''Friday Harbor''',0,31000,0,'''Friday Harbor''',0,20500,0,'''Friday Harbor''',0,38000,0,'''Friday Harbor''',0,32000,0,'''Friday Harbor''',0
'20240807',181009,71000,0,'''Friday Harbor''',0,31000,0,'''Friday Harbor''',0,20500,0,'''Friday Harbor''',0,38000,0,'''Friday Harbor''',0,32000,0,'''Friday Harbor''',0
'20240808',181009,71000,0,'''Friday Harbor''',0,31000,0,'''Friday Harbor''',0,20500,0,'''Friday Harbor''',0,38000,0,'''Friday Harbor''',0,32000,0,'''Friday Harbor''',0
'20240809',181009,71000,0,'''Friday Harbor''',0,31000,0,'''Friday Harbor''',0,20500,0,'''Friday Harbor''',0,38000,0,'''Friday Harbor''',0,32000,0,'''Friday Harbor''',0
'20240810',181009,71000,0,'''Friday Harbor''',0,31000,0,'''Friday Harbor''',0,20500,0,'''Friday Harbor''',0,38000,0,'''Friday Harbor''',0,32000,0,'''Friday Harbor''',0
'20240811',181009,71000,0,'''Friday Harbor''',0,31000,0,'''Friday Harbor''',0,20500,0,'''Friday Harbor''',0,70000,0,'''Friday Harbor''',0
'20240812',181009,71000,0,'''Friday Harbor''',0,31000,0,'''Friday Harbor''',0,20500,0,'''Friday Harbor''',0,38000,0,'''Friday Harbor''',0,32000,0,'''Friday Harbor''',0
'20240813',181009,71000,0,'''Friday Harbor''',0,31000,0,'''Friday Harbor''',0,20500,0,'''Friday Harbor''',0,38000,0,'''Friday Harbor''',0,32000,0,'''Friday Harbor''',0
'20240814',181009,71000,0,'''Friday Harbor''',0,31000,0,'''Friday Harbor''',0,20500,0,'''Friday Harbor''',0,38000,0,'''Friday Harbor''',0,32000,0,'''Friday Harbor''',0
'20240815',181009,71000,0,'''Friday Harbor''',0,31000,0,'''Friday Harbor''',0,20500,0,'''Friday Harbor''',0,38000,0,'''Friday Harbor''',0,32000,0,'''Friday Harbor''',0
'20240816',181009,71000,0,'''Friday Harbor''',0,31000,0,'''Friday Harbor''',0,20500,0,'''Friday Harbor''',0,38000,0,'''Friday Harbor''',0,32000,0,'''Friday Harbor''',0
'20240817',181009,71000,0,'''Friday Harbor''',0,31000,0,'''Friday Harbor''',0,20500,0,'''Friday Harbor''',0,38000,0,'''Friday Harbor''',0,32000,0,'''Friday Harbor''',0
'20240818',181009,71000,0,'''Friday Harbor''',0,31000,0,'''Friday Harbor''',0,20500,0,'''Friday Harbor''',0,70000,0,'''Friday Harbor''',0
'20240819',181009,71000,0,'''Friday Harbor''',0,31000,0,'''Friday Harbor''',0,20500,0,'''Friday Harbor''',0,38000,0,'''Friday Harbor''',0,32000,0,'''Friday Harbor''',0
'20240820',181009,71000,0,'''Friday Harbor''',0,31000,0,'''Friday Harbor''',0,20500,0,'''Friday Harbor''',0,38000,0,'''Friday Harbor''',0,32000,0,'''Friday Harbor''',0
'20240821',181009,71000,0,'''Friday Harbor''',0,31000,0,'''Friday Harbor''',0,20500,0,'''Friday Harbor''',0,38000,0,'''Friday Harbor''',0,32000,0,'''Friday Harbor''',0
'20240822',181009,71000,0,'''Friday Harbor''',0,31000,0,'''Friday Harbor''',0,20500,0,'''Friday Harbor''',0,38000,0,'''Friday Harbor''',0,32000,0,'''Friday Harbor''',0
'20240823',181009,71000,0,'''Friday Harbor''',0,31000,0,'''Friday Harbor''',0,20500,0,'''Friday Harbor''',0,38000,0,'''Friday Harbor''',0,32000,0,'''Friday Harbor''',0
'20240824',181009,71000,0,'''Friday Harbor''',0,31000,0,'''Friday Harbor''',0,20500,0,'''Friday Harbor''',0,38000,0,'''Friday Harbor''',0,32000,0,'''Friday Harbor''',0
'20240825',181009,71000,0,'''Friday Harbor''',0,31000,0,'''Friday Harbor''',0,20500,0,'''Friday Harbor''',0,70000,0,'''Friday Harbor''',0
'20240826',181009,71000,0,'''Friday Harbor''',0,31000,0,'''Friday Harbor''',0,20500,0,'''Friday Harbor''',0,38000,0,'''Friday Harbor''',0,32000,0,'''Friday Harbor''',0
'20240827',181009,71000,0,'''Friday Harbor''',0,31000,0,'''Friday Harbor''',0,20500,0,'''Friday Harbor''',0,38000,0,'''Friday Harbor''',0,32000,0,'''Friday Harbor''',0
'20240828',181009,71000,0,'''Friday Harbor''',0,31000,0,'''Friday Harbor''',0,20500,0,'''Friday Harbor''',0,38000,0,'''Friday Harbor''',0,32000,0,'''Friday Harbor''',0
'20240829',181009,71000,0,'''Friday Harbor''',0,31000,0,'''Friday Harbor''',0,20500,0,'''Friday Harbor''',0,38000,0,'''Friday Harbor''',0,32000,0,'''Friday Harbor''',0
'20240830',181009,71000,0,'''Friday Harbor''',0,31000,0,'''Friday Harbor''',0,20500,0,'''Friday Harbor''',0,38000,0,'''Friday Harbor''',0,32000,0,'''Friday Harbor''',0
'20240831',181009,71000,0,'''Friday Harbor''',0,31000,0,'''Friday Harbor''',0,20500,0,'''Friday Harbor''',0,38000,0,'''Friday Harbor''',0,32000,0,'''Friday Harbor''',0
'20240901',181009,71000,0,'''Friday Harbor''',0,31000,0,'''Friday Harbor''',0,20500,0,'''Friday Harbor''',0,70000,0,'''Friday Harbor''',0
'20240902',181009,71000,0,'''Friday Harbor''',0,31000,0,'''Friday Harbor''',0,20500,0,'''Friday Harbor''',0,70000,0,'''Friday Harbor''',0
'20240903',181009,71000,0,'''Friday Harbor''',0,31000,0,'''Friday Harbor''',0,20500,0,'''Friday Harbor''',0,38000,0,'''Friday Harbor''',0,32000,0,'''Friday Harbor''',0
'20240904',181009,71000,0,'''Friday Harbor''',0,31000,0,'''Friday Harbor''',0,20500,0,'''Friday Harbor''',0,38000,0,'''Friday Harbor''',0,32000,0,'''Friday Harbor''',0
'20240905',181009,71000,0,'''Friday Harbor''',0,31000,0,'''Friday Harbor''',0,20500,0,'''Friday Harbor''',0,38000,0,'''Friday Harbor''',0,32000,0,'''Friday Harbor''',0
'20240906',181009,71000,0,'''Friday Harbor''',0,31000,0,'''Friday Harbor''',0,20500,0,'''Friday Harbor''',0,38000,0,'''Friday Harbor''',0,32000,0,'''Friday Harbor''',0
'20240907',181009,71000,0,'''Friday Harbor''',0,31000,0,'''Friday Harbor''',0,20500,0,'''Friday Harbor''',0,38000,0,'''Friday Harbor''',0,32000,0,'''Friday Harbor''',0
'20240908',181009,71000,0,'''Friday Harbor''',0,31000,0,'''Friday Harbor''',0,20500,0,'''Friday Harbor''',0,70000,0,'''Friday Harbor''',0
'20240716',181309,71000,0,'''Lopez Isl''',0,14500,0,'''Lopez Isl''',0,7500,0,'''Lopez Isl''',0,29500,0,'''Lopez Isl''',0,29500,0,'''Lopez Isl''',0,31500,0,'''Lopez Isl''',0,46500,0,'''Lopez Isl''',0
'20240717',181309,71000,0,'''Lopez Isl''',0,14500,0,'''Lopez Isl''',0,7500,0,'''Lopez Isl''',0,29500,0,'''Lopez Isl''',0,29500,0,'''Lopez Isl''',0,31500,0,'''Lopez Isl''',0,46500,0,'''Lopez Isl''',0
'20240718',181309,71000,0,'''Lopez Isl''',0,14500,0,'''Lopez Isl''',0,7500,0,'''Lopez Isl''',0,29500,0,'''Lopez Isl''',0,29500,0,'''Lopez Isl''',0,31500,0,'''Lopez Isl''',0,46500,0,'''Lopez Isl''',0
'20240719',181309,71000,0,'''Lopez Isl''',0,14500,0,'''Lopez Isl''',0,7500,0,'''Lopez Isl''',0,29500,0,'''Lopez Isl''',0,29500,0,'''Lopez Isl''',0,31500,0,'''Lopez Isl''',0,46500,0,'''Lopez Isl''',0
'20240720',181309,71000,0,'''Lopez Isl''',0,14500,0,'''Lopez Isl''',0,7500,0,'''Lopez Isl''',0,29500,0,'''Lopez Isl''',0,29500,0,'''Lopez Isl''',0,31500,0,'''Lopez Isl''',0,46500,0,'''Lopez Isl''',0
'20240721',181309,71000,0,'''Lopez Isl''',0,14500,0,'''Lopez Isl''',0,7500,0,'''Lopez Isl''',0,29500,0,'''Lopez Isl''',0,61000,0,'''Lopez Isl''',0,46500,0,'''Lopez Isl''',0
'20240722',181309,71000,0,'''Lopez Isl''',0,14500,0,'''Lopez Isl''',0,7500,0,'''Lopez Isl''',0,29500,0,'''Lopez Isl''',0,29500,0,'''Lopez Isl''',0,31500,0,'''Lopez Isl''',0,46500,0,'''Lopez Isl''',0
'20240723',181309,71000,0,'''Lopez Isl''',0,14500,0,'''Lopez Isl''',0,7500,0,'''Lopez Isl''',0,29500,0,'''Lopez Isl''',0,29500,0,'''Lopez Isl''',0,31500,0,'''Lopez Isl''',0,46500,0,'''Lopez Isl''',0
'20240724',181309,71000,0,'''Lopez Isl''',0,14500,0,'''Lopez Isl''',0,7500,0,'''Lopez Isl''',0,29500,0,'''Lopez Isl''',0,29500,0,'''Lopez Isl''',0,31500,0,'''Lopez Isl''',0,46500,0,'''Lopez Isl''',0
'20240725',181309,71000,0,'''Lopez Isl''',0,14500,0,'''Lopez Isl''',0,7500,0,'''Lopez Isl''',0,29500,0,'''Lopez Isl''',0,29500,0,'''Lopez Isl''',0,31500,0,'''Lopez Isl''',0,46500,0,'''Lopez Isl''',0
'20240726',181309,71000,0,'''Lopez Isl''',0,14500,0,'''Lopez Isl''',0,7500,0,'''Lopez Isl''',0,29500,0,'''Lopez Isl''',0,29500,0,'''Lopez Isl''',0,31500,0,'''Lopez Isl''',0,46500,0,'''Lopez Isl''',0
'20240727',181309,71000,0,'''Lopez Isl''',0,14500,0,'''Lopez Isl''',0,7500,0,'''Lopez Isl''',0,29500,0,'''Lopez Isl''',0,29500,0,'''Lopez Isl''',0,31500,0,'''Lopez Isl''',0,46500,0,'''Lopez Isl''',0
'20240728',181309,71000,0,'''Lopez Isl''',0,14500,0,'''Lopez Isl''',0,7500,0,'''Lopez Isl''',0,29500,0,'''Lopez Isl''',0,61000,0,'''Lopez Isl''',0,46500,0,'''Lopez Isl''',0
'20240729',181309,71000,0,'''Lopez Isl''',0,14500,0,'''Lopez Isl''',0,7500,0,'''Lopez Isl''',0,29500,0,'''Lopez Isl''',0,29500,0,'''Lopez Isl''',0,31500,0,'''Lopez Isl''',0,46500,0,'''Lopez Isl''',0
'20240730',181309,71000,0,'''Lopez Isl''',0,14500,0,'''Lopez Isl''',0,7500,0,'''Lopez Isl''',0,29500,0,'''Lopez Isl''',0,29500,0,'''Lopez Isl''',0,31500,0,'''Lopez Isl''',0,46500,0,'''Lopez Isl''',0
'20240731',181309,71000,0,'''Lopez Isl''',0,14500,0,'''Lopez Isl''',0,7500,0,'''Lopez Isl''',0,29500,0,'''Lopez Isl''',0,29500,0,'''Lopez Isl''',0,31500,0,'''Lopez Isl''',0,46500,0,'''Lopez Isl''',0
'20240801',181309,71000,0,'''Lopez Isl''',0,14500,0,'''Lopez Isl''',0,7500,0,'''Lopez Isl''',0,29500,0,'''Lopez Isl''',0,29500,0,'''Lopez Isl''',0,31500,0,'''Lopez Isl''',0,46500,0,'''Lopez Isl''',0
'20240802',181309,71000,0,'''Lopez Isl''',0,14500,0,'''Lopez Isl''',0,7500,0,'''Lopez Isl''',0,29500,0,'''Lopez Isl''',0,29500,0,'''Lopez Isl''',0,31500,0,'''Lopez Isl''',0,46500,0,'''Lopez Isl''',0
'20240803',181309,71000,0,'''Lopez Isl''',0,14500,0,'''Lopez Isl''',0,7500,0,'''Lopez Isl''',0,29500,0,'''Lopez Isl''',0,29500,0,'''Lopez Isl''',0,31500,0,'''Lopez Isl''',0,46500,0,'''Lopez Isl''',0
'20240804',181309,71000,0,'''Lopez Isl''',0,14500,0,'''Lopez Isl''',0,7500,0,'''Lopez Isl''',0,29500,0,'''Lopez Isl''',0,61000,0,'''Lopez Isl''',0,46500,0,'''Lopez Isl''',0
'20240805',181309,71000,0,'''Lopez Isl''',0,14500,0,'''Lopez Isl''',0,7500,0,'''Lopez Isl''',0,29500,0,'''Lopez Isl''',0,29500,0,'''Lopez Isl''',0,31500,0,'''Lopez Isl''',0,46500,0,'''Lopez Isl''',0
'20240806',181309,71000,0,'''Lopez Isl''',0,14500,0,'''Lopez Isl''',0,7500,0,'''Lopez Isl''',0,29500,0,'''Lopez Isl''',0,29500,0,'''Lopez Isl''',0,31500,0,'''Lopez Isl''',0,46500,0,'''Lopez Isl''',0
'20240807',181309,71000,0,'''Lopez Isl''',0,14500,0,'''Lopez Isl''',0,7500,0,'''Lopez Isl''',0,29500,0,'''Lopez Isl''',0,29500,0,'''Lopez Isl''',0,31500,0,'''Lopez Isl''',0,46500,0,'''Lopez Isl''',0
'20240808',181309,71000,0,'''Lopez Isl''',0,14500,0,'''Lopez Isl''',0,7500,0,'''Lopez Isl''',0,29500,0,'''Lopez Isl''',0,29500,0,'''Lopez Isl''',0,31500,0,'''Lopez Isl''',0,46500,0,'''Lopez Isl''',0
'20240809',181309,71000,0,'''Lopez Isl''',0,14500,0,'''Lopez Isl''',0,7500,0,'''Lopez Isl''',0,29500,0,'''Lopez Isl''',0,29500,0,'''Lopez Isl''',0,31500,0,'''Lopez Isl''',0,46500,0,'''Lopez Isl''',0
'20240810',181309,71000,0,'''Lopez Isl''',0,14500,0,'''Lopez Isl''',0,7500,0,'''Lopez Isl''',0,29500,0,'''Lopez Isl''',0,29500,0,'''Lopez Isl''',0,31500,0,'''Lopez Isl''',0,46500,0,'''Lopez Isl''',0
'20240811',181309,71000,0,'''Lopez Isl''',0,14500,0,'''Lopez Isl''',0,7500,0,'''Lopez Isl''',0,29500,0,'''Lopez Isl''',0,61000,0,'''Lopez Isl''',0,46500,0,'''Lopez Isl''',0
'20240812',181309,71000,0,'''Lopez Isl''',0,14500,0,'''Lopez Isl''',0,7500,0,'''Lopez Isl''',0,29500,0,'''Lopez Isl''',0,29500,0,'''Lopez Isl''',0,31500,0,'''Lopez Isl''',0,46500,0,'''Lopez Isl''',0
'20240813',181309,71000,0,'''Lopez Isl''',0,14500,0,'''Lopez Isl''',0,7500,0,'''Lopez Isl''',0,29500,0,'''Lopez Isl''',0,29500,0,'''Lopez Isl''',0,31500,0,'''Lopez Isl''',0,46500,0,'''Lopez Isl''',0
'20240814',181309,71000,0,'''Lopez Isl''',0,14500,0,'''Lopez Isl''',0,7500,0,'''Lopez Isl''',0,29500,0,'''Lopez Isl''',0,29500,0,'''Lopez Isl''',0,31500,0,'''Lopez Isl''',0,46500,0,'''Lopez Isl''',0
'20240815',181309,71000,0,'''Lopez Isl''',0,14500,0,'''Lopez Isl''',0,7500,0,'''Lopez Isl''',0,29500,0,'''Lopez Isl''',0,29500,0,'''Lopez Isl''',0,31500,0,'''Lopez Isl''',0,46500,0,'''Lopez Isl''',0
'20240816',181309,71000,0,'''Lopez Isl''',0,14500,0,'''Lopez Isl''',0,7500,0,'''Lopez Isl''',0,29500,0,'''Lopez Isl''',0,29500,0,'''Lopez Isl''',0,31500,0,'''Lopez Isl''',0,46500,0,'''Lopez Isl''',0
'20240817',181309,71000,0,'''Lopez Isl''',0,14500,0,'''Lopez Isl''',0,7500,0,'''Lopez Isl''',0,29500,0,'''Lopez Isl''',0,29500,0,'''Lopez Isl''',0,31500,0,'''Lopez Isl''',0,46500,0,'''Lopez Isl''',0
'20240818',181309,71000,0,'''Lopez Isl''',0,14500,0,'''Lopez Isl''',0,7500,0,'''Lopez Isl''',0,29500,0,'''Lopez Isl''',0,61000,0,'''Lopez Isl''',0,46500,0,'''Lopez Isl''',0
'20240819',181309,71000,0,'''Lopez Isl''',0,14500,0,'''Lopez Isl''',0,7500,0,'''Lopez Isl''',0,29500,0,'''Lopez Isl''',0,29500,0,'''Lopez Isl''',0,31500,0,'''Lopez Isl''',0,46500,0,'''Lopez Isl''',0
'20240820',181309,71000,0,'''Lopez Isl''',0,14500,0,'''Lopez Isl''',0,7500,0,'''Lopez Isl''',0,29500,0,'''Lopez Isl''',0,29500,0,'''Lopez Isl''',0,31500,0,'''Lopez Isl''',0,46500,0,'''Lopez Isl''',0
'20240821',181309,71000,0,'''Lopez Isl''',0,14500,0,'''Lopez Isl''',0,7500,0,'''Lopez Isl''',0,29500,0,'''Lopez Isl''',0,29500,0,'''Lopez Isl''',0,31500,0,'''Lopez Isl''',0,46500,0,'''Lopez Isl''',0
'20240822',181309,71000,0,'''Lopez Isl''',0,14500,0,'''Lopez Isl''',0,7500,0,'''Lopez Isl''',0,29500,0,'''Lopez Isl''',0,29500,0,'''Lopez Isl''',0,31500,0,'''Lopez Isl''',0,46500,0,'''Lopez Isl''',0
'20240823',181309,71000,0,'''Lopez Isl''',0,14500,0,'''Lopez Isl''',0,7500,0,'''Lopez Isl''',0,29500,0,'''Lopez Isl''',0,29500,0,'''Lopez Isl''',0,31500,0,'''Lopez Isl''',0,46500,0,'''Lopez Isl''',0
'20240824',181309,71000,0,'''Lopez Isl''',0,14500,0,'''Lopez Isl''',0,7500,0,'''Lopez Isl''',0,29500,0,'''Lopez Isl''',0,29500,0,'''Lopez Isl''',0,31500,0,'''Lopez Isl''',0,46500,0,'''Lopez Isl''',0
'20240825',181309,71000,0,'''Lopez Isl''',0,14500,0,'''Lopez Isl''',0,7500,0,'''Lopez Isl''',0,29500,0,'''Lopez Isl''',0,61000,0,'''Lopez Isl''',0,46500,0,'''Lopez Isl''',0
'20240826',181309,71000,0,'''Lopez Isl''',0,14500,0,'''Lopez Isl''',0,7500,0,'''Lopez Isl''',0,29500,0,'''Lopez Isl''',0,29500,0,'''Lopez Isl''',0,31500,0,'''Lopez Isl''',0,46500,0,'''Lopez Isl''',0
'20240827',181309,71000,0,'''Lopez Isl''',0,14500,0,'''Lopez Isl''',0,7500,0,'''Lopez Isl''',0,29500,0,'''Lopez Isl''',0,29500,0,'''Lopez Isl''',0,31500,0,'''Lopez Isl''',0,46500,0,'''Lopez Isl''',0
'20240828',181309,71000,0,'''Lopez Isl''',0,14500,0,'''Lopez Isl''',0,7500,0,'''Lopez Isl''',0,29500,0,'''Lopez Isl''',0,29500,0,'''Lopez Isl''',0,31500,0,'''Lopez Isl''',0,46500,0,'''Lopez Isl''',0
'20240829',181309,71000,0,'''Lopez Isl''',0,14500,0,'''Lopez Isl''',0,7500,0,'''Lopez Isl''',0,29500,0,'''Lopez Isl''',0,29500,0,'''Lopez Isl''',0,31500,0,'''Lopez Isl''',0,46500,0,'''Lopez Isl''',0
'20240830',181309,71000,0,'''Lopez Isl''',0,14500,0,'''Lopez Isl''',0,7500,0,'''Lopez Isl''',0,29500,0,'''Lopez Isl''',0,29500,0,'''Lopez Isl''',0,31500,0,'''Lopez Isl''',0,46500,0,'''Lopez Isl''',0
'20240831',181309,71000,0,'''Lopez Isl''',0,14500,0,'''Lopez Isl''',0,7500,0,'''Lopez Isl''',0,29500,0,'''Lopez Isl''',0,29500,0,'''Lopez Isl''',0,31500,0,'''Lopez Isl''',0,46500,0,'''Lopez Isl''',0
'20240901',181309,71000,0,'''Lopez Isl''',0,14500,0,'''Lopez Isl''',0,7500,0,'''Lopez Isl''',0,29500,0,'''Lopez Isl''',0,61000,0,'''Lopez Isl''',0,46500,0,'''Lopez Isl''',0
'20240902',181309,71000,0,'''Lopez Isl''',0,14500,0,'''Lopez Isl''',0,7500,0,'''Lopez Isl''',0,29500,0,'''Lopez Isl''',0,61000,0,'''Lopez Isl''',0,46500,0,'''Lopez Isl''',0
'20240903',181309,71000,0,'''Lopez Isl''',0,14500,0,'''Lopez Isl''',0,7500,0,'''Lopez Isl''',0,29500,0,'''Lopez Isl''',0,29500,0,'''Lopez Isl''',0,31500,0,'''Lopez Isl''',0,46500,0,'''Lopez Isl''',0
'20240904',181309,71000,0,'''Lopez Isl''',0,14500,0,'''Lopez Isl''',0,7500,0,'''Lopez Isl''',0,29500,0,'''Lopez Isl''',0,29500,0,'''Lopez Isl''',0,31500,0,'''Lopez Isl''',0,46500,0,'''Lopez Isl''',0
'20240905',181309,71000,0,'''Lopez Isl''',0,14500,0,'''Lopez Isl''',0,7500,0,'''Lopez Isl''',0,29500,0,'''Lopez Isl''',0,29500,0,'''Lopez Isl''',0,31500,0,'''Lopez Isl''',0,46500,0,'''Lopez Isl''',0
'20240906',181309,71000,0,'''Lopez Isl''',0,14500,0,'''Lopez Isl''',0,7500,0,'''Lopez Isl''',0,29500,0,'''Lopez Isl''',0,29500,0,'''Lopez Isl''',0,31500,0,'''Lopez Isl''',0,46500,0,'''Lopez Isl''',0
'20240907',181309,71000,0,'''Lopez Isl''',0,14500,0,'''Lopez Isl''',0,7500,0,'''Lopez Isl''',0,29500,0,'''Lopez Isl''',0,29500,0,'''Lopez Isl''',0,31500,0,'''Lopez Isl''',0,46500,0,'''Lopez Isl''',0
'20240908',181309,71000,0,'''Lopez Isl''',0,14500,0,'''Lopez Isl''',0,7500,0,'''Lopez Isl''',0,29500,0,'''Lopez Isl''',0,61000,0,'''Lopez Isl''',0,46500,0,'''Lopez Isl''',0
'20240716',181509,70000,0,'''Orcas Isl''',0,32000,0,'''Orcas Isl''',0,11500,0,'''Orcas Isl''',0,9000,0,'''Orcas Isl''',0,38000,0,'''Orcas Isl''',0,3500,0,'''Orcas Isl''',0,28500,0,'''Orcas Isl''',0,9500,0,'''Orcas Isl''',0,19000,0,'''Orcas Isl''',0
'20240717',181509,70000,0,'''Orcas Isl''',0,32000,0,'''Orcas Isl''',0,11500,0,'''Orcas Isl''',0,9000,0,'''Orcas Isl''',0,38000,0,'''Orcas Isl''',0,3500,0,'''Orcas Isl''',0,28500,0,'''Orcas Isl''',0,9500,0,'''Orcas Isl''',0,19000,0,'''Orcas Isl''',0
'20240718',181509,70000,0,'''Orcas Isl''',0,32000,0,'''Orcas Isl''',0,11500,0,'''Orcas Isl''',0,9000,0,'''Orcas Isl''',0,38000,0,'''Orcas Isl''',0,3500,0,'''Orcas Isl''',0,28500,0,'''Orcas Isl''',0,9500,0,'''Orcas Isl''',0,29000,0,'''Orcas Isl''',0
'20240719',181509,70000,0,'''Orcas Isl''',0,32000,0,'''Orcas Isl''',0,11500,0,'''Orcas Isl''',0,9000,0,'''Orcas Isl''',0,38000,0,'''Orcas Isl''',0,3500,0,'''Orcas Isl''',0,28500,0,'''Orcas Isl''',0,9500,0,'''Orcas Isl''',0,29000,0,'''Orcas Isl''',0
'20240720',181509,70000,0,'''Orcas Isl''',0,32000,0,'''Orcas Isl''',0,11500,0,'''Orcas Isl''',0,9000,0,'''Orcas Isl''',0,38000,0,'''Orcas Isl''',0,3500,0,'''Orcas Isl''',0,28500,0,'''Orcas Isl''',0,9500,0,'''Orcas Isl''',0,29000,0,'''Orcas Isl''',0
'20240721',181509,70000,0,'''Orcas Isl''',0,32000,0,'''Orcas Isl''',0,11500,0,'''Orcas Isl''',0,9000,0,'''Orcas Isl''',0,41500,0,'''Orcas Isl''',0,28500,0,'''Orcas Isl''',0,9500,0,'''Orcas Isl''',0,29000,0,'''Orcas Isl''',0
'20240722',181509,70000,0,'''Orcas Isl''',0,32000,0,'''Orcas Isl''',0,11500,0,'''Orcas Isl''',0,9000,0,'''Orcas Isl''',0,38000,0,'''Orcas Isl''',0,3500,0,'''Orcas Isl''',0,28500,0,'''Orcas Isl''',0,9500,0,'''Orcas Isl''',0,29000,0,'''Orcas Isl''',0
'20240723',181509,70000,0,'''Orcas Isl''',0,32000,0,'''Orcas Isl''',0,11500,0,'''Orcas Isl''',0,9000,0,'''Orcas Isl''',0,38000,0,'''Orcas Isl''',0,3500,0,'''Orcas Isl''',0,28500,0,'''Orcas Isl''',0,9500,0,'''Orcas Isl''',0,19000,0,'''Orcas Isl''',0
'20240724',181509,70000,0,'''Orcas Isl''',0,32000,0,'''Orcas Isl''',0,11500,0,'''Orcas Isl''',0,9000,0,'''Orcas Isl''',0,38000,0,'''Orcas Isl''',0,3500,0,'''Orcas Isl''',0,28500,0,'''Orcas Isl''',0,9500,0,'''Orcas Isl''',0,19000,0,'''Orcas Isl''',0
'20240725',181509,70000,0,'''Orcas Isl''',0,32000,0,'''Orcas Isl''',0,11500,0,'''Orcas Isl''',0,9000,0,'''Orcas Isl''',0,38000,0,'''Orcas Isl''',0,3500,0,'''Orcas Isl''',0,28500,0,'''Orcas Isl''',0,9500,0,'''Orcas Isl''',0,29000,0,'''Orcas Isl''',0
'20240726',181509,70000,0,'''Orcas Isl''',0,32000,0,'''Orcas Isl''',0,11500,0,'''Orcas Isl''',0,9000,0,'''Orcas Isl''',0,38000,0,'''Orcas Isl''',0,3500,0,'''Orcas Isl''',0,28500,0,'''Orcas Isl''',0,9500,0,'''Orcas Isl''',0,29000,0,'''Orcas Isl''',0
'20240727',181509,70000,0,'''Orcas Isl''',0,32000,0,'''Orcas Isl''',0,11500,0,'''Orcas Isl''',0,9000,0,'''Orcas Isl''',0,38000,0,'''Orcas Isl''',0,3500,0,'''Orcas Isl''',0,28500,0,'''Orcas Isl''',0,9500,0,'''Orcas Isl''',0,29000,0,'''Orcas Isl''',0
'20240728',181509,70000,0,'''Orcas Isl''',0,32000,0,'''Orcas Isl''',0,11500,0,'''Orcas Isl''',0,9000,0,'''Orcas Isl''',0,41500,0,'''Orcas Isl''',0,28500,0,'''Orcas Isl''',0,9500,0,'''Orcas Isl''',0,29000,0,'''Orcas Isl''',0
'20240729',181509,70000,0,'''Orcas Isl''',0,32000,0,'''Orcas Isl''',0,11500,0,'''Orcas Isl''',0,9000,0,'''Orcas Isl''',0,38000,0,'''Orcas Isl''',0,3500,0,'''Orcas Isl''',0,28500,0,'''Orcas Isl''',0,9500,0,'''Orcas Isl''',0,29000,0,'''Orcas Isl''',0
'20240730',181509,70000,0,'''Orcas Isl''',0,32000,0,'''Orcas Isl''',0,11500,0,'''Orcas Isl''',0,9000,0,'''Orcas Isl''',0,38000,0,'''Orcas Isl''',0,3500,0,'''Orcas Isl''',0,28500,0,'''Orcas Isl''',0,9500,0,'''Orcas Isl''',0,19000,0,'''Orcas Isl''',0
'20240731',181509,70000,0,'''Orcas Isl''',0,32000,0,'''Orcas Isl''',0,11500,0,'''Orcas Isl''',0,9000,0,'''Orcas Isl''',0,38000,0,'''Orcas Isl''',0,3500,0,'''Orcas Isl''',0,28500,0,'''Orcas Isl''',0,9500,0,'''Orcas Isl''',0,19000,0,'''Orcas Isl''',0
'20240801',181509,70000,0,'''Orcas Isl''',0,32000,0,'''Orcas Isl''',0,11500,0,'''Orcas Isl''',0,9000,0,'''Orcas Isl''',0,38000,0,'''Orcas Isl''',0,3500,0,'''Orcas Isl''',0,28500,0,'''Orcas Isl''',0,9500,0,'''Orcas Isl''',0,29000,0,'''Orcas Isl''',0
'20240802',181509,70000,0,'''Orcas Isl''',0,32000,0,'''Orcas Isl''',0,11500,0,'''Orcas Isl''',0,9000,0,'''Orcas Isl''',0,38000,0,'''Orcas Isl''',0,3500,0,'''Orcas Isl''',0,28500,0,'''Orcas Isl''',0,9500,0,'''Orcas Isl''',0,29000,0,'''Orcas Isl''',0
'20240803',181509,70000,0,'''Orcas Isl''',0,32000,0,'''Orcas Isl''',0,11500,0,'''Orcas Isl''',0,9000,0,'''Orcas Isl''',0,38000,0,'''Orcas Isl''',0,3500,0,'''Orcas Isl''',0,28500,0,'''Orcas Isl''',0,9500,0,'''Orcas Isl''',0,29000,0,'''Orcas Isl''',0
'20240804',181509,70000,0,'''Orcas Isl''',0,32000,0,'''Orcas Isl''',0,11500,0,'''Orcas Isl''',0,9000,0,'''Orcas Isl''',0,41500,0,'''Orcas Isl''',0,28500,0,'''Orcas Isl''',0,9500,0,'''Orcas Isl''',0,29000,0,'''Orcas Isl''',0
'20240805',181509,70000,0,'''Orcas Isl''',0,32000,0,'''Orcas Isl''',0,11500,0,'''Orcas Isl''',0,9000,0,'''Orcas Isl''',0,38000,0,'''Orcas Isl''',0,3500,0,'''Orcas Isl''',0,28500,0,'''Orcas Isl''',0,9500,0,'''Orcas Isl''',0,29000,0,'''Orcas Isl''',0
'20240806',181509,70000,0,'''Orcas Isl''',0,32000,0,'''Orcas Isl''',0,11500,0,'''Orcas Isl''',0,9000,0,'''Orcas Isl''',0,38000,0,'''Orcas Isl''',0,3500,0,'''Orcas Isl''',0,28500,0,'''Orcas Isl''',0,9500,0,'''Orcas Isl''',0,19000,0,'''Orcas Isl''',0
'20240807',181509,70000,0,'''Orcas Isl''',0,32000,0,'''Orcas Isl''',0,11500,0,'''Orcas Isl''',0,9000,0,'''Orcas Isl''',0,38000,0,'''Orcas Isl''',0,3500,0,'''Orcas Isl''',0,28500,0,'''Orcas Isl''',0,9500,0,'''Orcas Isl''',0,19000,0,'''Orcas Isl''',0
'20240808',181509,70000,0,'''Orcas Isl''',0,32000,0,'''Orcas Isl''',0,11500,0,'''Orcas Isl''',0,9000,0,'''Orcas Isl''',0,38000,0,'''Orcas Isl''',0,3500,0,'''Orcas Isl''',0,28500,0,'''Orcas Isl''',0,9500,0,'''Orcas Isl''',0,29000,0,'''Orcas Isl''',0
'20240809',181509,70000,0,'''Orcas Isl''',0,32000,0,'''Orcas Isl''',0,11500,0,'''Orcas Isl''',0,9000,0,'''Orcas Isl''',0,38000,0,'''Orcas Isl''',0,3500,0,'''Orcas Isl''',0,28500,0,'''Orcas Isl''',0,9500,0,'''Orcas Isl''',0,29000,0,'''Orcas Isl''',0
'20240810',181509,70000,0,'''Orcas Isl''',0,32000,0,'''Orcas Isl''',0,11500,0,'''Orcas Isl''',0,9000,0,'''Orcas Isl''',0,38000,0,'''Orcas Isl''',0,3500,0,'''Orcas Isl''',0,28500,0,'''Orcas Isl''',0,9500,0,'''Orcas Isl''',0,29000,0,'''Orcas Isl''',0
'20240811',181509,70000,0,'''Orcas Isl''',0,32000,0,'''Orcas Isl''',0,11500,0,'''Orcas Isl''',0,9000,0,'''Orcas Isl''',0,41500,0,'''Orcas Isl''',0,28500,0,'''Orcas Isl''',0,9500,0,'''Orcas Isl''',0,29000,0,'''Orcas Isl''',0
'20240812',181509,70000,0,'''Orcas Isl''',0,32000,0,'''Orcas Isl''',0,11500,0,'''Orcas Isl''',0,9000,0,'''Orcas Isl''',0,38000,0,'''Orcas Isl''',0,3500,0,'''Orcas Isl''',0,28500,0,'''Orcas Isl''',0,9500,0,'''Orcas Isl''',0,29000,0,'''Orcas Isl''',0
'20240813',181509,70000,0,'''Orcas Isl''',0,32000,0,'''Orcas Isl''',0,11500,0,'''Orcas Isl''',0,9000,0,'''Orcas Isl''',0,38000,0,'''Orcas Isl''',0,3500,0,'''Orcas Isl''',0,28500,0,'''Orcas Isl''',0,9500,0,'''Orcas Isl''',0,19000,0,'''Orcas Isl''',0
'20240814',181509,70000,0,'''Orcas Isl''',0,32000,0,'''Orcas Isl''',0,11500,0,'''Orcas Isl''',0,9000,0,'''Orcas Isl''',0,38000,0,'''Orcas Isl''',0,3500,0,'''Orcas Isl''',0,28500,0,'''Orcas Isl''',0,9500,0,'''Orcas Isl''',0,19000,0,'''Orcas Isl''',0
'20240815',181509,70000,0,'''Orcas Isl''',0,32000,0,'''Orcas Isl''',0,11500,0,'''Orcas Isl''',0,9000,0,'''Orcas Isl''',0,38000,0,'''Orcas Isl''',0,3500,0,'''Orcas Isl''',0,28500,0,'''Orcas Isl''',0,9500,0,'''Orcas Isl''',0,29000,0,'''Orcas Isl''',0
'20240816',181509,70000,0,'''Orcas Isl''',0,32000,0,'''Orcas Isl''',0,11500,0,'''Orcas Isl''',0,9000,0,'''Orcas Isl''',0,38000,0,'''Orcas Isl''',0,3500,0,'''Orcas Isl''',0,28500,0,'''Orcas Isl''',0,9500,0,'''Orcas Isl''',0,29000,0,'''Orcas Isl''',0
'20240817',181509,70000,0,'''Orcas Isl''',0,32000,0,'''Orcas Isl''',0,11500,0,'''Orcas Isl''',0,9000,0,'''Orcas Isl''',0,38000,0,'''Orcas Isl''',0,3500,0,'''Orcas Isl''',0,28500,0,'''Orcas Isl''',0,9500,0,'''Orcas Isl''',0,29000,0,'''Orcas Isl''',0
'20240818',181509,70000,0,'''Orcas Isl''',0,32000,0,'''Orcas Isl''',0,11500,0,'''Orcas Isl''',0,9000,0,'''Orcas Isl''',0,41500,0,'''Orcas Isl''',0,28500,0,'''Orcas Isl''',0,9500,0,'''Orcas Isl''',0,29000,0,'''Orcas Isl''',0
'20240819',181509,70000,0,'''Orcas Isl''',0,32000,0,'''Orcas Isl''',0,11500,0,'''Orcas Isl''',0,9000,0,'''Orcas Isl''',0,38000,0,'''Orcas Isl''',0,3500,0,'''Orcas Isl''',0,28500,0,'''Orcas Isl''',0,9500,0,'''Orcas Isl''',0,29000,0,'''Orcas Isl''',0
'20240820',181509,70000,0,'''Orcas Isl''',0,32000,0,'''Orcas Isl''',0,11500,0,'''Orcas Isl''',0,9000,0,'''Orcas Isl''',0,38000,0,'''Orcas Isl''',0,3500,0,'''Orcas Isl''',0,28500,0,'''Orcas Isl''',0,9500,0,'''Orcas Isl''',0,19000,0,'''Orcas Isl''',0
'20240821',181509,70000,0,'''Orcas Isl''',0,32000,0,'''Orcas Isl''',0,11500,0,'''Orcas Isl''',0,9000,0,'''Orcas Isl''',0,38000,0,'''Orcas Isl''',0,3500,0,'''Orcas Isl''',0,28500,0,'''Orcas Isl''',0,9500,0,'''Orcas Isl''',0,19000,0,'''Orcas Isl''',0
'20240822',181509,70000,0,'''Orcas Isl''',0,32000,0,'''Orcas Isl''',0,11500,0,'''Orcas Isl''',0,9000,0,'''Orcas Isl''',0,38000,0,'''Orcas Isl''',0,3500,0,'''Orcas Isl''',0,28500,0,'''Orcas Isl''',0,9500,0,'''Orcas Isl''',0,29000,0,'''Orcas Isl''',0
'20240823',181509,70000,0,'''Orcas Isl''',0,32000,0,'''Orcas Isl''',0,11500,0,'''Orcas Isl''',0,9000,0,'''Orcas Isl''',0,38000,0,'''Orcas Isl''',0,3500,0,'''Orcas Isl''',0,28500,0,'''Orcas Isl''',0,9500,0,'''Orcas Isl''',0,29000,0,'''Orcas Isl''',0
'20240824',181509,70000,0,'''Orcas Isl''',0,32000,0,'''Orcas Isl''',0,11500,0,'''Orcas Isl''',0,9000,0,'''Orcas Isl''',0,38000,0,'''Orcas Isl''',0,3500,0,'''Orcas Isl''',0,28500,0,'''Orcas Isl''',0,9500,0,'''Orcas Isl''',0,29000,0,'''Orcas Isl''',0
'20240825',181509,70000,0,'''Orcas Isl''',0,32000,0,'''Orcas Isl''',0,11500,0,'''Orcas Isl''',0,9000,0,'''Orcas Isl''',0,41500,0,'''Orcas Isl''',0,28500,0,'''Orcas Isl''',0,9500,0,'''Orcas Isl''',0,29000,0,'''Orcas Isl''',0
'20240826',181509,70000,0,'''Orcas Isl''',0,32000,0,'''Orcas Isl''',0,11500,0,'''Orcas Isl''',0,9000,0,'''Orcas Isl''',0,38000,0,'''Orcas Isl''',0,3500,0,'''Orcas Isl''',0,28500,0,'''Orcas Isl''',0,9500,0,'''Orcas Isl''',0,29000,0,'''Orcas Isl''',0
'20240827',181509,70000,0,'''Orcas Isl''',0,32000,0,'''Orcas Isl''',0,11500,0,'''Orcas Isl''',0,9000,0,'''Orcas Isl''',0,38000,0,'''Orcas Isl''',0,3500,0,'''Orcas Isl''',0,28500,0,'''Orcas Isl''',0,9500,0,'''Orcas Isl''',0,19000,0,'''Orcas Isl''',0
'20240828',181509,70000,0,'''Orcas Isl''',0,32000,0,'''Orcas Isl''',0,11500,0,'''Orcas Isl''',0,9000,0,'''Orcas Isl''',0,38000,0,'''Orcas Isl''',0,3500,0,'''Orcas Isl''',0,28500,0,'''Orcas Isl''',0,9500,0,'''Orcas Isl''',0,19000,0,'''Orcas Isl''',0
'20240829',181509,70000,0,'''Orcas Isl''',0,32000,0,'''Orcas Isl''',0,11500,0,'''Orcas Isl''',0,9000,0,'''Orcas Isl''',0,38000,0,'''Orcas Isl''',0,3500,0,'''Orcas Isl''',0,28500,0,'''Orcas Isl''',0,9500,0,'''Orcas Isl''',0,29000,0,'''Orcas Isl''',0
'20240830',181509,70000,0,'''Orcas Isl''',0,32000,0,'''Orcas Isl''',0,11500,0,'''Orcas Isl''',0,9000,0,'''Orcas Isl''',0,38000,0,'''Orcas Isl''',0,3500,0,'''Orcas Isl''',0,28500,0,'''Orcas Isl''',0,9500,0,'''Orcas Isl''',0,29000,0,'''Orcas Isl''',0
'20240831',181509,70000,0,'''Orcas Isl''',0,32000,0,'''Orcas Isl''',0,11500,0,'''Orcas Isl''',0,9000,0,'''Orcas Isl''',0,38000,0,'''Orcas Isl''',0,3500,0,'''Orcas Isl''',0,28500,0,'''Orcas Isl''',0,9500,0,'''Orcas Isl''',0,29000,0,'''Orcas Isl''',0
'20240901',181509,70000,0,'''Orcas Isl''',0,32000,0,'''Orcas Isl''',0,11500,0,'''Orcas Isl''',0,9000,0,'''Orcas Isl''',0,41500,0,'''Orcas Isl''',0,28500,0,'''Orcas Isl''',0,9500,0,'''Orcas Isl''',0,29000,0,'''Orcas Isl''',0
'20240902',181509,70000,0,'''Orcas Isl''',0,32000,0,'''Orcas Isl''',0,11500,0,'''Orcas Isl''',0,9000,0,'''Orcas Isl''',0,41500,0,'''Orcas Isl''',0,28500,0,'''Orcas Isl''',0,9500,0,'''Orcas Isl''',0,29000,0,'''Orcas Isl''',0
'20240903',181509,70000,0,'''Orcas Isl''',0,32000,0,'''Orcas Isl''',0,11500,0,'''Orcas Isl''',0,9000,0,'''Orcas Isl''',0,38000,0,'''Orcas Isl''',0,3500,0,'''Orcas Isl''',0,28500,0,'''Orcas Isl''',0,9500,0,'''Orcas Isl''',0,19000,0,'''Orcas Isl''',0
'20240904',181509,70000,0,'''Orcas Isl''',0,32000,0,'''Orcas Isl''',0,11500,0,'''Orcas Isl''',0,9000,0,'''Orcas Isl''',0,38000,0,'''Orcas Isl''',0,3500,0,'''Orcas Isl''',0,28500,0,'''Orcas Isl''',0,9500,0,'''Orcas Isl''',0,19000,0,'''Orcas Isl''',0
'20240905',181509,70000,0,'''Orcas Isl''',0,32000,0,'''Orcas Isl''',0,11500,0,'''Orcas Isl''',0,9000,0,'''Orcas Isl''',0,38000,0,'''Orcas Isl''',0,3500,0,'''Orcas Isl''',0,28500,0,'''Orcas Isl''',0,9500,0,'''Orcas Isl''',0,29000,0,'''Orcas Isl''',0
'20240906',181509,70000,0,'''Orcas Isl''',0,32000,0,'''Orcas Isl''',0,11500,0,'''Orcas Isl''',0,9000,0,'''Orcas Isl''',0,38000,0,'''Orcas Isl''',0,3500,0,'''Orcas Isl''',0,28500,0,'''Orcas Isl''',0,9500,0,'''Orcas Isl''',0,29000,0,'''Orcas Isl''',0
'20240907',181509,70000,0,'''Orcas Isl''',0,32000,0,'''Orcas Isl''',0,11500,0,'''Orcas Isl''',0,9000,0,'''Orcas Isl''',0,38000,0,'''Orcas Isl''',0,3500,0,'''Orcas Isl''',0,28500,0,'''Orcas Isl''',0,9500,0,'''Orcas Isl''',0,29000,0,'''Orcas Isl''',0
'20240908',181509,70000,0,'''Orcas Isl''',0,32000,0,'''Orcas Isl''',0,11500,0,'''Orcas Isl''',0,9000,0,'''Orcas Isl''',0,41500,0,'''Orcas Isl''',0,28500,0,'''Orcas Isl''',0,9500,0,'''Orcas Isl''',0,29000,0,'''Orcas Isl''',0
