'20240723',11509,71000,4,'',0,10000,4,'',0,33500,4,'',0,20000,4,'',0,30500,4,'',0,38000,4,'',0,19000,4,'',0
'20240724',11509,71000,4,'',0,10000,4,'',0,33500,4,'',0,20000,4,'',0,30500,4,'',0,38000,4,'',0,19000,4,'',0
'20240725',11509,71000,4,'',0,10000,4,'',0,33500,4,'',0,20000,4,'',0,30500,4,'',0,30500,4,'',0,7500,4,'',0,29000,4,'',0
'20240726',11509,71000,4,'',0,10000,4,'',0,33500,4,'',0,20000,4,'',0,30500,4,'',0,30500,4,'',0,7500,4,'',0,29000,4,'',0
'20240727',11509,71000,4,'',0,10000,4,'',0,33500,4,'',0,20000,4,'',0,30500,4,'',0,30500,4,'',0,7500,4,'',0,29000,4,'',0
'20240728',11509,71000,4,'',0,10000,4,'',0,33500,4,'',0,20000,4,'',0,30500,4,'',0,30500,4,'',0,7500,4,'',0,29000,4,'',0
'20240729',11509,71000,4,'',0,10000,4,'',0,33500,4,'',0,20000,4,'',0,30500,4,'',0,30500,4,'',0,7500,4,'',0,29000,4,'',0
'20240730',11509,71000,4,'',0,10000,4,'',0,33500,4,'',0,20000,4,'',0,30500,4,'',0,38000,4,'',0,19000,4,'',0
'20240731',11509,71000,4,'',0,10000,4,'',0,33500,4,'',0,20000,4,'',0,30500,4,'',0,38000,4,'',0,19000,4,'',0
'20240801',11509,71000,4,'',0,10000,4,'',0,33500,4,'',0,20000,4,'',0,30500,4,'',0,30500,4,'',0,7500,4,'',0,29000,4,'',0
'20240802',11509,71000,4,'',0,10000,4,'',0,33500,4,'',0,20000,4,'',0,30500,4,'',0,30500,4,'',0,7500,4,'',0,29000,4,'',0
'20240803',11509,71000,4,'',0,10000,4,'',0,33500,4,'',0,20000,4,'',0,30500,4,'',0,30500,4,'',0,7500,4,'',0,29000,4,'',0
'20240804',11509,71000,4,'',0,10000,4,'',0,33500,4,'',0,20000,4,'',0,30500,4,'',0,30500,4,'',0,7500,4,'',0,29000,4,'',0
'20240805',11509,71000,4,'',0,10000,4,'',0,33500,4,'',0,20000,4,'',0,30500,4,'',0,30500,4,'',0,7500,4,'',0,29000,4,'',0
'20240806',11509,71000,4,'',0,10000,4,'',0,33500,4,'',0,20000,4,'',0,30500,4,'',0,38000,4,'',0,19000,4,'',0
'20240807',11509,71000,4,'',0,10000,4,'',0,33500,4,'',0,20000,4,'',0,30500,4,'',0,38000,4,'',0,19000,4,'',0
'20240808',11509,71000,4,'',0,10000,4,'',0,33500,4,'',0,20000,4,'',0,30500,4,'',0,30500,4,'',0,7500,4,'',0,29000,4,'',0
'20240809',11509,71000,4,'',0,10000,4,'',0,33500,4,'',0,20000,4,'',0,30500,4,'',0,30500,4,'',0,7500,4,'',0,29000,4,'',0
'20240810',11509,71000,4,'',0,10000,4,'',0,33500,4,'',0,20000,4,'',0,30500,4,'',0,30500,4,'',0,7500,4,'',0,29000,4,'',0
'20240811',11509,71000,4,'',0,10000,4,'',0,33500,4,'',0,20000,4,'',0,30500,4,'',0,30500,4,'',0,7500,4,'',0,29000,4,'',0
'20240812',11509,71000,4,'',0,10000,4,'',0,33500,4,'',0,20000,4,'',0,30500,4,'',0,30500,4,'',0,7500,4,'',0,29000,4,'',0
'20240813',11509,71000,4,'',0,10000,4,'',0,33500,4,'',0,20000,4,'',0,30500,4,'',0,38000,4,'',0,19000,4,'',0
'20240814',11509,71000,4,'',0,10000,4,'',0,33500,4,'',0,20000,4,'',0,30500,4,'',0,38000,4,'',0,19000,4,'',0
'20240815',11509,71000,4,'',0,10000,4,'',0,33500,4,'',0,20000,4,'',0,30500,4,'',0,30500,4,'',0,7500,4,'',0,29000,4,'',0
'20240816',11509,71000,4,'',0,10000,4,'',0,33500,4,'',0,20000,4,'',0,30500,4,'',0,30500,4,'',0,7500,4,'',0,29000,4,'',0
'20240817',11509,71000,4,'',0,10000,4,'',0,33500,4,'',0,20000,4,'',0,30500,4,'',0,30500,4,'',0,7500,4,'',0,29000,4,'',0
'20240818',11509,71000,4,'',0,10000,4,'',0,33500,4,'',0,20000,4,'',0,30500,4,'',0,30500,4,'',0,7500,4,'',0,29000,4,'',0
'20240819',11509,71000,4,'',0,10000,4,'',0,33500,4,'',0,20000,4,'',0,30500,4,'',0,30500,4,'',0,7500,4,'',0,29000,4,'',0
'20240820',11509,71000,4,'',0,10000,4,'',0,33500,4,'',0,20000,4,'',0,30500,4,'',0,38000,4,'',0,19000,4,'',0
'20240821',11509,71000,4,'',0,10000,4,'',0,33500,4,'',0,20000,4,'',0,30500,4,'',0,38000,4,'',0,19000,4,'',0
'20240822',11509,71000,4,'',0,10000,4,'',0,33500,4,'',0,20000,4,'',0,30500,4,'',0,30500,4,'',0,7500,4,'',0,29000,4,'',0
'20240823',11509,71000,4,'',0,10000,4,'',0,33500,4,'',0,20000,4,'',0,30500,4,'',0,30500,4,'',0,7500,4,'',0,29000,4,'',0
'20240824',11509,71000,4,'',0,10000,4,'',0,33500,4,'',0,20000,4,'',0,30500,4,'',0,30500,4,'',0,7500,4,'',0,29000,4,'',0
'20240825',11509,71000,4,'',0,10000,4,'',0,33500,4,'',0,20000,4,'',0,30500,4,'',0,30500,4,'',0,7500,4,'',0,29000,4,'',0
'20240826',11509,71000,4,'',0,10000,4,'',0,33500,4,'',0,20000,4,'',0,30500,4,'',0,30500,4,'',0,7500,4,'',0,29000,4,'',0
'20240827',11509,71000,4,'',0,10000,4,'',0,33500,4,'',0,20000,4,'',0,30500,4,'',0,38000,4,'',0,19000,4,'',0
'20240828',11509,71000,4,'',0,10000,4,'',0,33500,4,'',0,20000,4,'',0,30500,4,'',0,38000,4,'',0,19000,4,'',0
'20240829',11509,71000,4,'',0,10000,4,'',0,33500,4,'',0,20000,4,'',0,30500,4,'',0,30500,4,'',0,7500,4,'',0,29000,4,'',0
'20240830',11509,71000,4,'',0,10000,4,'',0,33500,4,'',0,20000,4,'',0,30500,4,'',0,30500,4,'',0,7500,4,'',0,29000,4,'',0
'20240831',11509,71000,4,'',0,10000,4,'',0,33500,4,'',0,20000,4,'',0,30500,4,'',0,30500,4,'',0,7500,4,'',0,29000,4,'',0
'20240901',11509,71000,4,'',0,10000,4,'',0,33500,4,'',0,20000,4,'',0,30500,4,'',0,30500,4,'',0,7500,4,'',0,29000,4,'',0
'20240902',11509,71000,4,'',0,10000,4,'',0,33500,4,'',0,20000,4,'',0,30500,4,'',0,30500,4,'',0,7500,4,'',0,29000,4,'',0
'20240903',11509,71000,4,'',0,10000,4,'',0,33500,4,'',0,20000,4,'',0,30500,4,'',0,38000,4,'',0,19000,4,'',0
'20240904',11509,71000,4,'',0,10000,4,'',0,33500,4,'',0,20000,4,'',0,30500,4,'',0,38000,4,'',0,19000,4,'',0
'20240905',11509,71000,4,'',0,10000,4,'',0,33500,4,'',0,20000,4,'',0,30500,4,'',0,30500,4,'',0,7500,4,'',0,29000,4,'',0
'20240906',11509,71000,4,'',0,10000,4,'',0,33500,4,'',0,20000,4,'',0,30500,4,'',0,30500,4,'',0,7500,4,'',0,29000,4,'',0
'20240907',11509,71000,4,'',0,10000,4,'',0,33500,4,'',0,20000,4,'',0,30500,4,'',0,30500,4,'',0,7500,4,'',0,29000,4,'',0
'20240908',11509,71000,4,'',0,10000,4,'',0,33500,4,'',0,20000,4,'',0,30500,4,'',0,30500,4,'',0,7500,4,'',0,29000,4,'',0
'20240909',11509,71000,4,'',0,10000,4,'',0,33500,4,'',0,20000,4,'',0,30500,4,'',0,30500,4,'',0,7500,4,'',0,29000,4,'',0
'20240910',11509,71000,4,'',0,10000,4,'',0,33500,4,'',0,20000,4,'',0,30500,4,'',0,38000,4,'',0,19000,4,'',0
'20240911',11509,71000,4,'',0,10000,4,'',0,33500,4,'',0,20000,4,'',0,30500,4,'',0,38000,4,'',0,19000,4,'',0
'20240912',11509,71000,4,'',0,10000,4,'',0,33500,4,'',0,20000,4,'',0,30500,4,'',0,30500,4,'',0,7500,4,'',0,29000,4,'',0
'20240913',11509,71000,4,'',0,10000,4,'',0,33500,4,'',0,20000,4,'',0,30500,4,'',0,30500,4,'',0,7500,4,'',0,29000,4,'',0
'20240914',11509,71000,4,'',0,10000,4,'',0,33500,4,'',0,20000,4,'',0,30500,4,'',0,30500,4,'',0,7500,4,'',0,29000,4,'',0
'20240915',11509,71000,4,'',0,10000,4,'',0,33500,4,'',0,20000,4,'',0,30500,4,'',0,30500,4,'',0,7500,4,'',0,29000,4,'',0
'20240723',15109,73500,0,'''Anacortes''',0,10500,0,'''Anacortes''',0,38000,0,'''Anacortes''',0,20000,0,'''Anacortes''',0,29500,0,'''Anacortes''',0,33500,0,'''Anacortes''',0,20000,0,'''Anacortes''',0
'20240724',15109,73500,0,'''Anacortes''',0,10500,0,'''Anacortes''',0,38000,0,'''Anacortes''',0,20000,0,'''Anacortes''',0,29500,0,'''Anacortes''',0,33500,0,'''Anacortes''',0,20000,0,'''Anacortes''',0
'20240725',15109,73500,0,'''Anacortes''',0,10500,0,'''Anacortes''',0,38000,0,'''Anacortes''',0,20000,0,'''Anacortes''',0,29500,0,'''Anacortes''',0,30000,0,'''Anacortes''',0,3500,0,'''Anacortes''',0,20000,0,'''Anacortes''',0
'20240726',15109,73500,0,'''Anacortes''',0,10500,0,'''Anacortes''',0,38000,0,'''Anacortes''',0,20000,0,'''Anacortes''',0,29500,0,'''Anacortes''',0,30000,0,'''Anacortes''',0,3500,0,'''Anacortes''',0,20000,0,'''Anacortes''',0
'20240727',15109,73500,0,'''Anacortes''',0,10500,0,'''Anacortes''',0,38000,0,'''Anacortes''',0,20000,0,'''Anacortes''',0,29500,0,'''Anacortes''',0,30000,0,'''Anacortes''',0,3500,0,'''Anacortes''',0,20000,0,'''Anacortes''',0
'20240728',15109,73500,0,'''Anacortes''',0,10500,0,'''Anacortes''',0,38000,0,'''Anacortes''',0,20000,0,'''Anacortes''',0,29500,0,'''Anacortes''',0,30000,0,'''Anacortes''',0,3500,0,'''Anacortes''',0,20000,0,'''Anacortes''',0
'20240729',15109,73500,0,'''Anacortes''',0,10500,0,'''Anacortes''',0,38000,0,'''Anacortes''',0,20000,0,'''Anacortes''',0,29500,0,'''Anacortes''',0,30000,0,'''Anacortes''',0,3500,0,'''Anacortes''',0,20000,0,'''Anacortes''',0
'20240730',15109,73500,0,'''Anacortes''',0,10500,0,'''Anacortes''',0,38000,0,'''Anacortes''',0,20000,0,'''Anacortes''',0,29500,0,'''Anacortes''',0,33500,0,'''Anacortes''',0,20000,0,'''Anacortes''',0
'20240731',15109,73500,0,'''Anacortes''',0,10500,0,'''Anacortes''',0,38000,0,'''Anacortes''',0,20000,0,'''Anacortes''',0,29500,0,'''Anacortes''',0,33500,0,'''Anacortes''',0,20000,0,'''Anacortes''',0
'20240801',15109,73500,0,'''Anacortes''',0,10500,0,'''Anacortes''',0,38000,0,'''Anacortes''',0,20000,0,'''Anacortes''',0,29500,0,'''Anacortes''',0,30000,0,'''Anacortes''',0,3500,0,'''Anacortes''',0,20000,0,'''Anacortes''',0
'20240802',15109,73500,0,'''Anacortes''',0,10500,0,'''Anacortes''',0,38000,0,'''Anacortes''',0,20000,0,'''Anacortes''',0,29500,0,'''Anacortes''',0,30000,0,'''Anacortes''',0,3500,0,'''Anacortes''',0,20000,0,'''Anacortes''',0
'20240803',15109,73500,0,'''Anacortes''',0,10500,0,'''Anacortes''',0,38000,0,'''Anacortes''',0,20000,0,'''Anacortes''',0,29500,0,'''Anacortes''',0,30000,0,'''Anacortes''',0,3500,0,'''Anacortes''',0,20000,0,'''Anacortes''',0
'20240804',15109,73500,0,'''Anacortes''',0,10500,0,'''Anacortes''',0,38000,0,'''Anacortes''',0,20000,0,'''Anacortes''',0,29500,0,'''Anacortes''',0,30000,0,'''Anacortes''',0,3500,0,'''Anacortes''',0,20000,0,'''Anacortes''',0
'20240805',15109,73500,0,'''Anacortes''',0,10500,0,'''Anacortes''',0,38000,0,'''Anacortes''',0,20000,0,'''Anacortes''',0,29500,0,'''Anacortes''',0,30000,0,'''Anacortes''',0,3500,0,'''Anacortes''',0,20000,0,'''Anacortes''',0
'20240806',15109,73500,0,'''Anacortes''',0,10500,0,'''Anacortes''',0,38000,0,'''Anacortes''',0,20000,0,'''Anacortes''',0,29500,0,'''Anacortes''',0,33500,0,'''Anacortes''',0,20000,0,'''Anacortes''',0
'20240807',15109,73500,0,'''Anacortes''',0,10500,0,'''Anacortes''',0,38000,0,'''Anacortes''',0,20000,0,'''Anacortes''',0,29500,0,'''Anacortes''',0,33500,0,'''Anacortes''',0,20000,0,'''Anacortes''',0
'20240808',15109,73500,0,'''Anacortes''',0,10500,0,'''Anacortes''',0,38000,0,'''Anacortes''',0,20000,0,'''Anacortes''',0,29500,0,'''Anacortes''',0,30000,0,'''Anacortes''',0,3500,0,'''Anacortes''',0,20000,0,'''Anacortes''',0
'20240809',15109,73500,0,'''Anacortes''',0,10500,0,'''Anacortes''',0,38000,0,'''Anacortes''',0,20000,0,'''Anacortes''',0,29500,0,'''Anacortes''',0,30000,0,'''Anacortes''',0,3500,0,'''Anacortes''',0,20000,0,'''Anacortes''',0
'20240810',15109,73500,0,'''Anacortes''',0,10500,0,'''Anacortes''',0,38000,0,'''Anacortes''',0,20000,0,'''Anacortes''',0,29500,0,'''Anacortes''',0,30000,0,'''Anacortes''',0,3500,0,'''Anacortes''',0,20000,0,'''Anacortes''',0
'20240811',15109,73500,0,'''Anacortes''',0,10500,0,'''Anacortes''',0,38000,0,'''Anacortes''',0,20000,0,'''Anacortes''',0,29500,0,'''Anacortes''',0,30000,0,'''Anacortes''',0,3500,0,'''Anacortes''',0,20000,0,'''Anacortes''',0
'20240812',15109,73500,0,'''Anacortes''',0,10500,0,'''Anacortes''',0,38000,0,'''Anacortes''',0,20000,0,'''Anacortes''',0,29500,0,'''Anacortes''',0,30000,0,'''Anacortes''',0,3500,0,'''Anacortes''',0,20000,0,'''Anacortes''',0
'20240813',15109,73500,0,'''Anacortes''',0,10500,0,'''Anacortes''',0,38000,0,'''Anacortes''',0,20000,0,'''Anacortes''',0,29500,0,'''Anacortes''',0,33500,0,'''Anacortes''',0,20000,0,'''Anacortes''',0
'20240814',15109,73500,0,'''Anacortes''',0,10500,0,'''Anacortes''',0,38000,0,'''Anacortes''',0,20000,0,'''Anacortes''',0,29500,0,'''Anacortes''',0,33500,0,'''Anacortes''',0,20000,0,'''Anacortes''',0
'20240815',15109,73500,0,'''Anacortes''',0,10500,0,'''Anacortes''',0,38000,0,'''Anacortes''',0,20000,0,'''Anacortes''',0,29500,0,'''Anacortes''',0,30000,0,'''Anacortes''',0,3500,0,'''Anacortes''',0,20000,0,'''Anacortes''',0
'20240816',15109,73500,0,'''Anacortes''',0,10500,0,'''Anacortes''',0,38000,0,'''Anacortes''',0,20000,0,'''Anacortes''',0,29500,0,'''Anacortes''',0,30000,0,'''Anacortes''',0,3500,0,'''Anacortes''',0,20000,0,'''Anacortes''',0
'20240817',15109,73500,0,'''Anacortes''',0,10500,0,'''Anacortes''',0,38000,0,'''Anacortes''',0,20000,0,'''Anacortes''',0,29500,0,'''Anacortes''',0,30000,0,'''Anacortes''',0,3500,0,'''Anacortes''',0,20000,0,'''Anacortes''',0
'20240818',15109,73500,0,'''Anacortes''',0,10500,0,'''Anacortes''',0,38000,0,'''Anacortes''',0,20000,0,'''Anacortes''',0,29500,0,'''Anacortes''',0,30000,0,'''Anacortes''',0,3500,0,'''Anacortes''',0,20000,0,'''Anacortes''',0
'20240819',15109,73500,0,'''Anacortes''',0,10500,0,'''Anacortes''',0,38000,0,'''Anacortes''',0,20000,0,'''Anacortes''',0,29500,0,'''Anacortes''',0,30000,0,'''Anacortes''',0,3500,0,'''Anacortes''',0,20000,0,'''Anacortes''',0
'20240820',15109,73500,0,'''Anacortes''',0,10500,0,'''Anacortes''',0,38000,0,'''Anacortes''',0,20000,0,'''Anacortes''',0,29500,0,'''Anacortes''',0,33500,0,'''Anacortes''',0,20000,0,'''Anacortes''',0
'20240821',15109,73500,0,'''Anacortes''',0,10500,0,'''Anacortes''',0,38000,0,'''Anacortes''',0,20000,0,'''Anacortes''',0,29500,0,'''Anacortes''',0,33500,0,'''Anacortes''',0,20000,0,'''Anacortes''',0
'20240822',15109,73500,0,'''Anacortes''',0,10500,0,'''Anacortes''',0,38000,0,'''Anacortes''',0,20000,0,'''Anacortes''',0,29500,0,'''Anacortes''',0,30000,0,'''Anacortes''',0,3500,0,'''Anacortes''',0,20000,0,'''Anacortes''',0
'20240823',15109,73500,0,'''Anacortes''',0,10500,0,'''Anacortes''',0,38000,0,'''Anacortes''',0,20000,0,'''Anacortes''',0,29500,0,'''Anacortes''',0,30000,0,'''Anacortes''',0,3500,0,'''Anacortes''',0,20000,0,'''Anacortes''',0
'20240824',15109,73500,0,'''Anacortes''',0,10500,0,'''Anacortes''',0,38000,0,'''Anacortes''',0,20000,0,'''Anacortes''',0,29500,0,'''Anacortes''',0,30000,0,'''Anacortes''',0,3500,0,'''Anacortes''',0,20000,0,'''Anacortes''',0
'20240825',15109,73500,0,'''Anacortes''',0,10500,0,'''Anacortes''',0,38000,0,'''Anacortes''',0,20000,0,'''Anacortes''',0,29500,0,'''Anacortes''',0,30000,0,'''Anacortes''',0,3500,0,'''Anacortes''',0,20000,0,'''Anacortes''',0
'20240826',15109,73500,0,'''Anacortes''',0,10500,0,'''Anacortes''',0,38000,0,'''Anacortes''',0,20000,0,'''Anacortes''',0,29500,0,'''Anacortes''',0,30000,0,'''Anacortes''',0,3500,0,'''Anacortes''',0,20000,0,'''Anacortes''',0
'20240827',15109,73500,0,'''Anacortes''',0,10500,0,'''Anacortes''',0,38000,0,'''Anacortes''',0,20000,0,'''Anacortes''',0,29500,0,'''Anacortes''',0,33500,0,'''Anacortes''',0,20000,0,'''Anacortes''',0
'20240828',15109,73500,0,'''Anacortes''',0,10500,0,'''Anacortes''',0,38000,0,'''Anacortes''',0,20000,0,'''Anacortes''',0,29500,0,'''Anacortes''',0,33500,0,'''Anacortes''',0,20000,0,'''Anacortes''',0
'20240829',15109,73500,0,'''Anacortes''',0,10500,0,'''Anacortes''',0,38000,0,'''Anacortes''',0,20000,0,'''Anacortes''',0,29500,0,'''Anacortes''',0,30000,0,'''Anacortes''',0,3500,0,'''Anacortes''',0,20000,0,'''Anacortes''',0
'20240830',15109,73500,0,'''Anacortes''',0,10500,0,'''Anacortes''',0,38000,0,'''Anacortes''',0,20000,0,'''Anacortes''',0,29500,0,'''Anacortes''',0,30000,0,'''Anacortes''',0,3500,0,'''Anacortes''',0,20000,0,'''Anacortes''',0
'20240831',15109,73500,0,'''Anacortes''',0,10500,0,'''Anacortes''',0,38000,0,'''Anacortes''',0,20000,0,'''Anacortes''',0,29500,0,'''Anacortes''',0,30000,0,'''Anacortes''',0,3500,0,'''Anacortes''',0,20000,0,'''Anacortes''',0
'20240901',15109,73500,0,'''Anacortes''',0,10500,0,'''Anacortes''',0,38000,0,'''Anacortes''',0,20000,0,'''Anacortes''',0,29500,0,'''Anacortes''',0,30000,0,'''Anacortes''',0,3500,0,'''Anacortes''',0,20000,0,'''Anacortes''',0
'20240902',15109,73500,0,'''Anacortes''',0,10500,0,'''Anacortes''',0,38000,0,'''Anacortes''',0,20000,0,'''Anacortes''',0,29500,0,'''Anacortes''',0,30000,0,'''Anacortes''',0,3500,0,'''Anacortes''',0,20000,0,'''Anacortes''',0
'20240903',15109,73500,0,'''Anacortes''',0,10500,0,'''Anacortes''',0,38000,0,'''Anacortes''',0,20000,0,'''Anacortes''',0,29500,0,'''Anacortes''',0,33500,0,'''Anacortes''',0,20000,0,'''Anacortes''',0
'20240904',15109,73500,0,'''Anacortes''',0,10500,0,'''Anacortes''',0,38000,0,'''Anacortes''',0,20000,0,'''Anacortes''',0,29500,0,'''Anacortes''',0,33500,0,'''Anacortes''',0,20000,0,'''Anacortes''',0
'20240905',15109,73500,0,'''Anacortes''',0,10500,0,'''Anacortes''',0,38000,0,'''Anacortes''',0,20000,0,'''Anacortes''',0,29500,0,'''Anacortes''',0,30000,0,'''Anacortes''',0,3500,0,'''Anacortes''',0,20000,0,'''Anacortes''',0
'20240906',15109,73500,0,'''Anacortes''',0,10500,0,'''Anacortes''',0,38000,0,'''Anacortes''',0,20000,0,'''Anacortes''',0,29500,0,'''Anacortes''',0,30000,0,'''Anacortes''',0,3500,0,'''Anacortes''',0,20000,0,'''Anacortes''',0
'20240907',15109,73500,0,'''Anacortes''',0,10500,0,'''Anacortes''',0,38000,0,'''Anacortes''',0,20000,0,'''Anacortes''',0,29500,0,'''Anacortes''',0,30000,0,'''Anacortes''',0,3500,0,'''Anacortes''',0,20000,0,'''Anacortes''',0
'20240908',15109,73500,0,'''Anacortes''',0,10500,0,'''Anacortes''',0,38000,0,'''Anacortes''',0,20000,0,'''Anacortes''',0,29500,0,'''Anacortes''',0,30000,0,'''Anacortes''',0,3500,0,'''Anacortes''',0,20000,0,'''Anacortes''',0
'20240909',15109,73500,0,'''Anacortes''',0,10500,0,'''Anacortes''',0,38000,0,'''Anacortes''',0,20000,0,'''Anacortes''',0,29500,0,'''Anacortes''',0,30000,0,'''Anacortes''',0,3500,0,'''Anacortes''',0,20000,0,'''Anacortes''',0
'20240910',15109,73500,0,'''Anacortes''',0,10500,0,'''Anacortes''',0,38000,0,'''Anacortes''',0,20000,0,'''Anacortes''',0,29500,0,'''Anacortes''',0,33500,0,'''Anacortes''',0,20000,0,'''Anacortes''',0
'20240911',15109,73500,0,'''Anacortes''',0,10500,0,'''Anacortes''',0,38000,0,'''Anacortes''',0,20000,0,'''Anacortes''',0,29500,0,'''Anacortes''',0,33500,0,'''Anacortes''',0,20000,0,'''Anacortes''',0
'20240912',15109,73500,0,'''Anacortes''',0,10500,0,'''Anacortes''',0,38000,0,'''Anacortes''',0,20000,0,'''Anacortes''',0,29500,0,'''Anacortes''',0,30000,0,'''Anacortes''',0,3500,0,'''Anacortes''',0,20000,0,'''Anacortes''',0
'20240913',15109,73500,0,'''Anacortes''',0,10500,0,'''Anacortes''',0,38000,0,'''Anacortes''',0,20000,0,'''Anacortes''',0,29500,0,'''Anacortes''',0,30000,0,'''Anacortes''',0,3500,0,'''Anacortes''',0,20000,0,'''Anacortes''',0
'20240914',15109,73500,0,'''Anacortes''',0,10500,0,'''Anacortes''',0,38000,0,'''Anacortes''',0,20000,0,'''Anacortes''',0,29500,0,'''Anacortes''',0,30000,0,'''Anacortes''',0,3500,0,'''Anacortes''',0,20000,0,'''Anacortes''',0
'20240915',15109,73500,0,'''Anacortes''',0,10500,0,'''Anacortes''',0,38000,0,'''Anacortes''',0,20000,0,'''Anacortes''',0,29500,0,'''Anacortes''',0,30000,0,'''Anacortes''',0,3500,0,'''Anacortes''',0,20000,0,'''Anacortes''',0
'20240723',101509,65500,4,'',0,26000,4,'',0,32500,4,'',0,26500,4,'',0,31500,4,'',0,43000,4,'',0
'20240724',101509,65500,4,'',0,26000,4,'',0,32500,4,'',0,26500,4,'',0,31500,4,'',0,43000,4,'',0
'20240725',101509,65500,4,'',0,26000,4,'',0,32500,4,'',0,26500,4,'',0,31500,4,'',0,43000,4,'',0
'20240726',101509,65500,4,'',0,26000,4,'',0,32500,4,'',0,26500,4,'',0,31500,4,'',0,43000,4,'',0
'20240727',101509,65500,4,'',0,26000,4,'',0,32500,4,'',0,26500,4,'',0,31500,4,'',0,43000,4,'',0
'20240728',101509,65500,4,'',0,26000,4,'',0,32500,4,'',0,58000,4,'',0,43000,4,'',0
'20240729',101509,65500,4,'',0,26000,4,'',0,32500,4,'',0,26500,4,'',0,31500,4,'',0,43000,4,'',0
'20240730',101509,65500,4,'',0,26000,4,'',0,32500,4,'',0,26500,4,'',0,31500,4,'',0,43000,4,'',0
'20240731',101509,65500,4,'',0,26000,4,'',0,32500,4,'',0,26500,4,'',0,31500,4,'',0,43000,4,'',0
'20240801',101509,65500,4,'',0,26000,4,'',0,32500,4,'',0,26500,4,'',0,31500,4,'',0,43000,4,'',0
'20240802',101509,65500,4,'',0,26000,4,'',0,32500,4,'',0,26500,4,'',0,31500,4,'',0,43000,4,'',0
'20240803',101509,65500,4,'',0,26000,4,'',0,32500,4,'',0,26500,4,'',0,31500,4,'',0,43000,4,'',0
'20240804',101509,65500,4,'',0,26000,4,'',0,32500,4,'',0,58000,4,'',0,43000,4,'',0
'20240805',101509,65500,4,'',0,26000,4,'',0,32500,4,'',0,26500,4,'',0,31500,4,'',0,43000,4,'',0
'20240806',101509,65500,4,'',0,26000,4,'',0,32500,4,'',0,26500,4,'',0,31500,4,'',0,43000,4,'',0
'20240807',101509,65500,4,'',0,26000,4,'',0,32500,4,'',0,26500,4,'',0,31500,4,'',0,43000,4,'',0
'20240808',101509,65500,4,'',0,26000,4,'',0,32500,4,'',0,26500,4,'',0,31500,4,'',0,43000,4,'',0
'20240809',101509,65500,4,'',0,26000,4,'',0,32500,4,'',0,26500,4,'',0,31500,4,'',0,43000,4,'',0
'20240810',101509,65500,4,'',0,26000,4,'',0,32500,4,'',0,26500,4,'',0,31500,4,'',0,43000,4,'',0
'20240811',101509,65500,4,'',0,26000,4,'',0,32500,4,'',0,58000,4,'',0,43000,4,'',0
'20240812',101509,65500,4,'',0,26000,4,'',0,32500,4,'',0,26500,4,'',0,31500,4,'',0,43000,4,'',0
'20240813',101509,65500,4,'',0,26000,4,'',0,32500,4,'',0,26500,4,'',0,31500,4,'',0,43000,4,'',0
'20240814',101509,65500,4,'',0,26000,4,'',0,32500,4,'',0,26500,4,'',0,31500,4,'',0,43000,4,'',0
'20240815',101509,65500,4,'',0,26000,4,'',0,32500,4,'',0,26500,4,'',0,31500,4,'',0,43000,4,'',0
'20240816',101509,65500,4,'',0,26000,4,'',0,32500,4,'',0,26500,4,'',0,31500,4,'',0,43000,4,'',0
'20240817',101509,65500,4,'',0,26000,4,'',0,32500,4,'',0,26500,4,'',0,31500,4,'',0,43000,4,'',0
'20240818',101509,65500,4,'',0,26000,4,'',0,32500,4,'',0,58000,4,'',0,43000,4,'',0
'20240819',101509,65500,4,'',0,26000,4,'',0,32500,4,'',0,26500,4,'',0,31500,4,'',0,43000,4,'',0
'20240820',101509,65500,4,'',0,26000,4,'',0,32500,4,'',0,26500,4,'',0,31500,4,'',0,43000,4,'',0
'20240821',101509,65500,4,'',0,26000,4,'',0,32500,4,'',0,26500,4,'',0,31500,4,'',0,43000,4,'',0
'20240822',101509,65500,4,'',0,26000,4,'',0,32500,4,'',0,26500,4,'',0,31500,4,'',0,43000,4,'',0
'20240823',101509,65500,4,'',0,26000,4,'',0,32500,4,'',0,26500,4,'',0,31500,4,'',0,43000,4,'',0
'20240824',101509,65500,4,'',0,26000,4,'',0,32500,4,'',0,26500,4,'',0,31500,4,'',0,43000,4,'',0
'20240825',101509,65500,4,'',0,26000,4,'',0,32500,4,'',0,58000,4,'',0,43000,4,'',0
'20240826',101509,65500,4,'',0,26000,4,'',0,32500,4,'',0,26500,4,'',0,31500,4,'',0,43000,4,'',0
'20240827',101509,65500,4,'',0,26000,4,'',0,32500,4,'',0,26500,4,'',0,31500,4,'',0,43000,4,'',0
'20240828',101509,65500,4,'',0,26000,4,'',0,32500,4,'',0,26500,4,'',0,31500,4,'',0,43000,4,'',0
'20240829',101509,65500,4,'',0,26000,4,'',0,32500,4,'',0,26500,4,'',0,31500,4,'',0,43000,4,'',0
'20240830',101509,65500,4,'',0,26000,4,'',0,32500,4,'',0,26500,4,'',0,31500,4,'',0,43000,4,'',0
'20240831',101509,65500,4,'',0,26000,4,'',0,32500,4,'',0,26500,4,'',0,31500,4,'',0,43000,4,'',0
'20240901',101509,65500,4,'',0,26000,4,'',0,32500,4,'',0,58000,4,'',0,43000,4,'',0
'20240902',101509,65500,4,'',0,26000,4,'',0,32500,4,'',0,58000,4,'',0,43000,4,'',0
'20240903',101509,65500,4,'',0,26000,4,'',0,32500,4,'',0,26500,4,'',0,31500,4,'',0,43000,4,'',0
'20240904',101509,65500,4,'',0,26000,4,'',0,32500,4,'',0,26500,4,'',0,31500,4,'',0,43000,4,'',0
'20240905',101509,65500,4,'',0,26000,4,'',0,32500,4,'',0,26500,4,'',0,31500,4,'',0,43000,4,'',0
'20240906',101509,65500,4,'',0,26000,4,'',0,32500,4,'',0,26500,4,'',0,31500,4,'',0,43000,4,'',0
'20240907',101509,65500,4,'',0,26000,4,'',0,32500,4,'',0,26500,4,'',0,31500,4,'',0,43000,4,'',0
'20240908',101509,65500,4,'',0,26000,4,'',0,32500,4,'',0,58000,4,'',0,43000,4,'',0
'20240909',101509,65500,4,'',0,26000,4,'',0,32500,4,'',0,26500,4,'',0,31500,4,'',0,43000,4,'',0
'20240910',101509,65500,4,'',0,26000,4,'',0,32500,4,'',0,26500,4,'',0,31500,4,'',0,43000,4,'',0
'20240911',101509,65500,4,'',0,26000,4,'',0,32500,4,'',0,26500,4,'',0,31500,4,'',0,43000,4,'',0
'20240912',101509,65500,4,'',0,26000,4,'',0,32500,4,'',0,26500,4,'',0,31500,4,'',0,43000,4,'',0
'20240913',101509,65500,4,'',0,26000,4,'',0,32500,4,'',0,26500,4,'',0,31500,4,'',0,43000,4,'',0
'20240914',101509,65500,4,'',0,26000,4,'',0,32500,4,'',0,26500,4,'',0,31500,4,'',0,43000,4,'',0
'20240915',101509,65500,4,'',0,26000,4,'',0,32500,4,'',0,58000,4,'',0,43000,4,'',0
'20240723',131509,71000,4,'',0,33000,4,'',0,30500,4,'',0,28000,4,'',0,31500,4,'',0,28000,4,'',0
'20240724',131509,71000,4,'',0,33000,4,'',0,30500,4,'',0,28000,4,'',0,31500,4,'',0,28000,4,'',0
'20240725',131509,71000,4,'',0,33000,4,'',0,30500,4,'',0,28000,4,'',0,31500,4,'',0,1500,4,'',0,36500,4,'',0
'20240726',131509,71000,4,'',0,33000,4,'',0,30500,4,'',0,28000,4,'',0,31500,4,'',0,1500,4,'',0,36500,4,'',0
'20240727',131509,71000,4,'',0,33000,4,'',0,30500,4,'',0,28000,4,'',0,31500,4,'',0,1500,4,'',0,36500,4,'',0
'20240728',131509,71000,4,'',0,33000,4,'',0,30500,4,'',0,59500,4,'',0,1500,4,'',0,36500,4,'',0
'20240729',131509,71000,4,'',0,33000,4,'',0,30500,4,'',0,28000,4,'',0,31500,4,'',0,1500,4,'',0,36500,4,'',0
'20240730',131509,71000,4,'',0,33000,4,'',0,30500,4,'',0,28000,4,'',0,31500,4,'',0,28000,4,'',0
'20240731',131509,71000,4,'',0,33000,4,'',0,30500,4,'',0,28000,4,'',0,31500,4,'',0,28000,4,'',0
'20240801',131509,71000,4,'',0,33000,4,'',0,30500,4,'',0,28000,4,'',0,31500,4,'',0,1500,4,'',0,36500,4,'',0
'20240802',131509,71000,4,'',0,33000,4,'',0,30500,4,'',0,28000,4,'',0,31500,4,'',0,1500,4,'',0,36500,4,'',0
'20240803',131509,71000,4,'',0,33000,4,'',0,30500,4,'',0,28000,4,'',0,31500,4,'',0,1500,4,'',0,36500,4,'',0
'20240804',131509,71000,4,'',0,33000,4,'',0,30500,4,'',0,59500,4,'',0,1500,4,'',0,36500,4,'',0
'20240805',131509,71000,4,'',0,33000,4,'',0,30500,4,'',0,28000,4,'',0,31500,4,'',0,1500,4,'',0,36500,4,'',0
'20240806',131509,71000,4,'',0,33000,4,'',0,30500,4,'',0,28000,4,'',0,31500,4,'',0,28000,4,'',0
'20240807',131509,71000,4,'',0,33000,4,'',0,30500,4,'',0,28000,4,'',0,31500,4,'',0,28000,4,'',0
'20240808',131509,71000,4,'',0,33000,4,'',0,30500,4,'',0,28000,4,'',0,31500,4,'',0,1500,4,'',0,36500,4,'',0
'20240809',131509,71000,4,'',0,33000,4,'',0,30500,4,'',0,28000,4,'',0,31500,4,'',0,1500,4,'',0,36500,4,'',0
'20240810',131509,71000,4,'',0,33000,4,'',0,30500,4,'',0,28000,4,'',0,31500,4,'',0,1500,4,'',0,36500,4,'',0
'20240811',131509,71000,4,'',0,33000,4,'',0,30500,4,'',0,59500,4,'',0,1500,4,'',0,36500,4,'',0
'20240812',131509,71000,4,'',0,33000,4,'',0,30500,4,'',0,28000,4,'',0,31500,4,'',0,1500,4,'',0,36500,4,'',0
'20240813',131509,71000,4,'',0,33000,4,'',0,30500,4,'',0,28000,4,'',0,31500,4,'',0,28000,4,'',0
'20240814',131509,71000,4,'',0,33000,4,'',0,30500,4,'',0,28000,4,'',0,31500,4,'',0,28000,4,'',0
'20240815',131509,71000,4,'',0,33000,4,'',0,30500,4,'',0,28000,4,'',0,31500,4,'',0,1500,4,'',0,36500,4,'',0
'20240816',131509,71000,4,'',0,33000,4,'',0,30500,4,'',0,28000,4,'',0,31500,4,'',0,1500,4,'',0,36500,4,'',0
'20240817',131509,71000,4,'',0,33000,4,'',0,30500,4,'',0,28000,4,'',0,31500,4,'',0,1500,4,'',0,36500,4,'',0
'20240818',131509,71000,4,'',0,33000,4,'',0,30500,4,'',0,59500,4,'',0,1500,4,'',0,36500,4,'',0
'20240819',131509,71000,4,'',0,33000,4,'',0,30500,4,'',0,28000,4,'',0,31500,4,'',0,1500,4,'',0,36500,4,'',0
'20240820',131509,71000,4,'',0,33000,4,'',0,30500,4,'',0,28000,4,'',0,31500,4,'',0,28000,4,'',0
'20240821',131509,71000,4,'',0,33000,4,'',0,30500,4,'',0,28000,4,'',0,31500,4,'',0,28000,4,'',0
'20240822',131509,71000,4,'',0,33000,4,'',0,30500,4,'',0,28000,4,'',0,31500,4,'',0,1500,4,'',0,36500,4,'',0
'20240823',131509,71000,4,'',0,33000,4,'',0,30500,4,'',0,28000,4,'',0,31500,4,'',0,1500,4,'',0,36500,4,'',0
'20240824',131509,71000,4,'',0,33000,4,'',0,30500,4,'',0,28000,4,'',0,31500,4,'',0,1500,4,'',0,36500,4,'',0
'20240825',131509,71000,4,'',0,33000,4,'',0,30500,4,'',0,59500,4,'',0,1500,4,'',0,36500,4,'',0
'20240826',131509,71000,4,'',0,33000,4,'',0,30500,4,'',0,28000,4,'',0,31500,4,'',0,1500,4,'',0,36500,4,'',0
'20240827',131509,71000,4,'',0,33000,4,'',0,30500,4,'',0,28000,4,'',0,31500,4,'',0,28000,4,'',0
'20240828',131509,71000,4,'',0,33000,4,'',0,30500,4,'',0,28000,4,'',0,31500,4,'',0,28000,4,'',0
'20240829',131509,71000,4,'',0,33000,4,'',0,30500,4,'',0,28000,4,'',0,31500,4,'',0,1500,4,'',0,36500,4,'',0
'20240830',131509,71000,4,'',0,33000,4,'',0,30500,4,'',0,28000,4,'',0,31500,4,'',0,1500,4,'',0,36500,4,'',0
'20240831',131509,71000,4,'',0,33000,4,'',0,30500,4,'',0,28000,4,'',0,31500,4,'',0,1500,4,'',0,36500,4,'',0
'20240901',131509,71000,4,'',0,33000,4,'',0,30500,4,'',0,59500,4,'',0,1500,4,'',0,36500,4,'',0
'20240902',131509,71000,4,'',0,33000,4,'',0,30500,4,'',0,59500,4,'',0,1500,4,'',0,36500,4,'',0
'20240903',131509,71000,4,'',0,33000,4,'',0,30500,4,'',0,28000,4,'',0,31500,4,'',0,28000,4,'',0
'20240904',131509,71000,4,'',0,33000,4,'',0,30500,4,'',0,28000,4,'',0,31500,4,'',0,28000,4,'',0
'20240905',131509,71000,4,'',0,33000,4,'',0,30500,4,'',0,28000,4,'',0,31500,4,'',0,1500,4,'',0,36500,4,'',0
'20240906',131509,71000,4,'',0,33000,4,'',0,30500,4,'',0,28000,4,'',0,31500,4,'',0,1500,4,'',0,36500,4,'',0
'20240907',131509,71000,4,'',0,33000,4,'',0,30500,4,'',0,28000,4,'',0,31500,4,'',0,1500,4,'',0,36500,4,'',0
'20240908',131509,71000,4,'',0,33000,4,'',0,30500,4,'',0,59500,4,'',0,1500,4,'',0,36500,4,'',0
'20240909',131509,71000,4,'',0,33000,4,'',0,30500,4,'',0,28000,4,'',0,31500,4,'',0,1500,4,'',0,36500,4,'',0
'20240910',131509,71000,4,'',0,33000,4,'',0,30500,4,'',0,28000,4,'',0,31500,4,'',0,28000,4,'',0
'20240911',131509,71000,4,'',0,33000,4,'',0,30500,4,'',0,28000,4,'',0,31500,4,'',0,28000,4,'',0
'20240912',131509,71000,4,'',0,33000,4,'',0,30500,4,'',0,28000,4,'',0,31500,4,'',0,1500,4,'',0,36500,4,'',0
'20240913',131509,71000,4,'',0,33000,4,'',0,30500,4,'',0,28000,4,'',0,31500,4,'',0,1500,4,'',0,36500,4,'',0
'20240914',131509,71000,4,'',0,33000,4,'',0,30500,4,'',0,28000,4,'',0,31500,4,'',0,1500,4,'',0,36500,4,'',0
'20240915',131509,71000,4,'',0,33000,4,'',0,30500,4,'',0,59500,4,'',0,1500,4,'',0,36500,4,'',0
'20240723',151009,65500,0,'''Friday Harbor''',0,38500,0,'''Friday Harbor''',0,20000,0,'''Friday Harbor''',0,38500,0,'''Friday Harbor''',0,31500,0,'''Friday Harbor''',0
'20240724',151009,65500,0,'''Friday Harbor''',0,38500,0,'''Friday Harbor''',0,20000,0,'''Friday Harbor''',0,38500,0,'''Friday Harbor''',0,31500,0,'''Friday Harbor''',0
'20240725',151009,65500,0,'''Friday Harbor''',0,38500,0,'''Friday Harbor''',0,20000,0,'''Friday Harbor''',0,38500,0,'''Friday Harbor''',0,31500,0,'''Friday Harbor''',0
'20240726',151009,65500,0,'''Friday Harbor''',0,38500,0,'''Friday Harbor''',0,20000,0,'''Friday Harbor''',0,38500,0,'''Friday Harbor''',0,31500,0,'''Friday Harbor''',0
'20240727',151009,65500,0,'''Friday Harbor''',0,38500,0,'''Friday Harbor''',0,20000,0,'''Friday Harbor''',0,38500,0,'''Friday Harbor''',0,31500,0,'''Friday Harbor''',0
'20240728',151009,65500,0,'''Friday Harbor''',0,38500,0,'''Friday Harbor''',0,20000,0,'''Friday Harbor''',0,70000,0,'''Friday Harbor''',0
'20240729',151009,65500,0,'''Friday Harbor''',0,38500,0,'''Friday Harbor''',0,20000,0,'''Friday Harbor''',0,38500,0,'''Friday Harbor''',0,31500,0,'''Friday Harbor''',0
'20240730',151009,65500,0,'''Friday Harbor''',0,38500,0,'''Friday Harbor''',0,20000,0,'''Friday Harbor''',0,38500,0,'''Friday Harbor''',0,31500,0,'''Friday Harbor''',0
'20240731',151009,65500,0,'''Friday Harbor''',0,38500,0,'''Friday Harbor''',0,20000,0,'''Friday Harbor''',0,38500,0,'''Friday Harbor''',0,31500,0,'''Friday Harbor''',0
'20240801',151009,65500,0,'''Friday Harbor''',0,38500,0,'''Friday Harbor''',0,20000,0,'''Friday Harbor''',0,38500,0,'''Friday Harbor''',0,31500,0,'''Friday Harbor''',0
'20240802',151009,65500,0,'''Friday Harbor''',0,38500,0,'''Friday Harbor''',0,20000,0,'''Friday Harbor''',0,38500,0,'''Friday Harbor''',0,31500,0,'''Friday Harbor''',0
'20240803',151009,65500,0,'''Friday Harbor''',0,38500,0,'''Friday Harbor''',0,20000,0,'''Friday Harbor''',0,38500,0,'''Friday Harbor''',0,31500,0,'''Friday Harbor''',0
'20240804',151009,65500,0,'''Friday Harbor''',0,38500,0,'''Friday Harbor''',0,20000,0,'''Friday Harbor''',0,70000,0,'''Friday Harbor''',0
'20240805',151009,65500,0,'''Friday Harbor''',0,38500,0,'''Friday Harbor''',0,20000,0,'''Friday Harbor''',0,38500,0,'''Friday Harbor''',0,31500,0,'''Friday Harbor''',0
'20240806',151009,65500,0,'''Friday Harbor''',0,38500,0,'''Friday Harbor''',0,20000,0,'''Friday Harbor''',0,38500,0,'''Friday Harbor''',0,31500,0,'''Friday Harbor''',0
'20240807',151009,65500,0,'''Friday Harbor''',0,38500,0,'''Friday Harbor''',0,20000,0,'''Friday Harbor''',0,38500,0,'''Friday Harbor''',0,31500,0,'''Friday Harbor''',0
'20240808',151009,65500,0,'''Friday Harbor''',0,38500,0,'''Friday Harbor''',0,20000,0,'''Friday Harbor''',0,38500,0,'''Friday Harbor''',0,31500,0,'''Friday Harbor''',0
'20240809',151009,65500,0,'''Friday Harbor''',0,38500,0,'''Friday Harbor''',0,20000,0,'''Friday Harbor''',0,38500,0,'''Friday Harbor''',0,31500,0,'''Friday Harbor''',0
'20240810',151009,65500,0,'''Friday Harbor''',0,38500,0,'''Friday Harbor''',0,20000,0,'''Friday Harbor''',0,38500,0,'''Friday Harbor''',0,31500,0,'''Friday Harbor''',0
'20240811',151009,65500,0,'''Friday Harbor''',0,38500,0,'''Friday Harbor''',0,20000,0,'''Friday Harbor''',0,70000,0,'''Friday Harbor''',0
'20240812',151009,65500,0,'''Friday Harbor''',0,38500,0,'''Friday Harbor''',0,20000,0,'''Friday Harbor''',0,38500,0,'''Friday Harbor''',0,31500,0,'''Friday Harbor''',0
'20240813',151009,65500,0,'''Friday Harbor''',0,38500,0,'''Friday Harbor''',0,20000,0,'''Friday Harbor''',0,38500,0,'''Friday Harbor''',0,31500,0,'''Friday Harbor''',0
'20240814',151009,65500,0,'''Friday Harbor''',0,38500,0,'''Friday Harbor''',0,20000,0,'''Friday Harbor''',0,38500,0,'''Friday Harbor''',0,31500,0,'''Friday Harbor''',0
'20240815',151009,65500,0,'''Friday Harbor''',0,38500,0,'''Friday Harbor''',0,20000,0,'''Friday Harbor''',0,38500,0,'''Friday Harbor''',0,31500,0,'''Friday Harbor''',0
'20240816',151009,65500,0,'''Friday Harbor''',0,38500,0,'''Friday Harbor''',0,20000,0,'''Friday Harbor''',0,38500,0,'''Friday Harbor''',0,31500,0,'''Friday Harbor''',0
'20240817',151009,65500,0,'''Friday Harbor''',0,38500,0,'''Friday Harbor''',0,20000,0,'''Friday Harbor''',0,38500,0,'''Friday Harbor''',0,31500,0,'''Friday Harbor''',0
'20240818',151009,65500,0,'''Friday Harbor''',0,38500,0,'''Friday Harbor''',0,20000,0,'''Friday Harbor''',0,70000,0,'''Friday Harbor''',0
'20240819',151009,65500,0,'''Friday Harbor''',0,38500,0,'''Friday Harbor''',0,20000,0,'''Friday Harbor''',0,38500,0,'''Friday Harbor''',0,31500,0,'''Friday Harbor''',0
'20240820',151009,65500,0,'''Friday Harbor''',0,38500,0,'''Friday Harbor''',0,20000,0,'''Friday Harbor''',0,38500,0,'''Friday Harbor''',0,31500,0,'''Friday Harbor''',0
'20240821',151009,65500,0,'''Friday Harbor''',0,38500,0,'''Friday Harbor''',0,20000,0,'''Friday Harbor''',0,38500,0,'''Friday Harbor''',0,31500,0,'''Friday Harbor''',0
'20240822',151009,65500,0,'''Friday Harbor''',0,38500,0,'''Friday Harbor''',0,20000,0,'''Friday Harbor''',0,38500,0,'''Friday Harbor''',0,31500,0,'''Friday Harbor''',0
'20240823',151009,65500,0,'''Friday Harbor''',0,38500,0,'''Friday Harbor''',0,20000,0,'''Friday Harbor''',0,38500,0,'''Friday Harbor''',0,31500,0,'''Friday Harbor''',0
'20240824',151009,65500,0,'''Friday Harbor''',0,38500,0,'''Friday Harbor''',0,20000,0,'''Friday Harbor''',0,38500,0,'''Friday Harbor''',0,31500,0,'''Friday Harbor''',0
'20240825',151009,65500,0,'''Friday Harbor''',0,38500,0,'''Friday Harbor''',0,20000,0,'''Friday Harbor''',0,70000,0,'''Friday Harbor''',0
'20240826',151009,65500,0,'''Friday Harbor''',0,38500,0,'''Friday Harbor''',0,20000,0,'''Friday Harbor''',0,38500,0,'''Friday Harbor''',0,31500,0,'''Friday Harbor''',0
'20240827',151009,65500,0,'''Friday Harbor''',0,38500,0,'''Friday Harbor''',0,20000,0,'''Friday Harbor''',0,38500,0,'''Friday Harbor''',0,31500,0,'''Friday Harbor''',0
'20240828',151009,65500,0,'''Friday Harbor''',0,38500,0,'''Friday Harbor''',0,20000,0,'''Friday Harbor''',0,38500,0,'''Friday Harbor''',0,31500,0,'''Friday Harbor''',0
'20240829',151009,65500,0,'''Friday Harbor''',0,38500,0,'''Friday Harbor''',0,20000,0,'''Friday Harbor''',0,38500,0,'''Friday Harbor''',0,31500,0,'''Friday Harbor''',0
'20240830',151009,65500,0,'''Friday Harbor''',0,38500,0,'''Friday Harbor''',0,20000,0,'''Friday Harbor''',0,38500,0,'''Friday Harbor''',0,31500,0,'''Friday Harbor''',0
'20240831',151009,65500,0,'''Friday Harbor''',0,38500,0,'''Friday Harbor''',0,20000,0,'''Friday Harbor''',0,38500,0,'''Friday Harbor''',0,31500,0,'''Friday Harbor''',0
'20240901',151009,65500,0,'''Friday Harbor''',0,38500,0,'''Friday Harbor''',0,20000,0,'''Friday Harbor''',0,70000,0,'''Friday Harbor''',0
'20240902',151009,65500,0,'''Friday Harbor''',0,38500,0,'''Friday Harbor''',0,20000,0,'''Friday Harbor''',0,70000,0,'''Friday Harbor''',0
'20240903',151009,65500,0,'''Friday Harbor''',0,38500,0,'''Friday Harbor''',0,20000,0,'''Friday Harbor''',0,38500,0,'''Friday Harbor''',0,31500,0,'''Friday Harbor''',0
'20240904',151009,65500,0,'''Friday Harbor''',0,38500,0,'''Friday Harbor''',0,20000,0,'''Friday Harbor''',0,38500,0,'''Friday Harbor''',0,31500,0,'''Friday Harbor''',0
'20240905',151009,65500,0,'''Friday Harbor''',0,38500,0,'''Friday Harbor''',0,20000,0,'''Friday Harbor''',0,38500,0,'''Friday Harbor''',0,31500,0,'''Friday Harbor''',0
'20240906',151009,65500,0,'''Friday Harbor''',0,38500,0,'''Friday Harbor''',0,20000,0,'''Friday Harbor''',0,38500,0,'''Friday Harbor''',0,31500,0,'''Friday Harbor''',0
'20240907',151009,65500,0,'''Friday Harbor''',0,38500,0,'''Friday Harbor''',0,20000,0,'''Friday Harbor''',0,38500,0,'''Friday Harbor''',0,31500,0,'''Friday Harbor''',0
'20240908',151009,65500,0,'''Friday Harbor''',0,38500,0,'''Friday Harbor''',0,20000,0,'''Friday Harbor''',0,70000,0,'''Friday Harbor''',0
'20240909',151009,65500,0,'''Friday Harbor''',0,38500,0,'''Friday Harbor''',0,20000,0,'''Friday Harbor''',0,38500,0,'''Friday Harbor''',0,31500,0,'''Friday Harbor''',0
'20240910',151009,65500,0,'''Friday Harbor''',0,38500,0,'''Friday Harbor''',0,20000,0,'''Friday Harbor''',0,38500,0,'''Friday Harbor''',0,31500,0,'''Friday Harbor''',0
'20240911',151009,65500,0,'''Friday Harbor''',0,38500,0,'''Friday Harbor''',0,20000,0,'''Friday Harbor''',0,38500,0,'''Friday Harbor''',0,31500,0,'''Friday Harbor''',0
'20240912',151009,65500,0,'''Friday Harbor''',0,38500,0,'''Friday Harbor''',0,20000,0,'''Friday Harbor''',0,38500,0,'''Friday Harbor''',0,31500,0,'''Friday Harbor''',0
'20240913',151009,65500,0,'''Friday Harbor''',0,38500,0,'''Friday Harbor''',0,20000,0,'''Friday Harbor''',0,38500,0,'''Friday Harbor''',0,31500,0,'''Friday Harbor''',0
'20240914',151009,65500,0,'''Friday Harbor''',0,38500,0,'''Friday Harbor''',0,20000,0,'''Friday Harbor''',0,38500,0,'''Friday Harbor''',0,31500,0,'''Friday Harbor''',0
'20240915',151009,65500,0,'''Friday Harbor''',0,38500,0,'''Friday Harbor''',0,20000,0,'''Friday Harbor''',0,70000,0,'''Friday Harbor''',0
'20240723',151309,65500,0,'''Lopez Isl''',0,18500,0,'''Lopez Isl''',0,7500,0,'''Lopez Isl''',0,32500,0,'''Lopez Isl''',0,26500,0,'''Lopez Isl''',0,31500,0,'''Lopez Isl''',0,43000,0,'''Lopez Isl''',0
'20240724',151309,65500,0,'''Lopez Isl''',0,18500,0,'''Lopez Isl''',0,7500,0,'''Lopez Isl''',0,32500,0,'''Lopez Isl''',0,26500,0,'''Lopez Isl''',0,31500,0,'''Lopez Isl''',0,43000,0,'''Lopez Isl''',0
'20240725',151309,65500,0,'''Lopez Isl''',0,18500,0,'''Lopez Isl''',0,7500,0,'''Lopez Isl''',0,32500,0,'''Lopez Isl''',0,26500,0,'''Lopez Isl''',0,31500,0,'''Lopez Isl''',0,19500,0,'''Lopez Isl''',0,23500,0,'''Lopez Isl''',0
'20240726',151309,65500,0,'''Lopez Isl''',0,18500,0,'''Lopez Isl''',0,7500,0,'''Lopez Isl''',0,32500,0,'''Lopez Isl''',0,26500,0,'''Lopez Isl''',0,31500,0,'''Lopez Isl''',0,19500,0,'''Lopez Isl''',0,23500,0,'''Lopez Isl''',0
'20240727',151309,65500,0,'''Lopez Isl''',0,18500,0,'''Lopez Isl''',0,7500,0,'''Lopez Isl''',0,32500,0,'''Lopez Isl''',0,26500,0,'''Lopez Isl''',0,31500,0,'''Lopez Isl''',0,19500,0,'''Lopez Isl''',0,23500,0,'''Lopez Isl''',0
'20240728',151309,65500,0,'''Lopez Isl''',0,18500,0,'''Lopez Isl''',0,7500,0,'''Lopez Isl''',0,32500,0,'''Lopez Isl''',0,58000,0,'''Lopez Isl''',0,19500,0,'''Lopez Isl''',0,23500,0,'''Lopez Isl''',0
'20240729',151309,65500,0,'''Lopez Isl''',0,18500,0,'''Lopez Isl''',0,7500,0,'''Lopez Isl''',0,32500,0,'''Lopez Isl''',0,26500,0,'''Lopez Isl''',0,31500,0,'''Lopez Isl''',0,19500,0,'''Lopez Isl''',0,23500,0,'''Lopez Isl''',0
'20240730',151309,65500,0,'''Lopez Isl''',0,18500,0,'''Lopez Isl''',0,7500,0,'''Lopez Isl''',0,32500,0,'''Lopez Isl''',0,26500,0,'''Lopez Isl''',0,31500,0,'''Lopez Isl''',0,43000,0,'''Lopez Isl''',0
'20240731',151309,65500,0,'''Lopez Isl''',0,18500,0,'''Lopez Isl''',0,7500,0,'''Lopez Isl''',0,32500,0,'''Lopez Isl''',0,26500,0,'''Lopez Isl''',0,31500,0,'''Lopez Isl''',0,43000,0,'''Lopez Isl''',0
'20240801',151309,65500,0,'''Lopez Isl''',0,18500,0,'''Lopez Isl''',0,7500,0,'''Lopez Isl''',0,32500,0,'''Lopez Isl''',0,26500,0,'''Lopez Isl''',0,31500,0,'''Lopez Isl''',0,19500,0,'''Lopez Isl''',0,23500,0,'''Lopez Isl''',0
'20240802',151309,65500,0,'''Lopez Isl''',0,18500,0,'''Lopez Isl''',0,7500,0,'''Lopez Isl''',0,32500,0,'''Lopez Isl''',0,26500,0,'''Lopez Isl''',0,31500,0,'''Lopez Isl''',0,19500,0,'''Lopez Isl''',0,23500,0,'''Lopez Isl''',0
'20240803',151309,65500,0,'''Lopez Isl''',0,18500,0,'''Lopez Isl''',0,7500,0,'''Lopez Isl''',0,32500,0,'''Lopez Isl''',0,26500,0,'''Lopez Isl''',0,31500,0,'''Lopez Isl''',0,19500,0,'''Lopez Isl''',0,23500,0,'''Lopez Isl''',0
'20240804',151309,65500,0,'''Lopez Isl''',0,18500,0,'''Lopez Isl''',0,7500,0,'''Lopez Isl''',0,32500,0,'''Lopez Isl''',0,58000,0,'''Lopez Isl''',0,19500,0,'''Lopez Isl''',0,23500,0,'''Lopez Isl''',0
'20240805',151309,65500,0,'''Lopez Isl''',0,18500,0,'''Lopez Isl''',0,7500,0,'''Lopez Isl''',0,32500,0,'''Lopez Isl''',0,26500,0,'''Lopez Isl''',0,31500,0,'''Lopez Isl''',0,19500,0,'''Lopez Isl''',0,23500,0,'''Lopez Isl''',0
'20240806',151309,65500,0,'''Lopez Isl''',0,18500,0,'''Lopez Isl''',0,7500,0,'''Lopez Isl''',0,32500,0,'''Lopez Isl''',0,26500,0,'''Lopez Isl''',0,31500,0,'''Lopez Isl''',0,43000,0,'''Lopez Isl''',0
'20240807',151309,65500,0,'''Lopez Isl''',0,18500,0,'''Lopez Isl''',0,7500,0,'''Lopez Isl''',0,32500,0,'''Lopez Isl''',0,26500,0,'''Lopez Isl''',0,31500,0,'''Lopez Isl''',0,43000,0,'''Lopez Isl''',0
'20240808',151309,65500,0,'''Lopez Isl''',0,18500,0,'''Lopez Isl''',0,7500,0,'''Lopez Isl''',0,32500,0,'''Lopez Isl''',0,26500,0,'''Lopez Isl''',0,31500,0,'''Lopez Isl''',0,19500,0,'''Lopez Isl''',0,23500,0,'''Lopez Isl''',0
'20240809',151309,65500,0,'''Lopez Isl''',0,18500,0,'''Lopez Isl''',0,7500,0,'''Lopez Isl''',0,32500,0,'''Lopez Isl''',0,26500,0,'''Lopez Isl''',0,31500,0,'''Lopez Isl''',0,19500,0,'''Lopez Isl''',0,23500,0,'''Lopez Isl''',0
'20240810',151309,65500,0,'''Lopez Isl''',0,18500,0,'''Lopez Isl''',0,7500,0,'''Lopez Isl''',0,32500,0,'''Lopez Isl''',0,26500,0,'''Lopez Isl''',0,31500,0,'''Lopez Isl''',0,19500,0,'''Lopez Isl''',0,23500,0,'''Lopez Isl''',0
'20240811',151309,65500,0,'''Lopez Isl''',0,18500,0,'''Lopez Isl''',0,7500,0,'''Lopez Isl''',0,32500,0,'''Lopez Isl''',0,58000,0,'''Lopez Isl''',0,19500,0,'''Lopez Isl''',0,23500,0,'''Lopez Isl''',0
'20240812',151309,65500,0,'''Lopez Isl''',0,18500,0,'''Lopez Isl''',0,7500,0,'''Lopez Isl''',0,32500,0,'''Lopez Isl''',0,26500,0,'''Lopez Isl''',0,31500,0,'''Lopez Isl''',0,19500,0,'''Lopez Isl''',0,23500,0,'''Lopez Isl''',0
'20240813',151309,65500,0,'''Lopez Isl''',0,18500,0,'''Lopez Isl''',0,7500,0,'''Lopez Isl''',0,32500,0,'''Lopez Isl''',0,26500,0,'''Lopez Isl''',0,31500,0,'''Lopez Isl''',0,43000,0,'''Lopez Isl''',0
'20240814',151309,65500,0,'''Lopez Isl''',0,18500,0,'''Lopez Isl''',0,7500,0,'''Lopez Isl''',0,32500,0,'''Lopez Isl''',0,26500,0,'''Lopez Isl''',0,31500,0,'''Lopez Isl''',0,43000,0,'''Lopez Isl''',0
'20240815',151309,65500,0,'''Lopez Isl''',0,18500,0,'''Lopez Isl''',0,7500,0,'''Lopez Isl''',0,32500,0,'''Lopez Isl''',0,26500,0,'''Lopez Isl''',0,31500,0,'''Lopez Isl''',0,19500,0,'''Lopez Isl''',0,23500,0,'''Lopez Isl''',0
'20240816',151309,65500,0,'''Lopez Isl''',0,18500,0,'''Lopez Isl''',0,7500,0,'''Lopez Isl''',0,32500,0,'''Lopez Isl''',0,26500,0,'''Lopez Isl''',0,31500,0,'''Lopez Isl''',0,19500,0,'''Lopez Isl''',0,23500,0,'''Lopez Isl''',0
'20240817',151309,65500,0,'''Lopez Isl''',0,18500,0,'''Lopez Isl''',0,7500,0,'''Lopez Isl''',0,32500,0,'''Lopez Isl''',0,26500,0,'''Lopez Isl''',0,31500,0,'''Lopez Isl''',0,19500,0,'''Lopez Isl''',0,23500,0,'''Lopez Isl''',0
'20240818',151309,65500,0,'''Lopez Isl''',0,18500,0,'''Lopez Isl''',0,7500,0,'''Lopez Isl''',0,32500,0,'''Lopez Isl''',0,58000,0,'''Lopez Isl''',0,19500,0,'''Lopez Isl''',0,23500,0,'''Lopez Isl''',0
'20240819',151309,65500,0,'''Lopez Isl''',0,18500,0,'''Lopez Isl''',0,7500,0,'''Lopez Isl''',0,32500,0,'''Lopez Isl''',0,26500,0,'''Lopez Isl''',0,31500,0,'''Lopez Isl''',0,19500,0,'''Lopez Isl''',0,23500,0,'''Lopez Isl''',0
'20240820',151309,65500,0,'''Lopez Isl''',0,18500,0,'''Lopez Isl''',0,7500,0,'''Lopez Isl''',0,32500,0,'''Lopez Isl''',0,26500,0,'''Lopez Isl''',0,31500,0,'''Lopez Isl''',0,43000,0,'''Lopez Isl''',0
'20240821',151309,65500,0,'''Lopez Isl''',0,18500,0,'''Lopez Isl''',0,7500,0,'''Lopez Isl''',0,32500,0,'''Lopez Isl''',0,26500,0,'''Lopez Isl''',0,31500,0,'''Lopez Isl''',0,43000,0,'''Lopez Isl''',0
'20240822',151309,65500,0,'''Lopez Isl''',0,18500,0,'''Lopez Isl''',0,7500,0,'''Lopez Isl''',0,32500,0,'''Lopez Isl''',0,26500,0,'''Lopez Isl''',0,31500,0,'''Lopez Isl''',0,19500,0,'''Lopez Isl''',0,23500,0,'''Lopez Isl''',0
'20240823',151309,65500,0,'''Lopez Isl''',0,18500,0,'''Lopez Isl''',0,7500,0,'''Lopez Isl''',0,32500,0,'''Lopez Isl''',0,26500,0,'''Lopez Isl''',0,31500,0,'''Lopez Isl''',0,19500,0,'''Lopez Isl''',0,23500,0,'''Lopez Isl''',0
'20240824',151309,65500,0,'''Lopez Isl''',0,18500,0,'''Lopez Isl''',0,7500,0,'''Lopez Isl''',0,32500,0,'''Lopez Isl''',0,26500,0,'''Lopez Isl''',0,31500,0,'''Lopez Isl''',0,19500,0,'''Lopez Isl''',0,23500,0,'''Lopez Isl''',0
'20240825',151309,65500,0,'''Lopez Isl''',0,18500,0,'''Lopez Isl''',0,7500,0,'''Lopez Isl''',0,32500,0,'''Lopez Isl''',0,58000,0,'''Lopez Isl''',0,19500,0,'''Lopez Isl''',0,23500,0,'''Lopez Isl''',0
'20240826',151309,65500,0,'''Lopez Isl''',0,18500,0,'''Lopez Isl''',0,7500,0,'''Lopez Isl''',0,32500,0,'''Lopez Isl''',0,26500,0,'''Lopez Isl''',0,31500,0,'''Lopez Isl''',0,19500,0,'''Lopez Isl''',0,23500,0,'''Lopez Isl''',0
'20240827',151309,65500,0,'''Lopez Isl''',0,18500,0,'''Lopez Isl''',0,7500,0,'''Lopez Isl''',0,32500,0,'''Lopez Isl''',0,26500,0,'''Lopez Isl''',0,31500,0,'''Lopez Isl''',0,43000,0,'''Lopez Isl''',0
'20240828',151309,65500,0,'''Lopez Isl''',0,18500,0,'''Lopez Isl''',0,7500,0,'''Lopez Isl''',0,32500,0,'''Lopez Isl''',0,26500,0,'''Lopez Isl''',0,31500,0,'''Lopez Isl''',0,43000,0,'''Lopez Isl''',0
'20240829',151309,65500,0,'''Lopez Isl''',0,18500,0,'''Lopez Isl''',0,7500,0,'''Lopez Isl''',0,32500,0,'''Lopez Isl''',0,26500,0,'''Lopez Isl''',0,31500,0,'''Lopez Isl''',0,19500,0,'''Lopez Isl''',0,23500,0,'''Lopez Isl''',0
'20240830',151309,65500,0,'''Lopez Isl''',0,18500,0,'''Lopez Isl''',0,7500,0,'''Lopez Isl''',0,32500,0,'''Lopez Isl''',0,26500,0,'''Lopez Isl''',0,31500,0,'''Lopez Isl''',0,19500,0,'''Lopez Isl''',0,23500,0,'''Lopez Isl''',0
'20240831',151309,65500,0,'''Lopez Isl''',0,18500,0,'''Lopez Isl''',0,7500,0,'''Lopez Isl''',0,32500,0,'''Lopez Isl''',0,26500,0,'''Lopez Isl''',0,31500,0,'''Lopez Isl''',0,19500,0,'''Lopez Isl''',0,23500,0,'''Lopez Isl''',0
'20240901',151309,65500,0,'''Lopez Isl''',0,18500,0,'''Lopez Isl''',0,7500,0,'''Lopez Isl''',0,32500,0,'''Lopez Isl''',0,58000,0,'''Lopez Isl''',0,19500,0,'''Lopez Isl''',0,23500,0,'''Lopez Isl''',0
'20240902',151309,65500,0,'''Lopez Isl''',0,18500,0,'''Lopez Isl''',0,7500,0,'''Lopez Isl''',0,32500,0,'''Lopez Isl''',0,58000,0,'''Lopez Isl''',0,19500,0,'''Lopez Isl''',0,23500,0,'''Lopez Isl''',0
'20240903',151309,65500,0,'''Lopez Isl''',0,18500,0,'''Lopez Isl''',0,7500,0,'''Lopez Isl''',0,32500,0,'''Lopez Isl''',0,26500,0,'''Lopez Isl''',0,31500,0,'''Lopez Isl''',0,43000,0,'''Lopez Isl''',0
'20240904',151309,65500,0,'''Lopez Isl''',0,18500,0,'''Lopez Isl''',0,7500,0,'''Lopez Isl''',0,32500,0,'''Lopez Isl''',0,26500,0,'''Lopez Isl''',0,31500,0,'''Lopez Isl''',0,43000,0,'''Lopez Isl''',0
'20240905',151309,65500,0,'''Lopez Isl''',0,18500,0,'''Lopez Isl''',0,7500,0,'''Lopez Isl''',0,32500,0,'''Lopez Isl''',0,26500,0,'''Lopez Isl''',0,31500,0,'''Lopez Isl''',0,19500,0,'''Lopez Isl''',0,23500,0,'''Lopez Isl''',0
'20240906',151309,65500,0,'''Lopez Isl''',0,18500,0,'''Lopez Isl''',0,7500,0,'''Lopez Isl''',0,32500,0,'''Lopez Isl''',0,26500,0,'''Lopez Isl''',0,31500,0,'''Lopez Isl''',0,19500,0,'''Lopez Isl''',0,23500,0,'''Lopez Isl''',0
'20240907',151309,65500,0,'''Lopez Isl''',0,18500,0,'''Lopez Isl''',0,7500,0,'''Lopez Isl''',0,32500,0,'''Lopez Isl''',0,26500,0,'''Lopez Isl''',0,31500,0,'''Lopez Isl''',0,19500,0,'''Lopez Isl''',0,23500,0,'''Lopez Isl''',0
'20240908',151309,65500,0,'''Lopez Isl''',0,18500,0,'''Lopez Isl''',0,7500,0,'''Lopez Isl''',0,32500,0,'''Lopez Isl''',0,58000,0,'''Lopez Isl''',0,19500,0,'''Lopez Isl''',0,23500,0,'''Lopez Isl''',0
'20240909',151309,65500,0,'''Lopez Isl''',0,18500,0,'''Lopez Isl''',0,7500,0,'''Lopez Isl''',0,32500,0,'''Lopez Isl''',0,26500,0,'''Lopez Isl''',0,31500,0,'''Lopez Isl''',0,19500,0,'''Lopez Isl''',0,23500,0,'''Lopez Isl''',0
'20240910',151309,65500,0,'''Lopez Isl''',0,18500,0,'''Lopez Isl''',0,7500,0,'''Lopez Isl''',0,32500,0,'''Lopez Isl''',0,26500,0,'''Lopez Isl''',0,31500,0,'''Lopez Isl''',0,43000,0,'''Lopez Isl''',0
'20240911',151309,65500,0,'''Lopez Isl''',0,18500,0,'''Lopez Isl''',0,7500,0,'''Lopez Isl''',0,32500,0,'''Lopez Isl''',0,26500,0,'''Lopez Isl''',0,31500,0,'''Lopez Isl''',0,43000,0,'''Lopez Isl''',0
'20240912',151309,65500,0,'''Lopez Isl''',0,18500,0,'''Lopez Isl''',0,7500,0,'''Lopez Isl''',0,32500,0,'''Lopez Isl''',0,26500,0,'''Lopez Isl''',0,31500,0,'''Lopez Isl''',0,19500,0,'''Lopez Isl''',0,23500,0,'''Lopez Isl''',0
'20240913',151309,65500,0,'''Lopez Isl''',0,18500,0,'''Lopez Isl''',0,7500,0,'''Lopez Isl''',0,32500,0,'''Lopez Isl''',0,26500,0,'''Lopez Isl''',0,31500,0,'''Lopez Isl''',0,19500,0,'''Lopez Isl''',0,23500,0,'''Lopez Isl''',0
'20240914',151309,65500,0,'''Lopez Isl''',0,18500,0,'''Lopez Isl''',0,7500,0,'''Lopez Isl''',0,32500,0,'''Lopez Isl''',0,26500,0,'''Lopez Isl''',0,31500,0,'''Lopez Isl''',0,19500,0,'''Lopez Isl''',0,23500,0,'''Lopez Isl''',0
'20240915',151309,65500,0,'''Lopez Isl''',0,18500,0,'''Lopez Isl''',0,7500,0,'''Lopez Isl''',0,32500,0,'''Lopez Isl''',0,58000,0,'''Lopez Isl''',0,19500,0,'''Lopez Isl''',0,23500,0,'''Lopez Isl''',0
'20240723',151809,65500,0,'''Shaw Isl''',0,8000,0,'''Shaw Isl''',0,10500,0,'''Shaw Isl''',0,7500,0,'''Shaw Isl''',0,30500,0,'''Shaw Isl''',0,28500,0,'''Shaw Isl''',0,21000,0,'''Shaw Isl''',0,10500,0,'''Shaw Isl''',0,43000,0,'''Shaw Isl''',0
'20240724',151809,65500,0,'''Shaw Isl''',0,8000,0,'''Shaw Isl''',0,10500,0,'''Shaw Isl''',0,7500,0,'''Shaw Isl''',0,30500,0,'''Shaw Isl''',0,28500,0,'''Shaw Isl''',0,21000,0,'''Shaw Isl''',0,10500,0,'''Shaw Isl''',0,43000,0,'''Shaw Isl''',0
'20240725',151809,65500,0,'''Shaw Isl''',0,8000,0,'''Shaw Isl''',0,10500,0,'''Shaw Isl''',0,7500,0,'''Shaw Isl''',0,30500,0,'''Shaw Isl''',0,28500,0,'''Shaw Isl''',0,21000,0,'''Shaw Isl''',0,10500,0,'''Shaw Isl''',0,43000,0,'''Shaw Isl''',0
'20240726',151809,65500,0,'''Shaw Isl''',0,8000,0,'''Shaw Isl''',0,10500,0,'''Shaw Isl''',0,7500,0,'''Shaw Isl''',0,30500,0,'''Shaw Isl''',0,28500,0,'''Shaw Isl''',0,21000,0,'''Shaw Isl''',0,10500,0,'''Shaw Isl''',0,43000,0,'''Shaw Isl''',0
'20240727',151809,65500,0,'''Shaw Isl''',0,8000,0,'''Shaw Isl''',0,10500,0,'''Shaw Isl''',0,7500,0,'''Shaw Isl''',0,30500,0,'''Shaw Isl''',0,28500,0,'''Shaw Isl''',0,21000,0,'''Shaw Isl''',0,10500,0,'''Shaw Isl''',0,43000,0,'''Shaw Isl''',0
'20240728',151809,65500,0,'''Shaw Isl''',0,8000,0,'''Shaw Isl''',0,10500,0,'''Shaw Isl''',0,7500,0,'''Shaw Isl''',0,30500,0,'''Shaw Isl''',0,49500,0,'''Shaw Isl''',0,10500,0,'''Shaw Isl''',0,43000,0,'''Shaw Isl''',0
'20240729',151809,65500,0,'''Shaw Isl''',0,8000,0,'''Shaw Isl''',0,10500,0,'''Shaw Isl''',0,7500,0,'''Shaw Isl''',0,30500,0,'''Shaw Isl''',0,28500,0,'''Shaw Isl''',0,21000,0,'''Shaw Isl''',0,10500,0,'''Shaw Isl''',0,43000,0,'''Shaw Isl''',0
'20240730',151809,65500,0,'''Shaw Isl''',0,8000,0,'''Shaw Isl''',0,10500,0,'''Shaw Isl''',0,7500,0,'''Shaw Isl''',0,30500,0,'''Shaw Isl''',0,28500,0,'''Shaw Isl''',0,21000,0,'''Shaw Isl''',0,10500,0,'''Shaw Isl''',0,43000,0,'''Shaw Isl''',0
'20240731',151809,65500,0,'''Shaw Isl''',0,8000,0,'''Shaw Isl''',0,10500,0,'''Shaw Isl''',0,7500,0,'''Shaw Isl''',0,30500,0,'''Shaw Isl''',0,28500,0,'''Shaw Isl''',0,21000,0,'''Shaw Isl''',0,10500,0,'''Shaw Isl''',0,43000,0,'''Shaw Isl''',0
'20240801',151809,65500,0,'''Shaw Isl''',0,8000,0,'''Shaw Isl''',0,10500,0,'''Shaw Isl''',0,7500,0,'''Shaw Isl''',0,30500,0,'''Shaw Isl''',0,28500,0,'''Shaw Isl''',0,21000,0,'''Shaw Isl''',0,10500,0,'''Shaw Isl''',0,43000,0,'''Shaw Isl''',0
'20240802',151809,65500,0,'''Shaw Isl''',0,8000,0,'''Shaw Isl''',0,10500,0,'''Shaw Isl''',0,7500,0,'''Shaw Isl''',0,30500,0,'''Shaw Isl''',0,28500,0,'''Shaw Isl''',0,21000,0,'''Shaw Isl''',0,10500,0,'''Shaw Isl''',0,43000,0,'''Shaw Isl''',0
'20240803',151809,65500,0,'''Shaw Isl''',0,8000,0,'''Shaw Isl''',0,10500,0,'''Shaw Isl''',0,7500,0,'''Shaw Isl''',0,30500,0,'''Shaw Isl''',0,28500,0,'''Shaw Isl''',0,21000,0,'''Shaw Isl''',0,10500,0,'''Shaw Isl''',0,43000,0,'''Shaw Isl''',0
'20240804',151809,65500,0,'''Shaw Isl''',0,8000,0,'''Shaw Isl''',0,10500,0,'''Shaw Isl''',0,7500,0,'''Shaw Isl''',0,30500,0,'''Shaw Isl''',0,49500,0,'''Shaw Isl''',0,10500,0,'''Shaw Isl''',0,43000,0,'''Shaw Isl''',0
'20240805',151809,65500,0,'''Shaw Isl''',0,8000,0,'''Shaw Isl''',0,10500,0,'''Shaw Isl''',0,7500,0,'''Shaw Isl''',0,30500,0,'''Shaw Isl''',0,28500,0,'''Shaw Isl''',0,21000,0,'''Shaw Isl''',0,10500,0,'''Shaw Isl''',0,43000,0,'''Shaw Isl''',0
'20240806',151809,65500,0,'''Shaw Isl''',0,8000,0,'''Shaw Isl''',0,10500,0,'''Shaw Isl''',0,7500,0,'''Shaw Isl''',0,30500,0,'''Shaw Isl''',0,28500,0,'''Shaw Isl''',0,21000,0,'''Shaw Isl''',0,10500,0,'''Shaw Isl''',0,43000,0,'''Shaw Isl''',0
'20240807',151809,65500,0,'''Shaw Isl''',0,8000,0,'''Shaw Isl''',0,10500,0,'''Shaw Isl''',0,7500,0,'''Shaw Isl''',0,30500,0,'''Shaw Isl''',0,28500,0,'''Shaw Isl''',0,21000,0,'''Shaw Isl''',0,10500,0,'''Shaw Isl''',0,43000,0,'''Shaw Isl''',0
'20240808',151809,65500,0,'''Shaw Isl''',0,8000,0,'''Shaw Isl''',0,10500,0,'''Shaw Isl''',0,7500,0,'''Shaw Isl''',0,30500,0,'''Shaw Isl''',0,28500,0,'''Shaw Isl''',0,21000,0,'''Shaw Isl''',0,10500,0,'''Shaw Isl''',0,43000,0,'''Shaw Isl''',0
'20240809',151809,65500,0,'''Shaw Isl''',0,8000,0,'''Shaw Isl''',0,10500,0,'''Shaw Isl''',0,7500,0,'''Shaw Isl''',0,30500,0,'''Shaw Isl''',0,28500,0,'''Shaw Isl''',0,21000,0,'''Shaw Isl''',0,10500,0,'''Shaw Isl''',0,43000,0,'''Shaw Isl''',0
'20240810',151809,65500,0,'''Shaw Isl''',0,8000,0,'''Shaw Isl''',0,10500,0,'''Shaw Isl''',0,7500,0,'''Shaw Isl''',0,30500,0,'''Shaw Isl''',0,28500,0,'''Shaw Isl''',0,21000,0,'''Shaw Isl''',0,10500,0,'''Shaw Isl''',0,43000,0,'''Shaw Isl''',0
'20240811',151809,65500,0,'''Shaw Isl''',0,8000,0,'''Shaw Isl''',0,10500,0,'''Shaw Isl''',0,7500,0,'''Shaw Isl''',0,30500,0,'''Shaw Isl''',0,49500,0,'''Shaw Isl''',0,10500,0,'''Shaw Isl''',0,43000,0,'''Shaw Isl''',0
'20240812',151809,65500,0,'''Shaw Isl''',0,8000,0,'''Shaw Isl''',0,10500,0,'''Shaw Isl''',0,7500,0,'''Shaw Isl''',0,30500,0,'''Shaw Isl''',0,28500,0,'''Shaw Isl''',0,21000,0,'''Shaw Isl''',0,10500,0,'''Shaw Isl''',0,43000,0,'''Shaw Isl''',0
'20240813',151809,65500,0,'''Shaw Isl''',0,8000,0,'''Shaw Isl''',0,10500,0,'''Shaw Isl''',0,7500,0,'''Shaw Isl''',0,30500,0,'''Shaw Isl''',0,28500,0,'''Shaw Isl''',0,21000,0,'''Shaw Isl''',0,10500,0,'''Shaw Isl''',0,43000,0,'''Shaw Isl''',0
'20240814',151809,65500,0,'''Shaw Isl''',0,8000,0,'''Shaw Isl''',0,10500,0,'''Shaw Isl''',0,7500,0,'''Shaw Isl''',0,30500,0,'''Shaw Isl''',0,28500,0,'''Shaw Isl''',0,21000,0,'''Shaw Isl''',0,10500,0,'''Shaw Isl''',0,43000,0,'''Shaw Isl''',0
'20240815',151809,65500,0,'''Shaw Isl''',0,8000,0,'''Shaw Isl''',0,10500,0,'''Shaw Isl''',0,7500,0,'''Shaw Isl''',0,30500,0,'''Shaw Isl''',0,28500,0,'''Shaw Isl''',0,21000,0,'''Shaw Isl''',0,10500,0,'''Shaw Isl''',0,43000,0,'''Shaw Isl''',0
'20240816',151809,65500,0,'''Shaw Isl''',0,8000,0,'''Shaw Isl''',0,10500,0,'''Shaw Isl''',0,7500,0,'''Shaw Isl''',0,30500,0,'''Shaw Isl''',0,28500,0,'''Shaw Isl''',0,21000,0,'''Shaw Isl''',0,10500,0,'''Shaw Isl''',0,43000,0,'''Shaw Isl''',0
'20240817',151809,65500,0,'''Shaw Isl''',0,8000,0,'''Shaw Isl''',0,10500,0,'''Shaw Isl''',0,7500,0,'''Shaw Isl''',0,30500,0,'''Shaw Isl''',0,28500,0,'''Shaw Isl''',0,21000,0,'''Shaw Isl''',0,10500,0,'''Shaw Isl''',0,43000,0,'''Shaw Isl''',0
'20240818',151809,65500,0,'''Shaw Isl''',0,8000,0,'''Shaw Isl''',0,10500,0,'''Shaw Isl''',0,7500,0,'''Shaw Isl''',0,30500,0,'''Shaw Isl''',0,49500,0,'''Shaw Isl''',0,10500,0,'''Shaw Isl''',0,43000,0,'''Shaw Isl''',0
'20240819',151809,65500,0,'''Shaw Isl''',0,8000,0,'''Shaw Isl''',0,10500,0,'''Shaw Isl''',0,7500,0,'''Shaw Isl''',0,30500,0,'''Shaw Isl''',0,28500,0,'''Shaw Isl''',0,21000,0,'''Shaw Isl''',0,10500,0,'''Shaw Isl''',0,43000,0,'''Shaw Isl''',0
'20240820',151809,65500,0,'''Shaw Isl''',0,8000,0,'''Shaw Isl''',0,10500,0,'''Shaw Isl''',0,7500,0,'''Shaw Isl''',0,30500,0,'''Shaw Isl''',0,28500,0,'''Shaw Isl''',0,21000,0,'''Shaw Isl''',0,10500,0,'''Shaw Isl''',0,43000,0,'''Shaw Isl''',0
'20240821',151809,65500,0,'''Shaw Isl''',0,8000,0,'''Shaw Isl''',0,10500,0,'''Shaw Isl''',0,7500,0,'''Shaw Isl''',0,30500,0,'''Shaw Isl''',0,28500,0,'''Shaw Isl''',0,21000,0,'''Shaw Isl''',0,10500,0,'''Shaw Isl''',0,43000,0,'''Shaw Isl''',0
'20240822',151809,65500,0,'''Shaw Isl''',0,8000,0,'''Shaw Isl''',0,10500,0,'''Shaw Isl''',0,7500,0,'''Shaw Isl''',0,30500,0,'''Shaw Isl''',0,28500,0,'''Shaw Isl''',0,21000,0,'''Shaw Isl''',0,10500,0,'''Shaw Isl''',0,43000,0,'''Shaw Isl''',0
'20240823',151809,65500,0,'''Shaw Isl''',0,8000,0,'''Shaw Isl''',0,10500,0,'''Shaw Isl''',0,7500,0,'''Shaw Isl''',0,30500,0,'''Shaw Isl''',0,28500,0,'''Shaw Isl''',0,21000,0,'''Shaw Isl''',0,10500,0,'''Shaw Isl''',0,43000,0,'''Shaw Isl''',0
'20240824',151809,65500,0,'''Shaw Isl''',0,8000,0,'''Shaw Isl''',0,10500,0,'''Shaw Isl''',0,7500,0,'''Shaw Isl''',0,30500,0,'''Shaw Isl''',0,28500,0,'''Shaw Isl''',0,21000,0,'''Shaw Isl''',0,10500,0,'''Shaw Isl''',0,43000,0,'''Shaw Isl''',0
'20240825',151809,65500,0,'''Shaw Isl''',0,8000,0,'''Shaw Isl''',0,10500,0,'''Shaw Isl''',0,7500,0,'''Shaw Isl''',0,30500,0,'''Shaw Isl''',0,49500,0,'''Shaw Isl''',0,10500,0,'''Shaw Isl''',0,43000,0,'''Shaw Isl''',0
'20240826',151809,65500,0,'''Shaw Isl''',0,8000,0,'''Shaw Isl''',0,10500,0,'''Shaw Isl''',0,7500,0,'''Shaw Isl''',0,30500,0,'''Shaw Isl''',0,28500,0,'''Shaw Isl''',0,21000,0,'''Shaw Isl''',0,10500,0,'''Shaw Isl''',0,43000,0,'''Shaw Isl''',0
'20240827',151809,65500,0,'''Shaw Isl''',0,8000,0,'''Shaw Isl''',0,10500,0,'''Shaw Isl''',0,7500,0,'''Shaw Isl''',0,30500,0,'''Shaw Isl''',0,28500,0,'''Shaw Isl''',0,21000,0,'''Shaw Isl''',0,10500,0,'''Shaw Isl''',0,43000,0,'''Shaw Isl''',0
'20240828',151809,65500,0,'''Shaw Isl''',0,8000,0,'''Shaw Isl''',0,10500,0,'''Shaw Isl''',0,7500,0,'''Shaw Isl''',0,30500,0,'''Shaw Isl''',0,28500,0,'''Shaw Isl''',0,21000,0,'''Shaw Isl''',0,10500,0,'''Shaw Isl''',0,43000,0,'''Shaw Isl''',0
'20240829',151809,65500,0,'''Shaw Isl''',0,8000,0,'''Shaw Isl''',0,10500,0,'''Shaw Isl''',0,7500,0,'''Shaw Isl''',0,30500,0,'''Shaw Isl''',0,28500,0,'''Shaw Isl''',0,21000,0,'''Shaw Isl''',0,10500,0,'''Shaw Isl''',0,43000,0,'''Shaw Isl''',0
'20240830',151809,65500,0,'''Shaw Isl''',0,8000,0,'''Shaw Isl''',0,10500,0,'''Shaw Isl''',0,7500,0,'''Shaw Isl''',0,30500,0,'''Shaw Isl''',0,28500,0,'''Shaw Isl''',0,21000,0,'''Shaw Isl''',0,10500,0,'''Shaw Isl''',0,43000,0,'''Shaw Isl''',0
'20240831',151809,65500,0,'''Shaw Isl''',0,8000,0,'''Shaw Isl''',0,10500,0,'''Shaw Isl''',0,7500,0,'''Shaw Isl''',0,30500,0,'''Shaw Isl''',0,28500,0,'''Shaw Isl''',0,21000,0,'''Shaw Isl''',0,10500,0,'''Shaw Isl''',0,43000,0,'''Shaw Isl''',0
'20240901',151809,65500,0,'''Shaw Isl''',0,8000,0,'''Shaw Isl''',0,10500,0,'''Shaw Isl''',0,7500,0,'''Shaw Isl''',0,30500,0,'''Shaw Isl''',0,49500,0,'''Shaw Isl''',0,10500,0,'''Shaw Isl''',0,43000,0,'''Shaw Isl''',0
'20240902',151809,65500,0,'''Shaw Isl''',0,8000,0,'''Shaw Isl''',0,10500,0,'''Shaw Isl''',0,7500,0,'''Shaw Isl''',0,30500,0,'''Shaw Isl''',0,49500,0,'''Shaw Isl''',0,10500,0,'''Shaw Isl''',0,43000,0,'''Shaw Isl''',0
'20240903',151809,65500,0,'''Shaw Isl''',0,8000,0,'''Shaw Isl''',0,10500,0,'''Shaw Isl''',0,7500,0,'''Shaw Isl''',0,30500,0,'''Shaw Isl''',0,28500,0,'''Shaw Isl''',0,21000,0,'''Shaw Isl''',0,10500,0,'''Shaw Isl''',0,43000,0,'''Shaw Isl''',0
'20240904',151809,65500,0,'''Shaw Isl''',0,8000,0,'''Shaw Isl''',0,10500,0,'''Shaw Isl''',0,7500,0,'''Shaw Isl''',0,30500,0,'''Shaw Isl''',0,28500,0,'''Shaw Isl''',0,21000,0,'''Shaw Isl''',0,10500,0,'''Shaw Isl''',0,43000,0,'''Shaw Isl''',0
'20240905',151809,65500,0,'''Shaw Isl''',0,8000,0,'''Shaw Isl''',0,10500,0,'''Shaw Isl''',0,7500,0,'''Shaw Isl''',0,30500,0,'''Shaw Isl''',0,28500,0,'''Shaw Isl''',0,21000,0,'''Shaw Isl''',0,10500,0,'''Shaw Isl''',0,43000,0,'''Shaw Isl''',0
'20240906',151809,65500,0,'''Shaw Isl''',0,8000,0,'''Shaw Isl''',0,10500,0,'''Shaw Isl''',0,7500,0,'''Shaw Isl''',0,30500,0,'''Shaw Isl''',0,28500,0,'''Shaw Isl''',0,21000,0,'''Shaw Isl''',0,10500,0,'''Shaw Isl''',0,43000,0,'''Shaw Isl''',0
'20240907',151809,65500,0,'''Shaw Isl''',0,8000,0,'''Shaw Isl''',0,10500,0,'''Shaw Isl''',0,7500,0,'''Shaw Isl''',0,30500,0,'''Shaw Isl''',0,28500,0,'''Shaw Isl''',0,21000,0,'''Shaw Isl''',0,10500,0,'''Shaw Isl''',0,43000,0,'''Shaw Isl''',0
'20240908',151809,65500,0,'''Shaw Isl''',0,8000,0,'''Shaw Isl''',0,10500,0,'''Shaw Isl''',0,7500,0,'''Shaw Isl''',0,30500,0,'''Shaw Isl''',0,49500,0,'''Shaw Isl''',0,10500,0,'''Shaw Isl''',0,43000,0,'''Shaw Isl''',0
'20240909',151809,65500,0,'''Shaw Isl''',0,8000,0,'''Shaw Isl''',0,10500,0,'''Shaw Isl''',0,7500,0,'''Shaw Isl''',0,30500,0,'''Shaw Isl''',0,28500,0,'''Shaw Isl''',0,21000,0,'''Shaw Isl''',0,10500,0,'''Shaw Isl''',0,43000,0,'''Shaw Isl''',0
'20240910',151809,65500,0,'''Shaw Isl''',0,8000,0,'''Shaw Isl''',0,10500,0,'''Shaw Isl''',0,7500,0,'''Shaw Isl''',0,30500,0,'''Shaw Isl''',0,28500,0,'''Shaw Isl''',0,21000,0,'''Shaw Isl''',0,10500,0,'''Shaw Isl''',0,43000,0,'''Shaw Isl''',0
'20240911',151809,65500,0,'''Shaw Isl''',0,8000,0,'''Shaw Isl''',0,10500,0,'''Shaw Isl''',0,7500,0,'''Shaw Isl''',0,30500,0,'''Shaw Isl''',0,28500,0,'''Shaw Isl''',0,21000,0,'''Shaw Isl''',0,10500,0,'''Shaw Isl''',0,43000,0,'''Shaw Isl''',0
'20240912',151809,65500,0,'''Shaw Isl''',0,8000,0,'''Shaw Isl''',0,10500,0,'''Shaw Isl''',0,7500,0,'''Shaw Isl''',0,30500,0,'''Shaw Isl''',0,28500,0,'''Shaw Isl''',0,21000,0,'''Shaw Isl''',0,10500,0,'''Shaw Isl''',0,43000,0,'''Shaw Isl''',0
'20240913',151809,65500,0,'''Shaw Isl''',0,8000,0,'''Shaw Isl''',0,10500,0,'''Shaw Isl''',0,7500,0,'''Shaw Isl''',0,30500,0,'''Shaw Isl''',0,28500,0,'''Shaw Isl''',0,21000,0,'''Shaw Isl''',0,10500,0,'''Shaw Isl''',0,43000,0,'''Shaw Isl''',0
'20240914',151809,65500,0,'''Shaw Isl''',0,8000,0,'''Shaw Isl''',0,10500,0,'''Shaw Isl''',0,7500,0,'''Shaw Isl''',0,30500,0,'''Shaw Isl''',0,28500,0,'''Shaw Isl''',0,21000,0,'''Shaw Isl''',0,10500,0,'''Shaw Isl''',0,43000,0,'''Shaw Isl''',0
'20240915',151809,65500,0,'''Shaw Isl''',0,8000,0,'''Shaw Isl''',0,10500,0,'''Shaw Isl''',0,7500,0,'''Shaw Isl''',0,30500,0,'''Shaw Isl''',0,49500,0,'''Shaw Isl''',0,10500,0,'''Shaw Isl''',0,43000,0,'''Shaw Isl''',0
'20240723',181509,71000,4,'',0,33000,4,'',0,10500,4,'',0,9500,4,'',0,38500,4,'',0,2500,4,'',0,29000,4,'',0,9000,4,'',0,19000,4,'',0
'20240724',181509,71000,4,'',0,33000,4,'',0,10500,4,'',0,9500,4,'',0,38500,4,'',0,2500,4,'',0,29000,4,'',0,9000,4,'',0,19000,4,'',0
'20240725',181509,71000,4,'',0,33000,4,'',0,10500,4,'',0,9500,4,'',0,38500,4,'',0,2500,4,'',0,29000,4,'',0,9000,4,'',0,29000,4,'',0
'20240726',181509,71000,4,'',0,33000,4,'',0,10500,4,'',0,9500,4,'',0,38500,4,'',0,2500,4,'',0,29000,4,'',0,9000,4,'',0,29000,4,'',0
'20240727',181509,71000,4,'',0,33000,4,'',0,10500,4,'',0,9500,4,'',0,38500,4,'',0,2500,4,'',0,29000,4,'',0,9000,4,'',0,29000,4,'',0
'20240728',181509,71000,4,'',0,33000,4,'',0,10500,4,'',0,9500,4,'',0,41000,4,'',0,29000,4,'',0,9000,4,'',0,29000,4,'',0
'20240729',181509,71000,4,'',0,33000,4,'',0,10500,4,'',0,9500,4,'',0,38500,4,'',0,2500,4,'',0,29000,4,'',0,9000,4,'',0,29000,4,'',0
'20240730',181509,71000,4,'',0,33000,4,'',0,10500,4,'',0,9500,4,'',0,38500,4,'',0,2500,4,'',0,29000,4,'',0,9000,4,'',0,19000,4,'',0
'20240731',181509,71000,4,'',0,33000,4,'',0,10500,4,'',0,9500,4,'',0,38500,4,'',0,2500,4,'',0,29000,4,'',0,9000,4,'',0,19000,4,'',0
'20240801',181509,71000,4,'',0,33000,4,'',0,10500,4,'',0,9500,4,'',0,38500,4,'',0,2500,4,'',0,29000,4,'',0,9000,4,'',0,29000,4,'',0
'20240802',181509,71000,4,'',0,33000,4,'',0,10500,4,'',0,9500,4,'',0,38500,4,'',0,2500,4,'',0,29000,4,'',0,9000,4,'',0,29000,4,'',0
'20240803',181509,71000,4,'',0,33000,4,'',0,10500,4,'',0,9500,4,'',0,38500,4,'',0,2500,4,'',0,29000,4,'',0,9000,4,'',0,29000,4,'',0
'20240804',181509,71000,4,'',0,33000,4,'',0,10500,4,'',0,9500,4,'',0,41000,4,'',0,29000,4,'',0,9000,4,'',0,29000,4,'',0
'20240805',181509,71000,4,'',0,33000,4,'',0,10500,4,'',0,9500,4,'',0,38500,4,'',0,2500,4,'',0,29000,4,'',0,9000,4,'',0,29000,4,'',0
'20240806',181509,71000,4,'',0,33000,4,'',0,10500,4,'',0,9500,4,'',0,38500,4,'',0,2500,4,'',0,29000,4,'',0,9000,4,'',0,19000,4,'',0
'20240807',181509,71000,4,'',0,33000,4,'',0,10500,4,'',0,9500,4,'',0,38500,4,'',0,2500,4,'',0,29000,4,'',0,9000,4,'',0,19000,4,'',0
'20240808',181509,71000,4,'',0,33000,4,'',0,10500,4,'',0,9500,4,'',0,38500,4,'',0,2500,4,'',0,29000,4,'',0,9000,4,'',0,29000,4,'',0
'20240809',181509,71000,4,'',0,33000,4,'',0,10500,4,'',0,9500,4,'',0,38500,4,'',0,2500,4,'',0,29000,4,'',0,9000,4,'',0,29000,4,'',0
'20240810',181509,71000,4,'',0,33000,4,'',0,10500,4,'',0,9500,4,'',0,38500,4,'',0,2500,4,'',0,29000,4,'',0,9000,4,'',0,29000,4,'',0
'20240811',181509,71000,4,'',0,33000,4,'',0,10500,4,'',0,9500,4,'',0,41000,4,'',0,29000,4,'',0,9000,4,'',0,29000,4,'',0
'20240812',181509,71000,4,'',0,33000,4,'',0,10500,4,'',0,9500,4,'',0,38500,4,'',0,2500,4,'',0,29000,4,'',0,9000,4,'',0,29000,4,'',0
'20240813',181509,71000,4,'',0,33000,4,'',0,10500,4,'',0,9500,4,'',0,38500,4,'',0,2500,4,'',0,29000,4,'',0,9000,4,'',0,19000,4,'',0
'20240814',181509,71000,4,'',0,33000,4,'',0,10500,4,'',0,9500,4,'',0,38500,4,'',0,2500,4,'',0,29000,4,'',0,9000,4,'',0,19000,4,'',0
'20240815',181509,71000,4,'',0,33000,4,'',0,10500,4,'',0,9500,4,'',0,38500,4,'',0,2500,4,'',0,29000,4,'',0,9000,4,'',0,29000,4,'',0
'20240816',181509,71000,4,'',0,33000,4,'',0,10500,4,'',0,9500,4,'',0,38500,4,'',0,2500,4,'',0,29000,4,'',0,9000,4,'',0,29000,4,'',0
'20240817',181509,71000,4,'',0,33000,4,'',0,10500,4,'',0,9500,4,'',0,38500,4,'',0,2500,4,'',0,29000,4,'',0,9000,4,'',0,29000,4,'',0
'20240818',181509,71000,4,'',0,33000,4,'',0,10500,4,'',0,9500,4,'',0,41000,4,'',0,29000,4,'',0,9000,4,'',0,29000,4,'',0
'20240819',181509,71000,4,'',0,33000,4,'',0,10500,4,'',0,9500,4,'',0,38500,4,'',0,2500,4,'',0,29000,4,'',0,9000,4,'',0,29000,4,'',0
'20240820',181509,71000,4,'',0,33000,4,'',0,10500,4,'',0,9500,4,'',0,38500,4,'',0,2500,4,'',0,29000,4,'',0,9000,4,'',0,19000,4,'',0
'20240821',181509,71000,4,'',0,33000,4,'',0,10500,4,'',0,9500,4,'',0,38500,4,'',0,2500,4,'',0,29000,4,'',0,9000,4,'',0,19000,4,'',0
'20240822',181509,71000,4,'',0,33000,4,'',0,10500,4,'',0,9500,4,'',0,38500,4,'',0,2500,4,'',0,29000,4,'',0,9000,4,'',0,29000,4,'',0
'20240823',181509,71000,4,'',0,33000,4,'',0,10500,4,'',0,9500,4,'',0,38500,4,'',0,2500,4,'',0,29000,4,'',0,9000,4,'',0,29000,4,'',0
'20240824',181509,71000,4,'',0,33000,4,'',0,10500,4,'',0,9500,4,'',0,38500,4,'',0,2500,4,'',0,29000,4,'',0,9000,4,'',0,29000,4,'',0
'20240825',181509,71000,4,'',0,33000,4,'',0,10500,4,'',0,9500,4,'',0,41000,4,'',0,29000,4,'',0,9000,4,'',0,29000,4,'',0
'20240826',181509,71000,4,'',0,33000,4,'',0,10500,4,'',0,9500,4,'',0,38500,4,'',0,2500,4,'',0,29000,4,'',0,9000,4,'',0,29000,4,'',0
'20240827',181509,71000,4,'',0,33000,4,'',0,10500,4,'',0,9500,4,'',0,38500,4,'',0,2500,4,'',0,29000,4,'',0,9000,4,'',0,19000,4,'',0
'20240828',181509,71000,4,'',0,33000,4,'',0,10500,4,'',0,9500,4,'',0,38500,4,'',0,2500,4,'',0,29000,4,'',0,9000,4,'',0,19000,4,'',0
'20240829',181509,71000,4,'',0,33000,4,'',0,10500,4,'',0,9500,4,'',0,38500,4,'',0,2500,4,'',0,29000,4,'',0,9000,4,'',0,29000,4,'',0
'20240830',181509,71000,4,'',0,33000,4,'',0,10500,4,'',0,9500,4,'',0,38500,4,'',0,2500,4,'',0,29000,4,'',0,9000,4,'',0,29000,4,'',0
'20240831',181509,71000,4,'',0,33000,4,'',0,10500,4,'',0,9500,4,'',0,38500,4,'',0,2500,4,'',0,29000,4,'',0,9000,4,'',0,29000,4,'',0
'20240901',181509,71000,4,'',0,33000,4,'',0,10500,4,'',0,9500,4,'',0,41000,4,'',0,29000,4,'',0,9000,4,'',0,29000,4,'',0
'20240902',181509,71000,4,'',0,33000,4,'',0,10500,4,'',0,9500,4,'',0,41000,4,'',0,29000,4,'',0,9000,4,'',0,29000,4,'',0
'20240903',181509,71000,4,'',0,33000,4,'',0,10500,4,'',0,9500,4,'',0,38500,4,'',0,2500,4,'',0,29000,4,'',0,9000,4,'',0,19000,4,'',0
'20240904',181509,71000,4,'',0,33000,4,'',0,10500,4,'',0,9500,4,'',0,38500,4,'',0,2500,4,'',0,29000,4,'',0,9000,4,'',0,19000,4,'',0
'20240905',181509,71000,4,'',0,33000,4,'',0,10500,4,'',0,9500,4,'',0,38500,4,'',0,2500,4,'',0,29000,4,'',0,9000,4,'',0,29000,4,'',0
'20240906',181509,71000,4,'',0,33000,4,'',0,10500,4,'',0,9500,4,'',0,38500,4,'',0,2500,4,'',0,29000,4,'',0,9000,4,'',0,29000,4,'',0
'20240907',181509,71000,4,'',0,33000,4,'',0,10500,4,'',0,9500,4,'',0,38500,4,'',0,2500,4,'',0,29000,4,'',0,9000,4,'',0,29000,4,'',0
'20240908',181509,71000,4,'',0,33000,4,'',0,10500,4,'',0,9500,4,'',0,41000,4,'',0,29000,4,'',0,9000,4,'',0,29000,4,'',0
'20240909',181509,71000,4,'',0,33000,4,'',0,10500,4,'',0,9500,4,'',0,38500,4,'',0,2500,4,'',0,29000,4,'',0,9000,4,'',0,29000,4,'',0
'20240910',181509,71000,4,'',0,33000,4,'',0,10500,4,'',0,9500,4,'',0,38500,4,'',0,2500,4,'',0,29000,4,'',0,9000,4,'',0,19000,4,'',0
'20240911',181509,71000,4,'',0,33000,4,'',0,10500,4,'',0,9500,4,'',0,38500,4,'',0,2500,4,'',0,29000,4,'',0,9000,4,'',0,19000,4,'',0
'20240912',181509,71000,4,'',0,33000,4,'',0,10500,4,'',0,9500,4,'',0,38500,4,'',0,2500,4,'',0,29000,4,'',0,9000,4,'',0,29000,4,'',0
'20240913',181509,71000,4,'',0,33000,4,'',0,10500,4,'',0,9500,4,'',0,38500,4,'',0,2500,4,'',0,29000,4,'',0,9000,4,'',0,29000,4,'',0
'20240914',181509,71000,4,'',0,33000,4,'',0,10500,4,'',0,9500,4,'',0,38500,4,'',0,2500,4,'',0,29000,4,'',0,9000,4,'',0,29000,4,'',0
'20240915',181509,71000,4,'',0,33000,4,'',0,10500,4,'',0,9500,4,'',0,41000,4,'',0,29000,4,'',0,9000,4,'',0,29000,4,'',0
